generation	size_of_nonrec_region
0	0
25	0
50	0
75	0
100	0
125	0
150	0
175	0
200	0
225	0
250	0
275	0
300	0
325	0
350	0
375	0
400	0
425	0
450	0
475	0
500	0
525	0
550	0
575	0
600	0
625	0
650	0
675	0
700	0
725	0
750	0
775	0
800	0
825	0
850	0
875	0
900	0
925	0
950	0
975	0
1000	0
1025	0
1050	0
1075	0
1100	0
1125	0
1150	1000
1175	1000
1200	1000
1225	1000
1250	1000
1275	1000
1300	1000
1325	1000
1350	1000
1375	1000
1400	1000
1425	1000
1450	1000
1475	1000
1500	1000
1525	1000
1550	1000
1575	1000
1600	1000
1625	1000
1650	1000
1675	1000
1700	1414
1725	1414
1750	1414
1775	1414
1800	1414
1825	1414
1850	1414
1875	1414
1900	1414
1925	1414
1950	1414
1975	1414
2000	1414
2025	1414
2050	1414
2075	1414
2100	1414
2125	1414
2150	1414
2175	1414
2200	1414
2225	1414
2250	1414
2275	1414
2300	1414
2325	1414
2350	1414
2375	1414
2400	1414
2425	1414
2450	1414
2475	1414
2500	1414
2525	1414
2550	1414
2575	1414
2600	1414
2625	1414
2650	1414
2675	1414
2700	1414
2725	1414
2750	1414
2775	1414
2800	1414
2825	1414
2850	1414
2875	1414
2900	1414
2925	1414
2950	1414
2975	1414
3000	1414
3025	1414
3050	1414
3075	1414
3100	1414
3125	1414
3150	1414
3175	1414
3200	1414
3225	1414
3250	1414
3275	1414
3300	1414
3325	1414
3350	1414
3375	1414
3400	1414
3425	1414
3450	1414
3475	1414
3500	1414
3525	1414
3550	1414
3575	1414
3600	1414
3625	1414
3650	1414
3675	1414
3700	1414
3725	1414
3750	1414
3775	1414
3800	1414
3825	1414
3850	1414
3875	1414
3900	1414
3925	1414
3950	1414
3975	1414
4000	1414
4025	1414
4050	1414
4075	1414
4100	1414
4125	1414
4150	1414
4175	1414
4200	1414
4225	1414
4250	1414
4275	1414
4300	1414
4325	1414
4350	1414
4375	1414
4400	1414
4425	1414
4450	1414
4475	1414
4500	1414
4525	1414
4550	1414
4575	1414
4600	1414
4625	1414
4650	1414
4675	1414
4700	1414
4725	1414
4750	1414
4775	1414
4800	1808
4825	1808
4850	1808
4875	1808
4900	1808
4925	1808
4950	1808
4975	1808
5000	1808
5025	1808
5050	1808
5075	1808
5100	1808
5125	1808
5150	1808
5175	1808
5200	1808
5225	1808
5250	1808
5275	1808
5300	1808
5325	1808
5350	1808
5375	1808
5400	1808
5425	1808
5450	1808
5475	1808
5500	1808
5525	1808
5550	1808
5575	1808
5600	1808
5625	1808
5650	1808
5675	1808
5700	1808
5725	1808
5750	1808
5775	1808
5800	1808
5825	1808
5850	1808
5875	1808
5900	1808
5925	1808
5950	1808
5975	1808
6000	1808
6025	1808
6050	1808
6075	1808
6100	1808
6125	1808
6150	1808
6175	1808
6200	1808
6225	1808
6250	1808
6275	1808
6300	1808
6325	1808
6350	1808
6375	1808
6400	1808
6425	1808
6450	1808
6475	1808
6500	1808
6525	1808
6550	1808
6575	1808
6600	1808
6625	1808
6650	1808
6675	1808
6700	1808
6725	1808
6750	1808
6775	1808
6800	1808
6825	1808
6850	1808
6875	1808
6900	1808
6925	1808
6950	1808
6975	1808
7000	1808
7025	1808
7050	1808
7075	1808
7100	1808
7125	1808
7150	1808
7175	1808
7200	1808
7225	1808
7250	1808
7275	1808
7300	1808
7325	1808
7350	1808
7375	1808
7400	1808
7425	1808
7450	1808
7475	1808
7500	1808
7525	1808
7550	1808
7575	1808
7600	1808
7625	1808
7650	1808
7675	1808
7700	1808
7725	1808
7750	1808
7775	1808
7800	1808
7825	1808
7850	1808
7875	1808
7900	1808
7925	1808
7950	1808
7975	1808
8000	1808
8025	1808
8050	1808
8075	1808
8100	1808
8125	1808
8150	1808
8175	1808
8200	1808
8225	1808
8250	1808
8275	1808
8300	1808
8325	1808
8350	1808
8375	1808
8400	1808
8425	1808
8450	1808
8475	1808
8500	1808
8525	1808
8550	1808
8575	1808
8600	1808
8625	1808
8650	1808
8675	1808
8700	1808
8725	1808
8750	1808
8775	1808
8800	1808
8825	1808
8850	1808
8875	1808
8900	1808
8925	1808
8950	1808
8975	1808
9000	1808
9025	1808
9050	1808
9075	1808
9100	1808
9125	1808
9150	1808
9175	1808
9200	1808
9225	1808
9250	1808
9275	1808
9300	3174
9325	3174
9350	3174
9375	3174
9400	3174
9425	3174
9450	3174
9475	3174
9500	3174
9525	3174
9550	3174
9575	3174
9600	3174
9625	3174
9650	3174
9675	3174
9700	3174
9725	3174
9750	3174
9775	3174
9800	3174
9825	3174
9850	3174
9875	3174
9900	3174
9925	3174
9950	3174
9975	3174
10000	3174
