	site
generation	50	100	150	200	250	300	350	400	450	500	550	600	650	700	750	800	850	900	950
0	1.0000000000000003e-05	1.0000000000000003e-05	1.0000000000000003e-05	1.0000000000000003e-05	1.0000000000000003e-05	1.0000000000000003e-05	1.0000000000000003e-05	1.0000000000000003e-05	1.0000000000000003e-05	1.0000000000000003e-05	1.0000000000000003e-05	1.0000000000000003e-05	1.0000000000000003e-05	1.0000000000000003e-05	1.0000000000000003e-05	1.0000000000000003e-05	1.0000000000000003e-05	1.0000000000000003e-05	1.0000000000000003e-05
100	9.999251152073736e-06	9.987903225806459e-06	9.975000000000004e-06	9.986290322580649e-06	9.999942396313369e-06	1.0000000000000004e-05	1.0000000000000004e-05	1.0000000000000004e-05	1.0000000000000004e-05	1.0000000000000004e-05	1.0000000000000004e-05	1.0000000000000004e-05	1.0000000000000004e-05	1.0000000000000004e-05	1.0000000000000004e-05	1.0000000000000004e-05	9.995852534562216e-06	9.980299539170509e-06	9.970046082949313e-06
200	9.993548387096777e-06	9.98940092165899e-06	9.989861751152078e-06	9.996889400921664e-06	1.0000000000000004e-05	1.0000000000000004e-05	1.0000000000000004e-05	1.0000000000000004e-05	1.0000000000000004e-05	1.0000000000000004e-05	1.0000000000000004e-05	1.0000000000000004e-05	1.0000000000000004e-05	9.9991935483871e-06	9.994354838709681e-06	9.994124423963137e-06	9.989746543778807e-06	9.987327188940096e-06	9.996543778801846e-06
300	9.983928571428578e-06	9.954831932773117e-06	9.969012605042026e-06	9.998109243697487e-06	1.000000000000001e-05	1.000000000000001e-05	1.000000000000001e-05	9.994905462184881e-06	9.989023109243706e-06	9.993329831932781e-06	9.999212184873958e-06	1.000000000000001e-05	9.987920168067237e-06	9.96533613445379e-06	9.976785714285723e-06	9.999369747899169e-06	1.000000000000001e-05	1.000000000000001e-05	1.000000000000001e-05
400	9.966964285714292e-06	9.903333333333337e-06	9.92244047619048e-06	9.915892857142859e-06	9.907261904761908e-06	9.97744047619048e-06	1.0000000000000003e-05	1.0000000000000003e-05	1.0000000000000003e-05	9.999166666666667e-06	9.991845238095244e-06	9.987500000000006e-06	9.994821428571431e-06	1.0000000000000003e-05	9.99922619047619e-06	9.996666666666669e-06	9.997440476190479e-06	1.0000000000000003e-05	1.0000000000000003e-05
500	9.911250000000003e-06	9.88952380952381e-06	9.918869047619052e-06	9.91357142857143e-06	9.910654761904766e-06	9.98232142857143e-06	1.0000000000000003e-05	1.0000000000000003e-05	1.0000000000000003e-05	9.99380952380953e-06	9.928095238095241e-06	9.906190476190479e-06	9.971904761904763e-06	1.0000000000000003e-05	9.997500000000002e-06	9.996666666666669e-06	9.999166666666669e-06	1.0000000000000003e-05	1.0000000000000003e-05
600	1.0000000000000003e-05	1.0000000000000003e-05	1.0000000000000003e-05	1.0000000000000003e-05	1.0000000000000003e-05	1.0000000000000003e-05	1.0000000000000003e-05	1.0000000000000003e-05	9.990886699507394e-06	9.985591133004927e-06	9.982389162561578e-06	9.979926108374386e-06	9.992241379310345e-06	1.0000000000000003e-05	1.0000000000000003e-05	1.0000000000000003e-05	1.0000000000000003e-05	1.0000000000000003e-05	1.0000000000000003e-05
700	4.915952380952381e-06	6.289107142857144e-06	9.028214285714289e-06	9.805773809523812e-06	9.888630952380953e-06	9.892380952380955e-06	9.771190476190478e-06	9.804404761904765e-06	9.952559523809528e-06	9.985000000000005e-06	9.883690476190475e-06	9.816428571428573e-06	9.897738095238097e-06	9.906547619047625e-06	9.912976190476191e-06	9.915059523809529e-06	9.905595238095239e-06	9.957797619047622e-06	9.936190476190474e-06
800	5.038744588744588e-06	6.5445346320346335e-06	9.178463203463207e-06	9.784686147186152e-06	9.884090909090914e-06	9.887824675324679e-06	9.648484848484855e-06	9.645616883116888e-06	9.913203463203467e-06	9.991233766233772e-06	9.892965367965374e-06	9.811255411255415e-06	9.907034632034635e-06	9.997510822510826e-06	1.0000000000000004e-05	1.0000000000000004e-05	1.0000000000000004e-05	1.0000000000000004e-05	1.0000000000000004e-05
900	9.948158482142862e-06	9.945870535714294e-06	9.923214285714295e-06	9.886774553571434e-06	9.885825892857146e-06	9.661941964285721e-06	9.353738839285717e-06	9.593080357142862e-06	9.951618303571434e-06	9.991741071428577e-06	9.896428571428576e-06	9.828906250000006e-06	9.903515625000003e-06	9.924665178571433e-06	9.930636160714291e-06	9.924720982142862e-06	9.867299107142861e-06	9.896484375000006e-06	9.937946428571433e-06
1000	9.464631336405532e-06	9.076152073732726e-06	9.244585253456224e-06	9.520276497695855e-06	9.593548387096774e-06	9.694124423963134e-06	9.685771889400926e-06	9.786405529953921e-06	9.947292626728114e-06	9.988479262672817e-06	9.889746543778805e-06	9.815034562211986e-06	9.888306451612907e-06	9.905933179723506e-06	9.917741935483875e-06	9.917453917050699e-06	9.840783410138255e-06	9.861002304147468e-06	9.911002304147467e-06
1100	9.483314732142861e-06	9.173716517857147e-06	9.426897321428573e-06	9.767801339285718e-06	9.780301339285718e-06	9.696149553571433e-06	9.517578125000001e-06	9.65920758928572e-06	9.949274553571434e-06	9.986049107142862e-06	8.67126116071429e-06	7.56484375e-06	8.85474330357143e-06	9.906082589285718e-06	9.920870535714288e-06	9.989899553571433e-06	1.0000000000000004e-05	1.0000000000000004e-05	1.0000000000000004e-05
1200	9.31534598214286e-06	8.702343750000003e-06	9.145145089285717e-06	9.787444196428574e-06	9.80485491071429e-06	8.89458705357143e-06	6.005189732142859e-06	6.609654017857144e-06	9.595145089285718e-06	9.983593750000005e-06	8.395312500000002e-06	7.4180245535714325e-06	8.983147321428575e-06	9.91456473214286e-06	9.924553571428575e-06	9.922879464285716e-06	9.872321428571432e-06	9.865290178571431e-06	9.831361607142865e-06
1300	8.301406926406929e-06	5.08008658008658e-06	6.3902597402597415e-06	9.634794372294377e-06	9.802543290043291e-06	8.668668831168835e-06	5.470833333333335e-06	6.290151515151519e-06	9.58149350649351e-06	9.987337662337667e-06	8.450432900432905e-06	7.145238095238096e-06	8.640638528138533e-06	9.820833333333338e-06	9.827759740259744e-06	9.896915584415589e-06	9.842694805194809e-06	9.817316017316019e-06	9.781655844155847e-06
1400	7.703095238095238e-06	4.540654761904763e-06	6.130357142857142e-06	8.943035714285711e-06	9.036369047619048e-06	5.235595238095239e-06	1.6575000000000002e-06	5.433333333333336e-06	9.49732142857143e-06	9.986428571428572e-06	8.312738095238096e-06	6.886190476190477e-06	8.510000000000002e-06	9.687738095238099e-06	9.647261904761908e-06	9.48696428571429e-06	8.97184523809524e-06	9.279464285714287e-06	9.77482142857143e-06
1500	7.656309523809526e-06	4.678809523809524e-06	5.550119047619049e-06	7.190357142857143e-06	7.535892857142858e-06	4.474761904761905e-06	1.2603571428571425e-06	5.253333333333335e-06	9.460892857142859e-06	9.9277380952381e-06	8.202500000000005e-06	6.4552380952380995e-06	8.081190476190477e-06	9.751011904761909e-06	9.834761904761908e-06	9.917261904761911e-06	9.863214285714288e-06	9.877380952380954e-06	9.905059523809524e-06
1600	7.61774193548387e-06	4.332085253456222e-06	4.888824884792628e-06	6.902016129032259e-06	7.963824884792626e-06	5.527534562211981e-06	2.1119239631336405e-06	5.381048387096776e-06	9.361923963133643e-06	9.826785714285716e-06	8.401843317972349e-06	7.245852534562215e-06	8.64418202764977e-06	9.782718894009223e-06	9.845794930875579e-06	9.964516129032262e-06	9.981682027649773e-06	9.996313364055303e-06	1.0000000000000004e-05
1700	9.877120535714294e-06	9.634654017857145e-06	8.088950892857143e-06	7.194084821428572e-06	8.16255580357143e-06	5.049832589285713e-06	1.123158482142857e-06	4.423214285714287e-06	8.971930803571431e-06	9.822767857142858e-06	8.101729910714287e-06	6.653348214285714e-06	8.338504464285715e-06	9.75675223214286e-06	9.837834821428575e-06	9.972042410714293e-06	9.987723214285718e-06	9.993973214285721e-06	9.994419642857149e-06
1800	7.892965367965373e-06	4.481385281385283e-06	4.282142857142857e-06	6.937229437229437e-06	7.669751082251085e-06	4.40487012987013e-06	1.1922619047619047e-06	4.382900432900435e-06	8.803733766233768e-06	9.821969696969699e-06	8.325054112554113e-06	6.589285714285713e-06	8.050432900432904e-06	9.773106060606064e-06	9.798051948051954e-06	9.880898268398273e-06	9.921861471861478e-06	9.954058441558448e-06	9.929599567099574e-06
1900	7.326004464285717e-06	4.778962053571431e-06	6.676004464285718e-06	9.812834821428576e-06	9.324944196428577e-06	5.260546875000001e-06	1.273325892857143e-06	4.395647321428572e-06	8.957924107142858e-06	9.189453125000002e-06	5.473939732142857e-06	4.727008928571429e-06	8.413560267857143e-06	9.757087053571432e-06	9.767968750000005e-06	9.890178571428576e-06	9.975837053571432e-06	1.0000000000000004e-05	1.0000000000000004e-05
2000	7.536160714285718e-06	4.346316964285715e-06	6.561941964285717e-06	9.885825892857146e-06	9.253850446428574e-06	4.908705357142859e-06	7.7890625e-07	3.832198660714286e-06	8.580078125e-06	9.850055803571432e-06	8.036774553571431e-06	6.566015625000001e-06	8.475390625000004e-06	9.998604910714289e-06	1.0000000000000004e-05	1.0000000000000004e-05	1.0000000000000004e-05	9.997321428571435e-06	9.994531250000008e-06
2100	7.612229437229439e-06	4.427326839826841e-06	6.579653679653681e-06	9.209632034632038e-06	8.754220779220782e-06	5.152759740259744e-06	1.643777056277056e-06	5.2035714285714285e-06	7.15340909090909e-06	7.112878787878789e-06	7.663636363636366e-06	6.944859307359309e-06	8.501569264069267e-06	9.840476190476195e-06	9.936904761904768e-06	9.993019480519485e-06	9.99042207792208e-06	9.990800865800869e-06	9.996212121212126e-06
2200	8.171547619047622e-06	5.223928571428572e-06	6.795238095238098e-06	9.487797619047622e-06	9.176428571428574e-06	5.528690476190477e-06	2.62547619047619e-06	6.078035714285714e-06	7.3319642857142845e-06	7.1116071428571445e-06	7.585e-06	6.670000000000001e-06	8.269642857142858e-06	9.839285714285718e-06	9.935e-06	9.990357142857147e-06	9.988809523809526e-06	9.991190476190479e-06	9.997142857142861e-06
2300	9.832575757575763e-06	9.932846320346326e-06	9.997186147186152e-06	9.957359307359312e-06	9.685930735930741e-06	5.645670995670997e-06	2.1444805194805194e-06	5.087121212121212e-06	6.846536796536796e-06	7.435173160173162e-06	7.848971861471862e-06	6.7892316017316034e-06	8.293831168831171e-06	9.752867965367969e-06	9.71471861471862e-06	9.068722943722948e-06	8.22943722943723e-06	8.969913419913425e-06	9.942424242424245e-06
2400	9.886330049261084e-06	9.96317733990148e-06	9.997783251231529e-06	9.880911330049263e-06	9.015394088669954e-06	6.1565270935960615e-06	4.6697044334975385e-06	7.304802955665028e-06	8.415517241379312e-06	8.293165024630546e-06	7.602093596059115e-06	4.420258620689655e-06	6.167179802955664e-06	9.664039408866996e-06	9.630788177339903e-06	8.970443349753698e-06	8.687192118226604e-06	9.414224137931036e-06	9.88472906403941e-06
2500	9.886471861471867e-06	9.497727272727278e-06	9.298160173160178e-06	9.125270562770567e-06	8.807196969696976e-06	8.97602813852814e-06	9.555248917748924e-06	9.807251082251088e-06	8.500703463203467e-06	7.977435064935067e-06	7.37007575757576e-06	4.425919913419913e-06	6.188474025974027e-06	9.73295454545455e-06	9.888582251082258e-06	9.831385281385288e-06	9.80692640692641e-06	9.931439393939399e-06	9.941341991341994e-06
2600	9.869009216589863e-06	9.923156682027654e-06	9.987096774193552e-06	9.976900921658992e-06	9.909677419354841e-06	9.913421658986178e-06	9.979147465437792e-06	8.217626728110602e-06	5.226324884792629e-06	6.655817972350234e-06	7.75812211981567e-06	4.496428571428571e-06	6.133582949308758e-06	9.673271889400924e-06	9.906451612903232e-06	9.84216589861752e-06	9.81296082949309e-06	9.932834101382492e-06	9.942684331797242e-06
2700	9.867569124423965e-06	9.925460829493091e-06	9.99164746543779e-06	9.986981566820282e-06	9.907891705069128e-06	9.835368663594474e-06	9.858179723502307e-06	7.552534562211983e-06	4.450288018433179e-06	6.4222350230414764e-06	7.888824884792626e-06	4.514976958525347e-06	5.841129032258067e-06	9.554953917050695e-06	9.89873271889401e-06	9.843087557603692e-06	9.783640552995395e-06	9.853513824884796e-06	9.897523041474658e-06
2800	9.869166666666667e-06	9.925416666666668e-06	9.990773809523813e-06	9.963809523809526e-06	9.815059523809526e-06	9.757916666666669e-06	9.80261904761905e-06	6.558154761904763e-06	3.6525595238095244e-06	6.662976190476191e-06	7.691190476190477e-06	4.811190476190476e-06	6.518452380952382e-06	9.647916666666666e-06	9.908630952380956e-06	9.754702380952384e-06	9.621428571428574e-06	9.850000000000004e-06	9.996726190476192e-06
2900	9.86939655172414e-06	9.920012315270936e-06	9.989039408866997e-06	9.959113300492615e-06	9.816317733990152e-06	9.765209359605914e-06	9.817487684729068e-06	6.668780788177341e-06	3.1365763546798025e-06	5.96243842364532e-06	7.6080665024630575e-06	4.482635467980296e-06	6.1204433497536945e-06	9.585714285714288e-06	9.915024630541873e-06	9.986453201970447e-06	9.996428571428573e-06	1.0000000000000003e-05	1.0000000000000003e-05
3000	9.872935267857145e-06	9.924274553571432e-06	9.98995535714286e-06	9.964899553571436e-06	9.81422991071429e-06	9.755022321428576e-06	9.768917410714291e-06	6.386216517857145e-06	3.5633370535714295e-06	6.721651785714286e-06	9.678515625000004e-06	9.997209821428574e-06	1.0000000000000004e-05	1.0000000000000004e-05	1.0000000000000004e-05	1.0000000000000004e-05	1.0000000000000004e-05	9.998772321428578e-06	9.99319196428572e-06
3100	1.0000000000000004e-05	9.998493303571433e-06	9.988058035714292e-06	9.989006696428575e-06	9.997154017857148e-06	9.926339285714293e-06	9.872154017857146e-06	6.9580357142857185e-06	4.028069196428571e-06	6.82505580357143e-06	9.811439732142861e-06	9.999944196428575e-06	1.0000000000000004e-05	1.0000000000000004e-05	1.0000000000000004e-05	1.0000000000000004e-05	1.0000000000000004e-05	1.0000000000000004e-05	1.0000000000000004e-05
3200	1.0000000000000003e-05	1.0000000000000003e-05	1.0000000000000003e-05	1.0000000000000003e-05	9.99511904761905e-06	9.924821428571432e-06	9.876488095238096e-06	6.828511904761906e-06	1.913869047619048e-06	2.253571428571429e-06	7.221190476190478e-06	9.99964285714286e-06	9.992380952380957e-06	9.980595238095243e-06	9.916607142857145e-06	9.906190476190479e-06	9.977678571428575e-06	1.0000000000000003e-05	1.0000000000000003e-05
3300	9.999464285714286e-06	9.996666666666669e-06	9.997202380952384e-06	1.0000000000000003e-05	9.990059523809526e-06	9.91916666666667e-06	9.81779761904762e-06	6.360714285714288e-06	1.8288095238095239e-06	3.09047619047619e-06	7.730000000000002e-06	9.996309523809527e-06	9.998571428571431e-06	9.994107142857144e-06	9.992559523809524e-06	9.892559523809529e-06	9.810714285714288e-06	9.913333333333337e-06	9.998154761904763e-06
3400	9.202845982142863e-06	8.023604910714287e-06	7.869419642857146e-06	7.534933035714289e-06	6.887779017857144e-06	7.068191964285712e-06	8.44151785714286e-06	7.641015625000004e-06	4.132756696428572e-06	4.180078125e-06	7.862444196428575e-06	9.97946428571429e-06	9.99391741071429e-06	9.964397321428576e-06	9.849944196428574e-06	8.365904017857147e-06	7.752678571428573e-06	9.236662946428572e-06	9.953515625000006e-06
3500	1.0000000000000003e-05	1.0000000000000003e-05	1.0000000000000003e-05	1.0000000000000003e-05	9.990297619047623e-06	9.915892857142859e-06	9.815357142857148e-06	6.193988095238097e-06	3.274880952380952e-06	6.467380952380952e-06	9.440059523809526e-06	9.942321428571431e-06	9.937202380952384e-06	9.802500000000001e-06	9.44464285714286e-06	5.373511904761904e-06	3.897857142857143e-06	8.02767857142857e-06	9.878333333333332e-06
3600	9.836038961038968e-06	9.476623376623379e-06	9.578896103896109e-06	9.502922077922081e-06	9.085173160173161e-06	9.016125541125545e-06	9.218452380952384e-06	6.20183982683983e-06	3.4851190476190486e-06	6.620129870129871e-06	9.538744588744593e-06	9.938744588744591e-06	9.92408008658009e-06	9.797402597402603e-06	9.464556277056277e-06	5.527272727272729e-06	3.956601731601732e-06	7.953841991341995e-06	9.895833333333336e-06
3700	1.000000000000001e-05	1.000000000000001e-05	1.000000000000001e-05	1.000000000000001e-05	9.991806722689084e-06	9.915283613445386e-06	9.861239495798328e-06	6.501207983193279e-06	3.1497899159663852e-06	6.0273634453781515e-06	9.350997899159669e-06	9.843907563025214e-06	9.866123949579838e-06	9.79810924369748e-06	9.53996848739496e-06	5.5577205882352955e-06	4.064653361344537e-06	8.095640756302526e-06	9.86738445378152e-06
3800	5.357261904761906e-06	1.9800000000000005e-06	9.642857142857142e-09	0.0	0.0	6.380357142857144e-07	4.967261904761906e-06	9.182261904761907e-06	8.655119047619052e-06	8.282619047619048e-06	9.390178571428574e-06	9.800476190476192e-06	9.804642857142859e-06	9.762142857142859e-06	9.598035714285716e-06	5.950654761904762e-06	4.463571428571429e-06	8.190654761904764e-06	9.892321428571433e-06
3900	7.630011520737328e-06	5.921831797235026e-06	5.842511520737328e-06	5.386405529953917e-06	4.537903225806452e-06	4.813940092165898e-06	7.243145161290324e-06	9.511117511520741e-06	9.410138248847928e-06	9.542684331797238e-06	9.956394009216591e-06	9.973963133640559e-06	9.888824884792629e-06	9.82263824884793e-06	9.708179723502308e-06	8.369642857142857e-06	7.3992511520737294e-06	8.699481566820277e-06	9.840668202764983e-06
4000	8.973387096774194e-06	8.536463133640555e-06	9.489573732718898e-06	9.995622119815671e-06	1.0000000000000004e-05	9.966935483870973e-06	9.904550691244244e-06	9.830933179723505e-06	9.747695852534566e-06	9.775576036866363e-06	9.857200460829494e-06	9.925633640552999e-06	9.960771889400924e-06	9.8293202764977e-06	9.517741935483874e-06	5.897868663594472e-06	3.4363479262672813e-06	6.802937788018433e-06	9.558813364055304e-06
4100	4.703125000000002e-06	2.592075892857143e-06	3.959598214285715e-06	3.14296875e-06	1.0245535714285713e-07	1.588560267857143e-06	6.3020089285714315e-06	9.58297991071429e-06	9.588839285714288e-06	9.642020089285716e-06	9.854464285714288e-06	9.923939732142862e-06	9.96657366071429e-06	9.370591517857147e-06	8.995926339285717e-06	5.716908482142858e-06	3.187388392857143e-06	6.760379464285719e-06	9.651116071428578e-06
4200	1.0000000000000004e-05	9.956168831168835e-06	8.022835497835503e-06	3.1104978354978364e-06	4.383116883116883e-08	6.028138528138528e-07	4.912012987012989e-06	7.2774891774891795e-06	6.770833333333332e-06	8.730086580086583e-06	9.862012987012991e-06	9.917207792207798e-06	9.793614718614721e-06	7.044264069264072e-06	6.258333333333332e-06	4.849350649350649e-06	2.565963203463204e-06	6.367640692640694e-06	9.569264069264071e-06
4300	1.0000000000000004e-05	9.970679723502311e-06	8.297695852534565e-06	3.4389976958525347e-06	1.1198156682027648e-07	8.075460829493089e-07	4.951785714285715e-06	7.818145161290325e-06	7.629781105990783e-06	8.869815668202764e-06	9.845794930875577e-06	9.927073732718898e-06	9.582546082949312e-06	5.607718894009216e-06	4.936175115207372e-06	5.3697004608294934e-06	3.3758064516129034e-06	6.462384792626731e-06	9.517453917050696e-06
4400	1.0000000000000004e-05	9.954320276497702e-06	8.214170506912445e-06	3.455357142857141e-06	3.5679723502304135e-07	7.805875576036867e-07	4.893836405529954e-06	7.894815668202766e-06	8.39337557603687e-06	9.702937788018435e-06	9.867165898617513e-06	9.928110599078344e-06	9.152073732718896e-06	5.33554147465438e-06	5.679320276497698e-06	9.499942396313367e-06	9.994873271889405e-06	1.0000000000000004e-05	1.0000000000000004e-05
4500	9.993668831168836e-06	9.930086580086585e-06	8.248538961038964e-06	3.388095238095239e-06	7.597402597402596e-08	6.357683982683983e-07	4.924891774891777e-06	8.004166666666669e-06	8.488257575757575e-06	9.706331168831173e-06	9.86136363636364e-06	9.90275974025974e-06	9.331764069264072e-06	6.142694805194809e-06	6.15443722943723e-06	9.36282467532468e-06	9.991558441558444e-06	9.983441558441564e-06	9.972186147186151e-06
4600	9.990122767857149e-06	9.658761160714291e-06	7.892131696428573e-06	5.125613839285714e-06	3.777120535714287e-06	4.2877790178571426e-06	7.006250000000002e-06	9.556417410714288e-06	9.854910714285717e-06	9.817522321428577e-06	9.828906250000002e-06	9.82354910714286e-06	9.90262276785715e-06	9.909151785714292e-06	9.873493303571432e-06	9.891183035714288e-06	9.927845982142862e-06	9.919977678571432e-06	9.877957589285717e-06
4700	9.977083333333338e-06	9.874880952380955e-06	7.959583333333336e-06	3.3182738095238105e-06	4.201785714285714e-07	1.0895833333333336e-06	5.310178571428573e-06	9.345238095238096e-06	9.851309523809525e-06	9.810119047619049e-06	9.824107142857144e-06	9.82952380952381e-06	9.903571428571431e-06	9.906488095238097e-06	9.888214285714287e-06	9.895714285714288e-06	9.916130952380956e-06	9.863750000000002e-06	9.737380952380954e-06
4800	9.98398617511521e-06	9.883064516129037e-06	7.703456221198158e-06	2.9008064516129033e-06	9.642857142857142e-08	1.0728686635944705e-06	5.335483870967745e-06	9.227246543778806e-06	9.86071428571429e-06	9.81653225806452e-06	9.82626728110599e-06	9.796255760368664e-06	9.808813364055305e-06	9.84124423963134e-06	9.860541474654382e-06	9.88415898617512e-06	9.923502304147469e-06	9.463536866359453e-06	8.896082949308756e-06
4900	9.980714285714289e-06	9.873928571428574e-06	8.021190476190478e-06	3.179404761904763e-06	5.142857142857142e-08	8.463690476190474e-07	5.244702380952382e-06	9.360357142857145e-06	9.84761904761905e-06	9.814940476190479e-06	9.831547619047622e-06	9.79375e-06	9.804107142857145e-06	9.837976190476193e-06	9.87827380952381e-06	9.894226190476194e-06	9.833392857142858e-06	9.189464285714285e-06	8.728988095238095e-06
5000	9.973156682027655e-06	9.867626728110604e-06	8.014861751152075e-06	3.1452764976958536e-06	2.488479262672811e-08	7.206221198156683e-07	5.04660138248848e-06	9.236635944700464e-06	9.804089861751156e-06	9.80956221198157e-06	9.823790322580648e-06	9.806682027649772e-06	9.812672811059905e-06	9.833582949308756e-06	9.882315668202767e-06	9.900864055299542e-06	9.394700460829495e-06	6.459274193548389e-06	3.7167626728110593e-06
5100	9.977922077922081e-06	9.870183982683989e-06	8.183116883116885e-06	3.384361471861473e-06	9.350649350649348e-08	7.167207792207793e-07	4.958549783549785e-06	9.148971861471866e-06	9.795779220779224e-06	9.813852813852818e-06	9.829924242424246e-06	9.798755411255413e-06	9.823430735930738e-06	9.92472943722944e-06	9.95963203463204e-06	9.90416666666667e-06	9.12619047619048e-06	6.288149350649352e-06	4.877813852813853e-06
5200	9.974654377880187e-06	9.86935483870968e-06	7.990841013824886e-06	3.2945276497695834e-06	3.5679723502304135e-07	9.70161290322581e-07	5.109562211981567e-06	9.212730414746545e-06	9.800691244239634e-06	9.818605990783412e-06	9.833467741935486e-06	9.649020737327193e-06	9.641474654377881e-06	9.891417050691247e-06	9.956912442396319e-06	9.892569124423964e-06	9.901900921658989e-06	9.301843317972352e-06	8.521716589861751e-06
5300	1.0000000000000003e-05	1.0000000000000003e-05	1.0000000000000003e-05	1.0000000000000003e-05	1.0000000000000003e-05	9.991607142857147e-06	9.822916666666669e-06	9.704047619047622e-06	9.753809523809528e-06	9.807321428571432e-06	9.827202380952382e-06	9.788154761904764e-06	9.821607142857147e-06	9.906130952380954e-06	9.883452380952382e-06	9.84136904761905e-06	9.919107142857145e-06	9.65684523809524e-06	9.328095238095242e-06
5400	9.996601382488482e-06	9.99948156682028e-06	1.0000000000000004e-05	9.982546082949312e-06	9.907834101382493e-06	9.906163594470049e-06	9.864976958525347e-06	9.773099078341017e-06	9.777131336405532e-06	9.805587557603693e-06	9.825403225806453e-06	9.806970046082954e-06	9.827822580645164e-06	9.913076036866361e-06	9.88168202764977e-06	9.819470046082952e-06	9.915149769585255e-06	9.993087557603692e-06	1.0000000000000004e-05
5500	9.976102941176478e-06	9.98660714285715e-06	9.994432773109256e-06	9.988182773109254e-06	9.912500000000005e-06	9.897216386554627e-06	9.604674369747905e-06	9.473581932773114e-06	9.742909663865548e-06	9.824317226890762e-06	9.829201680672275e-06	9.806565126050425e-06	9.802363445378155e-06	9.81370798319328e-06	9.89007352941177e-06	9.972584033613453e-06	9.308403361344545e-06	7.664128151260508e-06	7.701838235294122e-06
5600	9.985714285714288e-06	9.998029556650248e-06	1.0000000000000003e-05	9.983866995073894e-06	9.910960591133007e-06	9.91613300492611e-06	9.989039408866997e-06	9.965147783251233e-06	9.906219211822663e-06	9.914100985221677e-06	9.872844827586213e-06	9.791502463054188e-06	9.823953201970443e-06	9.910344827586209e-06	9.878386699507393e-06	9.817980295566504e-06	9.911206896551727e-06	9.911699507389167e-06	9.77961822660099e-06
5700	9.877120535714289e-06	9.95881696428572e-06	9.997991071428576e-06	9.952790178571435e-06	9.815625000000005e-06	9.816406250000005e-06	8.238002232142862e-06	7.455133928571431e-06	7.622265625000003e-06	8.142968750000003e-06	9.592633928571433e-06	9.791908482142857e-06	9.822823660714291e-06	9.911439732142862e-06	9.876674107142861e-06	9.822098214285719e-06	9.91897321428572e-06	9.919252232142861e-06	9.782700892857145e-06
5800	9.83365800865801e-06	9.62548701298702e-06	9.677597402597406e-06	9.950649350649356e-06	9.855465367965375e-06	9.797889610389616e-06	9.85968614718615e-06	9.90367965367966e-06	9.875757575757583e-06	9.793344155844162e-06	9.788365800865801e-06	9.794480519480522e-06	9.823971861471862e-06	9.9099025974026e-06	9.86277056277057e-06	9.8176406926407e-06	9.93701298701299e-06	9.999675324675328e-06	1.0000000000000004e-05
5900	9.401227678571434e-06	8.084598214285719e-06	7.865569196428573e-06	9.420200892857145e-06	9.845535714285718e-06	9.866908482142864e-06	9.774832589285716e-06	9.678236607142861e-06	8.733537946428575e-06	8.591964285714286e-06	9.398325892857148e-06	9.41975446428572e-06	9.710212053571432e-06	9.988113839285719e-06	9.576450892857147e-06	9.349107142857144e-06	9.724553571428572e-06	9.921540178571434e-06	9.913504464285718e-06
6000	5.059619815668203e-06	8.345218894009222e-06	9.812903225806457e-06	9.850576036866361e-06	9.810829493087559e-06	9.905184331797238e-06	9.990207373271893e-06	9.953052995391712e-06	8.364688940092168e-06	8.016877880184333e-06	9.520449308755763e-06	9.835080645161293e-06	9.905184331797238e-06	9.967626728110606e-06	8.65259216589862e-06	7.841589861751152e-06	9.16411290322581e-06	9.912615207373276e-06	9.772926267281106e-06
6100	4.597292626728111e-06	8.211866359447007e-06	9.815495391705075e-06	9.846025345622121e-06	9.825518433179729e-06	9.915725806451618e-06	9.911981566820283e-06	9.833237327188946e-06	8.135656682027653e-06	7.68680875576037e-06	9.457718894009218e-06	9.994873271889405e-06	9.997753456221201e-06	9.99804147465438e-06	9.988364055299546e-06	9.989055299539176e-06	9.998732718894012e-06	1.0000000000000004e-05	1.0000000000000004e-05
6200	4.923750000000001e-06	8.326726190476194e-06	9.811666666666671e-06	9.846130952380955e-06	9.822916666666669e-06	9.919880952380954e-06	9.946726190476194e-06	9.783809523809526e-06	8.026428571428575e-06	7.874583333333336e-06	9.675000000000003e-06	9.994285714285718e-06	9.997261904761907e-06	9.998571428571431e-06	9.960476190476193e-06	9.934761904761909e-06	9.972857142857146e-06	1.0000000000000003e-05	1.0000000000000003e-05
6300	6.846309523809526e-06	7.874761904761906e-06	7.567023809523811e-06	8.813452380952382e-06	9.80684523809524e-06	9.494285714285717e-06	8.982916666666672e-06	8.624464285714286e-06	6.18636904761905e-06	6.597857142857145e-06	9.365119047619052e-06	9.60035714285715e-06	9.818571428571433e-06	9.982916666666669e-06	9.942202380952387e-06	9.901726190476193e-06	9.957797619047622e-06	1.0000000000000003e-05	1.0000000000000003e-05
6400	6.834965437788021e-06	8.201958525345623e-06	8.117626728110598e-06	8.647523041474656e-06	9.596658986175118e-06	9.343548387096777e-06	8.815552995391706e-06	8.14423963133641e-06	6.0922235023041465e-06	6.949654377880183e-06	9.548444700460833e-06	9.826209677419357e-06	9.91382488479263e-06	9.991359447004613e-06	9.929493087557607e-06	9.90374423963134e-06	9.9705069124424e-06	9.997235023041479e-06	9.988594470046085e-06
6500	1.0000000000000004e-05	1.0000000000000004e-05	1.0000000000000004e-05	1.0000000000000004e-05	1.0000000000000004e-05	1.0000000000000004e-05	9.951324884792632e-06	8.616820276497695e-06	5.390552995391706e-06	6.22229262672811e-06	9.412211981566819e-06	9.838767281105991e-06	9.916877880184335e-06	9.99308755760369e-06	1.0000000000000004e-05	1.0000000000000004e-05	1.0000000000000004e-05	1.0000000000000004e-05	1.0000000000000004e-05
6600	9.996428571428575e-06	9.991071428571431e-06	9.939523809523814e-06	9.902261904761907e-06	9.957380952380953e-06	9.999702380952381e-06	9.951845238095246e-06	8.817916666666666e-06	5.0284523809523825e-06	5.15904761904762e-06	8.99636904761905e-06	1.0000000000000003e-05	9.987916666666671e-06	9.91684523809524e-06	9.912083333333334e-06	9.983154761904764e-06	1.0000000000000003e-05	1.0000000000000003e-05	1.0000000000000003e-05
6700	9.996372767857149e-06	9.996540178571433e-06	9.93738839285715e-06	9.897154017857147e-06	9.95636160714286e-06	9.962332589285718e-06	9.865959821428576e-06	8.811104910714287e-06	5.055580357142859e-06	5.3132812500000025e-06	9.165680803571432e-06	9.996930803571436e-06	9.984151785714292e-06	9.91657366071429e-06	9.90987723214286e-06	9.980245535714288e-06	1.0000000000000004e-05	1.0000000000000004e-05	1.0000000000000004e-05
6800	9.873928571428574e-06	9.949523809523812e-06	9.939702380952387e-06	9.902976190476191e-06	9.955535714285717e-06	9.966428571428575e-06	9.863333333333336e-06	8.590357142857139e-06	4.9713690476190485e-06	5.139880952380953e-06	8.861964285714287e-06	1.0000000000000003e-05	9.993988095238101e-06	9.950654761904766e-06	9.94541666666667e-06	9.986011904761908e-06	9.997261904761907e-06	1.0000000000000003e-05	1.0000000000000003e-05
6900	1.0000000000000004e-05	9.996807359307363e-06	9.901244588744595e-06	9.804545454545461e-06	9.898647186147188e-06	9.753084415584421e-06	6.299675324675326e-06	4.104870129870131e-06	3.696103896103897e-06	5.1831168831168845e-06	9.046753246753252e-06	1.0000000000000004e-05	9.99042207792208e-06	9.919751082251084e-06	9.890476190476194e-06	9.918127705627713e-06	9.95243506493507e-06	9.995454545454548e-06	1.0000000000000004e-05
7000	1.0000000000000004e-05	9.996428571428575e-06	9.897943722943727e-06	9.806493506493511e-06	9.901569264069267e-06	9.702543290043295e-06	6.265313852813855e-06	4.084036796536797e-06	3.698268398268398e-06	5.422619047619049e-06	9.249025974025977e-06	1.0000000000000004e-05	9.989123376623381e-06	9.90351731601732e-06	9.822186147186151e-06	9.887770562770567e-06	9.979599567099572e-06	9.996969696969701e-06	9.991937229437232e-06
7100	1e-05	9.996747448979592e-06	9.894706632653066e-06	9.808418367346944e-06	9.90529336734694e-06	9.831377551020408e-06	6.9641581632653095e-06	4.2421556122448985e-06	3.3437500000000004e-06	5.63201530612245e-06	9.40280612244898e-06	1e-05	1e-05	1e-05	9.958801020408166e-06	9.897193877551024e-06	9.91970663265306e-06	9.898022959183675e-06	9.770025510204082e-06
7200	9.977857142857147e-06	9.991428571428573e-06	9.959880952380959e-06	9.92553571428572e-06	9.963095238095241e-06	9.886607142857147e-06	6.560833333333336e-06	3.9004761904761905e-06	3.631607142857142e-06	5.28202380952381e-06	8.877916666666669e-06	1.0000000000000003e-05	1.0000000000000003e-05	1.0000000000000003e-05	9.998035714285716e-06	9.996666666666669e-06	9.998630952380956e-06	9.99821428571429e-06	9.99226190476191e-06
7300	9.718067226890759e-06	9.927941176470594e-06	9.91959033613446e-06	9.8280462184874e-06	9.902941176470597e-06	9.695640756302527e-06	6.151102941176473e-06	4.3116071428571425e-06	4.0590336134453795e-06	5.175525210084036e-06	8.974579831932782e-06	9.979149159663876e-06	9.928834033613449e-06	9.887762605042024e-06	9.904989495798327e-06	9.903203781512613e-06	9.929831932773118e-06	9.902888655462191e-06	9.763025210084035e-06
7400	9.81994047619048e-06	9.945357142857145e-06	9.638809523809526e-06	8.502976190476191e-06	8.824523809523814e-06	9.452916666666667e-06	5.442380952380953e-06	3.88702380952381e-06	4.0386309523809524e-06	4.968690476190477e-06	8.835952380952384e-06	9.970892857142858e-06	9.961547619047624e-06	9.90119047619048e-06	9.928452380952384e-06	9.952976190476194e-06	9.929166666666671e-06	9.959226190476194e-06	9.99386904761905e-06
7500	9.808750000000002e-06	9.923333333333335e-06	9.905892857142862e-06	9.805000000000002e-06	9.891904761904764e-06	9.304226190476191e-06	5.2285119047619044e-06	2.8469047619047612e-06	2.7436904761904747e-06	4.166964285714287e-06	8.29232142857143e-06	9.942559523809525e-06	9.958273809523813e-06	9.901726190476195e-06	9.940714285714287e-06	9.99839285714286e-06	1.0000000000000003e-05	1.0000000000000003e-05	1.0000000000000003e-05
7600	8.271428571428572e-06	9.507661290322583e-06	9.900288018433183e-06	9.804147465437793e-06	9.89648617511521e-06	9.232718894009221e-06	4.748905529953918e-06	6.66359447004608e-07	4.211405529953916e-07	3.702937788018434e-06	8.379781105990786e-06	9.944470046082952e-06	9.957373271889404e-06	9.891877880184336e-06	9.86215437788019e-06	9.90645161290323e-06	9.952937788018441e-06	9.969585253456228e-06	9.994354838709681e-06
7700	8.138594470046083e-06	9.390725806451615e-06	9.142626728110605e-06	7.67217741935484e-06	8.5088133640553e-06	9.453456221198158e-06	5.531739631336408e-06	1.1667050691244241e-06	4.058179723502303e-07	3.335483870967744e-06	8.03231566820277e-06	1.0000000000000004e-05	1.0000000000000004e-05	1.0000000000000004e-05	9.998214285714291e-06	9.996774193548392e-06	9.998559907834104e-06	1.0000000000000004e-05	1.0000000000000004e-05
7800	7.445119047619049e-06	9.223630952380957e-06	9.90136904761905e-06	9.784166666666669e-06	9.801904761904765e-06	9.289761904761906e-06	5.1569642857142875e-06	1.4813690476190472e-06	1.0798214285714284e-06	3.715000000000001e-06	8.322440476190477e-06	9.957023809523814e-06	9.90154761904762e-06	9.93732142857143e-06	9.923809523809528e-06	9.905654761904765e-06	9.975238095238097e-06	1.0000000000000003e-05	1.0000000000000003e-05
7900	6.808370535714286e-06	9.090178571428575e-06	9.894475446428577e-06	9.767410714285718e-06	9.778348214285723e-06	9.103125000000004e-06	4.818359374999999e-06	1.7055803571428564e-06	1.445200892857142e-06	3.912555803571429e-06	8.544977678571432e-06	9.96623883928572e-06	9.89933035714286e-06	9.923437500000001e-06	9.966685267857149e-06	9.92321428571429e-06	9.930859375000005e-06	9.965290178571432e-06	9.954575892857146e-06
8000	6.657142857142859e-06	8.737165178571431e-06	9.862276785714292e-06	9.788560267857146e-06	9.789341517857147e-06	9.396316964285718e-06	5.2236049107142864e-06	7.476004464285715e-07	1.5111607142857144e-07	3.0468750000000012e-06	7.895256696428575e-06	9.813727678571433e-06	9.144419642857145e-06	9.308147321428573e-06	9.977957589285718e-06	1.0000000000000004e-05	1.0000000000000004e-05	1.0000000000000004e-05	1.0000000000000004e-05
8100	1.0000000000000003e-05	1.0000000000000003e-05	1.0000000000000003e-05	9.9827380952381e-06	9.901547619047621e-06	9.456250000000001e-06	5.443452380952379e-06	3.6285119047619058e-06	3.6327380952380944e-06	3.7263690476190473e-06	7.77029761904762e-06	8.63125e-06	5.272440476190477e-06	6.539523809523813e-06	9.802261904761908e-06	9.808690476190479e-06	9.950595238095241e-06	1.0000000000000003e-05	1.0000000000000003e-05
8200	9.989107142857148e-06	9.994345238095237e-06	9.996666666666669e-06	9.997380952380954e-06	1.0000000000000003e-05	1.0000000000000003e-05	9.998571428571433e-06	9.827559523809523e-06	7.363214285714284e-06	6.591904761904763e-06	9.01839285714286e-06	9.853571428571431e-06	9.840773809523813e-06	9.946250000000003e-06	9.946071428571434e-06	9.901666666666667e-06	9.952976190476192e-06	9.999047619047621e-06	1.0000000000000003e-05
8300	1.0000000000000003e-05	1.0000000000000003e-05	1.0000000000000003e-05	1.0000000000000003e-05	1.0000000000000003e-05	9.997721674876848e-06	9.991440886699512e-06	9.661637931034486e-06	6.788731527093596e-06	6.47142857142857e-06	9.301477832512318e-06	9.849261083743843e-06	9.84076354679803e-06	9.901169950738921e-06	9.892610837438427e-06	9.838669950738921e-06	9.85480295566503e-06	9.873522167487689e-06	9.874322660098524e-06
8400	9.770368303571436e-06	9.923549107142863e-06	9.438337053571434e-06	7.5534598214285746e-06	8.019140625000003e-06	9.42265625e-06	5.506529017857144e-06	1.876897321428571e-06	1.71328125e-06	4.228515625000001e-06	8.359765625000001e-06	9.832087053571434e-06	9.73671875e-06	9.77700892857143e-06	9.899609375000002e-06	9.985825892857147e-06	9.983649553571435e-06	9.919642857142862e-06	9.885770089285717e-06
8500	1.0000000000000003e-05	9.995874384236458e-06	9.549692118226603e-06	8.254064039408868e-06	8.596490147783255e-06	9.544396551724138e-06	5.436576354679803e-06	1.5532019704433497e-06	1.301477832512315e-06	3.6007389162561587e-06	8.025862068965519e-06	9.840394088669954e-06	9.7317118226601e-06	9.769519704433501e-06	9.90646551724138e-06	9.990086206896555e-06	9.987068965517241e-06	9.922967980295568e-06	9.874322660098525e-06
8600	9.898953201970442e-06	9.911268472906406e-06	9.805665024630545e-06	9.55412561576355e-06	9.611206896551728e-06	8.993842364532018e-06	5.3633004926108374e-06	3.5770320197044324e-06	2.845566502463053e-06	4.343349753694583e-06	8.808743842364534e-06	1.0000000000000003e-05	1.0000000000000003e-05	1.0000000000000003e-05	1.0000000000000003e-05	1.0000000000000003e-05	1.0000000000000003e-05	9.982081280788178e-06	9.926662561576356e-06
8700	9.914345238095241e-06	9.890238095238097e-06	9.537083333333337e-06	8.302678571428573e-06	8.559345238095243e-06	9.38107142857143e-06	5.430892857142858e-06	3.2307738095238092e-06	2.9924999999999997e-06	4.1022619047619065e-06	8.44011904761905e-06	9.996190476190478e-06	9.945357142857147e-06	9.913809523809526e-06	9.964464285714285e-06	9.950595238095241e-06	9.901547619047621e-06	9.933928571428577e-06	9.947440476190481e-06
8800	9.909274193548388e-06	9.891705069124427e-06	9.535483870967743e-06	7.849366359447007e-06	4.858813364055299e-06	5.550057603686635e-06	4.830645161290323e-06	3.5123271889400924e-06	3.338364055299538e-06	3.8108294930875592e-06	8.10714285714286e-06	1.0000000000000004e-05	1.0000000000000004e-05	9.967972350230423e-06	9.903168202764979e-06	9.880011520737328e-06	9.898099078341018e-06	9.939631336405534e-06	9.954665898617512e-06
8900	9.907546082949314e-06	9.890322580645166e-06	9.568663594470051e-06	7.66296082949309e-06	3.87655529953917e-06	4.809389400921659e-06	4.9292050691244256e-06	3.5758640552995393e-06	3.431682027649771e-06	4.125345622119817e-06	8.312788018433183e-06	1.0000000000000004e-05	9.999366359447008e-06	9.95829493087558e-06	9.896313364055304e-06	9.888940092165903e-06	9.897407834101384e-06	9.927592165898619e-06	9.941417050691247e-06
9000	9.903035714285717e-06	9.89529761904762e-06	8.26827380952381e-06	3.5433928571428572e-06	9.459523809523807e-07	4.610476190476192e-06	4.691547619047619e-06	9.044047619047621e-07	3.578571428571429e-07	3.660416666666667e-06	8.404880952380956e-06	9.996250000000003e-06	9.97857142857143e-06	9.870833333333336e-06	9.82327380952381e-06	9.877321428571431e-06	9.898750000000002e-06	9.88404761904762e-06	9.809583333333337e-06
9100	2.0231566820276494e-06	6.929493087557605e-06	9.64521889400922e-06	7.859562211981568e-06	3.5595622119815668e-06	3.628686635944701e-06	4.001094470046084e-06	8.112903225806452e-07	2.5357142857142865e-07	3.459216589861752e-06	8.138997695852536e-06	9.927880184331802e-06	9.973329493087563e-06	9.90783410138249e-06	9.92119815668203e-06	9.956797235023045e-06	9.904205069124427e-06	9.863248847926267e-06	9.788306451612904e-06
9200	2.0950460829493083e-06	7.002188940092168e-06	9.533352534562215e-06	7.1183179723502325e-06	2.7254032258064524e-06	1.6423963133640552e-06	1.888133640552995e-06	4.79032258064516e-07	2.1658986175115203e-07	3.544930875576038e-06	8.267569124423963e-06	9.931163594470048e-06	9.957430875576043e-06	9.894066820276502e-06	9.916301843317977e-06	9.94493087557604e-06	9.851843317972354e-06	9.775403225806454e-06	9.739631336405534e-06
9300	1.099020737327189e-06	5.787154377880187e-06	9.305875576036872e-06	7.501900921658987e-06	3.384965437788018e-06	1.9036866359446999e-06	2.077880184331797e-06	6.749999999999999e-07	5.141129032258065e-07	4.220967741935485e-06	8.621198156682031e-06	9.830645161290327e-06	9.872235023041477e-06	9.85403225806452e-06	9.760656682027654e-06	9.776440092165902e-06	9.808179723502307e-06	9.786347926267286e-06	9.756682027649774e-06
9400	1.081417410714286e-06	5.820145089285715e-06	9.341852678571433e-06	7.1560825892857155e-06	2.938671875000001e-06	1.663392857142857e-06	1.8411830357142853e-06	5.635044642857141e-07	3.981026785714285e-07	4.012890625e-06	8.544084821428574e-06	9.924609375000005e-06	9.995312500000005e-06	1.0000000000000004e-05	9.998549107142863e-06	9.983649553571436e-06	9.97020089285715e-06	9.985100446428575e-06	1.0000000000000004e-05
9500	1.0693722943722944e-06	5.573863636363636e-06	9.07981601731602e-06	6.843127705627705e-06	2.5191017316017324e-06	1.7064935064935058e-06	1.92564935064935e-06	4.7045454545454536e-07	1.1607142857142855e-07	3.0218073593073587e-06	7.840584415584417e-06	9.929707792207796e-06	9.994859307359311e-06	1.0000000000000004e-05	9.996158008658016e-06	9.928896103896109e-06	9.903841991341995e-06	9.96461038961039e-06	9.96374458874459e-06
9600	3.7159523809523807e-06	7.464285714285717e-06	9.83357142857143e-06	9.190238095238095e-06	5.830476190476191e-06	3.4519047619047614e-06	3.4133333333333347e-06	2.6869047619047628e-06	2.6423214285714295e-06	5.497916666666666e-06	8.95654761904762e-06	9.928750000000002e-06	9.99446428571429e-06	1.0000000000000003e-05	1.0000000000000003e-05	1.0000000000000003e-05	1.0000000000000003e-05	9.992023809523812e-06	9.962261904761905e-06
9700	9.806624423963134e-06	9.77246543778802e-06	9.556048387096775e-06	7.530529953917051e-06	3.2641129032258077e-06	3.0017857142857134e-06	3.085541474654377e-06	4.853110599078341e-07	2.3064516129032254e-07	3.440495391705069e-06	8.147292626728111e-06	9.889228110599079e-06	9.893145161290328e-06	9.941244239631338e-06	9.999884792626732e-06	1.0000000000000004e-05	1.0000000000000004e-05	1.0000000000000004e-05	1.0000000000000004e-05
9800	9.787500000000004e-06	9.572926267281106e-06	7.4045506912442404e-06	5.647465437788018e-06	3.624135944700461e-06	3.66434331797235e-06	3.471255760368663e-06	4.977534562211981e-07	3.185483870967742e-07	3.5574884792626743e-06	8.141359447004612e-06	9.837615207373278e-06	9.885541474654378e-06	9.950057603686638e-06	9.999711981566823e-06	1.0000000000000004e-05	1.0000000000000004e-05	1.0000000000000004e-05	1.0000000000000004e-05
9900	7.455859374999998e-06	8.060491071428571e-06	7.80597098214286e-06	6.593750000000003e-06	3.7351562500000006e-06	3.073660714285714e-06	2.9290178571428565e-06	5.122767857142856e-07	3.5078124999999995e-07	3.7314732142857146e-06	8.309821428571428e-06	9.869029017857146e-06	9.895982142857144e-06	9.955747767857146e-06	9.999665178571431e-06	1.0000000000000004e-05	1.0000000000000004e-05	1.0000000000000004e-05	1.0000000000000004e-05
10000	9.94419642857143e-07	5.010602678571429e-06	8.857142857142862e-06	8.78839285714286e-06	4.571428571428573e-06	3.371986607142858e-06	3.2332589285714293e-06	4.85267857142857e-07	3.0569196428571423e-07	3.587165178571429e-06	8.210881696428574e-06	9.86311383928572e-06	9.882700892857145e-06	9.912109375000006e-06	9.930357142857148e-06	9.962611607142861e-06	9.995368303571431e-06	1.0000000000000004e-05	1.0000000000000004e-05
