	site
generation	50	100	150	200	250	300	350	400	450	500	550	600	650	700	750	800	850	900	950
0	1.0000000000000004e-05	1.0000000000000004e-05	1.0000000000000004e-05	1.0000000000000004e-05	1.0000000000000004e-05	1.0000000000000004e-05	1.0000000000000004e-05	1.0000000000000004e-05	1.0000000000000004e-05	1.0000000000000004e-05	1.0000000000000004e-05	1.0000000000000004e-05	1.0000000000000004e-05	1.0000000000000004e-05	1.0000000000000004e-05	1.0000000000000004e-05	1.0000000000000004e-05	1.0000000000000004e-05	1.0000000000000004e-05
100	1.0000000000000003e-05	1.0000000000000003e-05	1.0000000000000003e-05	1.0000000000000003e-05	1.0000000000000003e-05	1.0000000000000003e-05	1.0000000000000003e-05	1.0000000000000003e-05	1.0000000000000003e-05	1.0000000000000003e-05	1.0000000000000003e-05	1.0000000000000003e-05	1.0000000000000003e-05	1.0000000000000003e-05	1.0000000000000003e-05	1.0000000000000003e-05	1.0000000000000003e-05	1.0000000000000003e-05	1.0000000000000003e-05
200	1.0000000000000004e-05	1.0000000000000004e-05	1.0000000000000004e-05	9.996763392857146e-06	9.936718750000006e-06	9.904743303571434e-06	9.924553571428573e-06	9.945368303571433e-06	9.985602678571433e-06	9.988783482142865e-06	9.975000000000007e-06	9.986216517857146e-06	1.0000000000000004e-05	1.0000000000000004e-05	1.0000000000000004e-05	9.991741071428577e-06	9.966964285714292e-06	9.970758928571433e-06	9.995535714285719e-06
300	9.962039170506918e-06	9.918087557603688e-06	9.92592165898618e-06	9.980817972350233e-06	9.935311059907838e-06	9.913133640553e-06	9.974366359447007e-06	1.0000000000000004e-05	9.979838709677423e-06	9.96129032258065e-06	9.978513824884794e-06	9.990322580645168e-06	9.993260368663596e-06	9.999654377880188e-06	9.97891705069125e-06	9.904838709677425e-06	9.889170506912446e-06	9.960771889400922e-06	9.98853686635945e-06
400	9.866589861751154e-06	9.834735023041478e-06	9.890380184331801e-06	9.97471198156682e-06	9.94366359447005e-06	9.902246543778805e-06	9.928456221198161e-06	9.905069124423968e-06	9.9278801843318e-06	9.994930875576038e-06	1.0000000000000004e-05	1.0000000000000004e-05	1.0000000000000004e-05	9.99832949308756e-06	9.95120967741936e-06	9.894354838709678e-06	9.873790322580648e-06	9.913767281105996e-06	9.981451612903229e-06
500	1.0000000000000004e-05	1.0000000000000004e-05	1.0000000000000004e-05	1.0000000000000004e-05	1.0000000000000004e-05	1.0000000000000004e-05	1.0000000000000004e-05	1.0000000000000004e-05	1.0000000000000004e-05	1.0000000000000004e-05	1.0000000000000004e-05	1.0000000000000004e-05	1.0000000000000004e-05	1.0000000000000004e-05	1.0000000000000004e-05	1.0000000000000004e-05	1.0000000000000004e-05	1.0000000000000004e-05	1.0000000000000004e-05
600	1.0000000000000003e-05	1.0000000000000003e-05	1.0000000000000003e-05	1.0000000000000003e-05	1.0000000000000003e-05	1.0000000000000003e-05	1.0000000000000003e-05	1.0000000000000003e-05	1.0000000000000003e-05	1.0000000000000003e-05	1.0000000000000003e-05	1.0000000000000003e-05	1.0000000000000003e-05	1.0000000000000003e-05	1.0000000000000003e-05	1.0000000000000003e-05	1.0000000000000003e-05	1.0000000000000003e-05	1.0000000000000003e-05
700	1.0000000000000004e-05	1.0000000000000004e-05	9.982533482142861e-06	9.938895089285718e-06	9.951841517857147e-06	9.99168526785715e-06	9.948381696428576e-06	9.931919642857147e-06	9.979464285714287e-06	9.995870535714293e-06	9.984207589285722e-06	9.955970982142863e-06	9.95982142857143e-06	9.990848214285716e-06	9.97399553571429e-06	9.953571428571434e-06	9.95055803571429e-06	9.953962053571432e-06	9.97912946428572e-06
800	9.993433179723505e-06	9.943202764976965e-06	9.929147465437794e-06	9.979377880184335e-06	1.0000000000000004e-05	1.0000000000000004e-05	1.0000000000000004e-05	1.0000000000000004e-05	1.0000000000000004e-05	1.0000000000000004e-05	1.0000000000000004e-05	1.0000000000000004e-05	1.0000000000000004e-05	1.0000000000000004e-05	1.0000000000000004e-05	1.0000000000000004e-05	1.0000000000000004e-05	1.0000000000000004e-05	1.0000000000000004e-05
900	1.0000000000000004e-05	1.0000000000000004e-05	1.0000000000000004e-05	1.0000000000000004e-05	1.0000000000000004e-05	1.0000000000000004e-05	1.0000000000000004e-05	1.0000000000000004e-05	1.0000000000000004e-05	1.0000000000000004e-05	1.0000000000000004e-05	1.0000000000000004e-05	1.0000000000000004e-05	1.0000000000000004e-05	1.0000000000000004e-05	1.0000000000000004e-05	1.0000000000000004e-05	1.0000000000000004e-05	1.0000000000000004e-05
1000	9.866179653679659e-06	9.896428571428573e-06	9.874025974025977e-06	9.828896103896107e-06	9.912283549783555e-06	9.960064935064944e-06	9.851190476190485e-06	9.82932900432901e-06	9.948809523809528e-06	1.0000000000000004e-05	9.900000000000003e-06	9.381818181818187e-06	9.421212121212126e-06	9.932792207792214e-06	9.982575757575765e-06	9.98246753246754e-06	9.987445887445895e-06	9.98777056277057e-06	9.993614718614723e-06
1100	9.975558035714292e-06	9.981305803571435e-06	9.992912946428579e-06	9.989285714285722e-06	9.98655133928572e-06	9.99508928571429e-06	9.999497767857145e-06	1.0000000000000004e-05	1.0000000000000004e-05	1.0000000000000004e-05	1.0000000000000004e-05	1.0000000000000004e-05	1.0000000000000004e-05	1.0000000000000004e-05	9.994977678571435e-06	9.993750000000004e-06	9.998772321428576e-06	1.0000000000000004e-05	1.0000000000000004e-05
1200	9.911272321428578e-06	9.937890625000005e-06	9.987555803571432e-06	1.0000000000000004e-05	1.0000000000000004e-05	1.0000000000000004e-05	1.0000000000000004e-05	1.0000000000000004e-05	1.0000000000000004e-05	1.0000000000000004e-05	1.0000000000000004e-05	1.0000000000000004e-05	9.968080357142862e-06	9.929520089285718e-06	9.960044642857146e-06	9.998604910714289e-06	1.0000000000000004e-05	1.0000000000000004e-05	1.0000000000000004e-05
1300	9.893181818181821e-06	9.843344155844157e-06	9.789231601731609e-06	9.877813852813857e-06	9.99545454545455e-06	1.0000000000000004e-05	1.0000000000000004e-05	1.0000000000000004e-05	9.997402597402606e-06	9.996969696969701e-06	9.997619047619055e-06	9.994155844155848e-06	9.962175324675327e-06	9.903463203463209e-06	9.933062770562775e-06	9.99329004329005e-06	9.997619047619051e-06	1.0000000000000004e-05	1.0000000000000004e-05
1400	9.893145161290325e-06	9.828629032258068e-06	9.781451612903229e-06	9.880990783410141e-06	9.994700460829496e-06	1.0000000000000004e-05	9.980587557603692e-06	9.908352534562215e-06	9.854377880184333e-06	9.858870967741936e-06	9.868605990783411e-06	9.932258064516131e-06	9.95132488479263e-06	9.889228110599082e-06	9.888306451612905e-06	9.906048387096779e-06	9.95034562211982e-06	9.998790322580649e-06	1.0000000000000004e-05
1500	9.896130952380953e-06	9.827976190476193e-06	9.777797619047622e-06	9.882083333333335e-06	9.986488095238102e-06	9.97684523809524e-06	9.97071428571429e-06	9.91529761904762e-06	9.86101190476191e-06	9.84714285714286e-06	9.858869047619047e-06	9.937380952380955e-06	9.959880952380955e-06	9.902321428571432e-06	9.889226190476193e-06	9.820357142857145e-06	9.84791666666667e-06	9.977321428571432e-06	1.0000000000000003e-05
1600	9.941015625000004e-06	9.949944196428577e-06	9.986607142857147e-06	1.0000000000000004e-05	9.98510044642858e-06	9.929743303571433e-06	9.861718750000002e-06	9.894531250000005e-06	9.945758928571434e-06	9.928236607142862e-06	9.923046875000004e-06	9.932979910714289e-06	9.943805803571434e-06	9.973828125000002e-06	9.972935267857149e-06	9.905412946428573e-06	9.920758928571432e-06	9.98839285714286e-06	1.0000000000000004e-05
1700	9.900806451612904e-06	9.907834101382491e-06	9.972465437788022e-06	9.997523041474662e-06	9.864976958525352e-06	7.429896313364059e-06	4.017857142857143e-06	6.205702764976959e-06	9.681163594470049e-06	9.791071428571433e-06	9.77332949308756e-06	9.85743087557604e-06	9.853686635944705e-06	9.848963133640554e-06	9.885599078341016e-06	9.816301843317975e-06	9.852419354838713e-06	9.98214285714286e-06	1.0000000000000004e-05
1800	1.0000000000000003e-05	1.0000000000000003e-05	9.998988095238098e-06	9.988273809523814e-06	9.975476190476194e-06	9.485059523809528e-06	9.244047619047621e-06	9.743333333333335e-06	9.998154761904763e-06	1.0000000000000003e-05	1.0000000000000003e-05	1.0000000000000003e-05	1.0000000000000003e-05	1.0000000000000003e-05	1.0000000000000003e-05	1.0000000000000003e-05	1.0000000000000003e-05	1.0000000000000003e-05	1.0000000000000003e-05
1900	1.0000000000000003e-05	1.0000000000000003e-05	1.0000000000000003e-05	1.0000000000000003e-05	1.0000000000000003e-05	1.0000000000000003e-05	1.0000000000000003e-05	1.0000000000000003e-05	1.0000000000000003e-05	1.0000000000000003e-05	1.0000000000000003e-05	1.0000000000000003e-05	1.0000000000000003e-05	1.0000000000000003e-05	1.0000000000000003e-05	1.0000000000000003e-05	1.0000000000000003e-05	1.0000000000000003e-05	1.0000000000000003e-05
2000	1.0000000000000004e-05	1.0000000000000004e-05	9.999609375000001e-06	9.992243303571433e-06	9.991015625000005e-06	9.995870535714292e-06	9.994698660714292e-06	9.982477678571437e-06	9.91852678571429e-06	9.910658482142861e-06	9.977399553571433e-06	1.0000000000000004e-05	1.0000000000000004e-05	1.0000000000000004e-05	9.99469866071429e-06	9.925948660714289e-06	9.904408482142861e-06	9.96858258928572e-06	9.992633928571436e-06
2100	1.0000000000000003e-05	1.0000000000000003e-05	1.0000000000000003e-05	1.0000000000000003e-05	1.0000000000000003e-05	9.998768472906405e-06	9.9695197044335e-06	9.950554187192121e-06	9.951046798029558e-06	9.961022167487687e-06	9.981773399014783e-06	9.96009852216749e-06	9.96317733990148e-06	9.99507389162562e-06	9.998522167487685e-06	9.968165024630544e-06	9.956650246305421e-06	9.987007389162562e-06	1.0000000000000003e-05
2200	1.0000000000000004e-05	1.0000000000000004e-05	1.0000000000000004e-05	9.999242424242427e-06	9.936363636363641e-06	9.48257575757576e-06	9.090909090909093e-06	9.090909090909093e-06	9.439393939393944e-06	9.8939393939394e-06	1.0000000000000004e-05	1.0000000000000004e-05	1.0000000000000004e-05	1.0000000000000004e-05	1.0000000000000004e-05	1.0000000000000004e-05	1.0000000000000004e-05	1.0000000000000004e-05	1.0000000000000004e-05
2300	1.0000000000000004e-05	1.0000000000000004e-05	1.0000000000000004e-05	1.0000000000000004e-05	1.0000000000000004e-05	1.0000000000000004e-05	1.0000000000000004e-05	1.0000000000000004e-05	1.0000000000000004e-05	1.0000000000000004e-05	1.0000000000000004e-05	1.0000000000000004e-05	1.0000000000000004e-05	1.0000000000000004e-05	1.0000000000000004e-05	1.0000000000000004e-05	1.0000000000000004e-05	1.0000000000000004e-05	1.0000000000000004e-05
2400	1.0000000000000004e-05	9.999553571428575e-06	9.996875000000008e-06	9.997321428571433e-06	9.997433035714293e-06	9.996875000000006e-06	9.999441964285717e-06	1.0000000000000004e-05	1.0000000000000004e-05	9.996763392857152e-06	9.993750000000007e-06	9.99698660714286e-06	1.0000000000000004e-05	9.997823660714289e-06	9.98342633928572e-06	9.98342633928572e-06	9.99782366071429e-06	9.993750000000004e-06	9.985379464285718e-06
2500	1.0000000000000004e-05	1.0000000000000004e-05	9.999888392857145e-06	9.959709821428576e-06	9.902343750000005e-06	9.940290178571431e-06	9.99776785714286e-06	1.0000000000000004e-05	1.0000000000000004e-05	1.0000000000000004e-05	1.0000000000000004e-05	1.0000000000000004e-05	1.0000000000000004e-05	9.968470982142865e-06	9.904743303571434e-06	9.931529017857146e-06	9.994866071428574e-06	9.943470982142863e-06	9.846205357142858e-06
2600	9.999947478991605e-06	9.987762605042025e-06	9.973109243697485e-06	9.90567226890757e-06	9.665546218487397e-06	9.721533613445384e-06	9.976102941176478e-06	9.995693277310932e-06	9.947478991596647e-06	9.92893907563026e-06	9.927205882352946e-06	9.904989495798326e-06	9.954726890756313e-06	9.986239495798326e-06	9.968119747899168e-06	9.980147058823541e-06	9.95971638655463e-06	9.91454831932774e-06	9.911554621848748e-06
2700	1.0000000000000004e-05	1.0000000000000004e-05	9.997991071428576e-06	9.903013392857148e-06	9.80491071428572e-06	9.896986607142861e-06	9.997098214285718e-06	9.999330357142861e-06	9.993359375000005e-06	9.987109375000005e-06	9.991015625000007e-06	9.980301339285718e-06	9.910937500000005e-06	9.917633928571432e-06	9.989062500000003e-06	1.0000000000000004e-05	9.989285714285718e-06	9.91545758928572e-06	9.848046875000004e-06
2800	9.999330357142861e-06	9.975223214285717e-06	9.94972098214286e-06	9.902678571428578e-06	9.862276785714292e-06	9.916350446428578e-06	9.982421875000004e-06	9.995312500000002e-06	9.273381696428576e-06	8.69380580357143e-06	9.403794642857146e-06	9.95172991071429e-06	9.919977678571433e-06	9.936272321428577e-06	9.944531250000003e-06	9.941908482142862e-06	9.949609375000002e-06	9.890569196428574e-06	9.846261160714284e-06
2900	9.998630952380956e-06	9.95041666666667e-06	9.91077380952381e-06	9.855654761904764e-06	9.610416666666669e-06	9.65779761904762e-06	9.93386904761905e-06	9.97119047619048e-06	8.119404761904764e-06	6.562559523809526e-06	8.401726190476194e-06	9.914523809523812e-06	9.931666666666667e-06	9.97458333333334e-06	9.948214285714294e-06	9.963630952380957e-06	9.980654761904766e-06	9.96357142857143e-06	9.960714285714287e-06
3000	1.0000000000000003e-05	1.0000000000000003e-05	1.0000000000000003e-05	1.0000000000000003e-05	1.0000000000000003e-05	1.0000000000000003e-05	1.0000000000000003e-05	1.0000000000000003e-05	1.0000000000000003e-05	1.0000000000000003e-05	1.0000000000000003e-05	1.0000000000000003e-05	1.0000000000000003e-05	1.0000000000000003e-05	1.0000000000000003e-05	1.0000000000000003e-05	1.0000000000000003e-05	1.0000000000000003e-05	1.0000000000000003e-05
3100	1.0000000000000003e-05	9.997290640394089e-06	9.993103448275866e-06	9.995812807881776e-06	1.0000000000000003e-05	1.0000000000000003e-05	1.0000000000000003e-05	9.963916256157639e-06	9.908559113300496e-06	9.936083743842367e-06	9.991440886699509e-06	1.0000000000000003e-05	9.997044334975372e-06	9.98620689655173e-06	9.965948275862072e-06	9.902093596059117e-06	9.908928571428575e-06	9.97598522167488e-06	9.986206896551726e-06
3200	1.0000000000000003e-05	1.0000000000000003e-05	1.0000000000000003e-05	1.0000000000000003e-05	1.0000000000000003e-05	1.0000000000000003e-05	1.0000000000000003e-05	9.988750000000007e-06	9.966726190476192e-06	9.974583333333334e-06	9.996607142857146e-06	1.0000000000000003e-05	1.0000000000000003e-05	1.0000000000000003e-05	9.987261904761907e-06	9.958452380952385e-06	9.969404761904763e-06	9.978214285714288e-06	9.947261904761906e-06
3300	1.0000000000000003e-05	1.0000000000000003e-05	1.0000000000000003e-05	9.99726190476191e-06	9.985535714285719e-06	9.98607142857143e-06	9.997797619047622e-06	1.0000000000000003e-05	9.983273809523814e-06	9.88744047619048e-06	9.816785714285716e-06	9.909821428571428e-06	9.996607142857144e-06	9.999404761904766e-06	1.0000000000000003e-05	1.0000000000000003e-05	9.996071428571432e-06	9.948214285714292e-06	9.886666666666668e-06
3400	9.995737327188944e-06	9.99861751152074e-06	1.0000000000000004e-05	9.987211981566824e-06	9.91497695852535e-06	9.912788018433183e-06	9.985023041474658e-06	9.995218894009223e-06	9.990668202764981e-06	9.995103686635948e-06	9.999135944700464e-06	9.996774193548392e-06	9.997292626728114e-06	1.0000000000000004e-05	1.0000000000000004e-05	9.995449308755764e-06	9.905817972350234e-06	9.774711981566824e-06	9.726094470046087e-06
3500	9.993290043290049e-06	9.998701298701303e-06	1.0000000000000004e-05	1.0000000000000004e-05	1.0000000000000004e-05	1.0000000000000004e-05	9.999945887445892e-06	9.997240259740267e-06	9.992965367965371e-06	9.993668831168836e-06	9.99799783549784e-06	1.0000000000000004e-05	1.0000000000000004e-05	1.0000000000000004e-05	1.0000000000000004e-05	1.0000000000000004e-05	9.998051948051954e-06	9.991774891774895e-06	9.988311688311691e-06
3600	1.0000000000000004e-05	1.0000000000000004e-05	1.0000000000000004e-05	1.0000000000000004e-05	1.0000000000000004e-05	1.0000000000000004e-05	1.0000000000000004e-05	1.0000000000000004e-05	1.0000000000000004e-05	1.0000000000000004e-05	1.0000000000000004e-05	9.995852534562216e-06	9.977707373271892e-06	9.97834101382489e-06	9.99648617511521e-06	1.0000000000000004e-05	9.994182027649777e-06	9.97632488479263e-06	9.973502304147469e-06
3700	9.981377551020409e-06	9.91383928571429e-06	9.918622448979592e-06	9.986160714285715e-06	9.992283163265305e-06	9.919642857142857e-06	9.907716836734697e-06	9.980357142857146e-06	1e-05	1e-05	9.998852040816328e-06	9.993494897959182e-06	9.994005102040817e-06	9.99936224489796e-06	1e-05	9.999426020408163e-06	9.988584183673471e-06	9.986288265306123e-06	9.997130102040817e-06
3800	9.981394009216597e-06	9.992914746543783e-06	1.0000000000000004e-05	9.981739631336413e-06	9.90518433179724e-06	9.843433179723505e-06	9.87574884792627e-06	9.91111751152074e-06	9.882488479262673e-06	9.805645161290328e-06	9.791417050691248e-06	9.88767281105991e-06	9.905184331797238e-06	9.925230414746545e-06	9.99481566820277e-06	1.0000000000000004e-05	9.685599078341018e-06	7.998156682027652e-06	7.278571428571431e-06
3900	9.999945887445892e-06	9.997240259740267e-06	9.994588744588752e-06	9.982413419913426e-06	9.90335497835498e-06	9.833387445887448e-06	9.893019480519482e-06	9.96390692640693e-06	9.919047619047622e-06	9.814285714285718e-06	9.79015151515152e-06	9.887175324675327e-06	9.907467532467536e-06	9.924621212121216e-06	9.99545454545455e-06	1.0000000000000004e-05	9.826028138528146e-06	8.471969696969698e-06	7.452759740259744e-06
4000	1.0000000000000004e-05	1.0000000000000004e-05	1.0000000000000004e-05	9.961525974025977e-06	9.81011904761905e-06	9.752326839826842e-06	9.88382034632035e-06	9.972186147186151e-06	9.917153679653687e-06	9.778733766233772e-06	9.782846320346326e-06	9.902651515151519e-06	9.873322510822517e-06	9.819913419913425e-06	9.914556277056282e-06	9.994480519480523e-06	9.993668831168836e-06	8.858441558441563e-06	6.205140692640694e-06
4100	9.926569264069268e-06	9.915530303030308e-06	9.934740259740264e-06	9.893019480519486e-06	9.221482683982687e-06	8.74632034632035e-06	9.425108225108229e-06	9.97148268398269e-06	9.940367965367968e-06	9.842424242424246e-06	9.826515151515154e-06	9.915151515151519e-06	9.906764069264072e-06	9.855952380952386e-06	9.926352813852818e-06	9.995075757575762e-06	9.997294372294377e-06	9.08717532467533e-06	7.049837662337665e-06
4200	1.0000000000000004e-05	1.0000000000000004e-05	1.0000000000000004e-05	9.99890552995392e-06	9.531105990783415e-06	6.9270737327188965e-06	7.061347926267283e-06	9.653398617511524e-06	9.914055299539177e-06	9.791589861751152e-06	9.783813364055301e-06	9.892223502304152e-06	9.904435483870971e-06	9.927131336405532e-06	9.995564516129035e-06	1.0000000000000004e-05	9.999884792626732e-06	9.936059907834108e-06	9.769124423963138e-06
4300	9.999827188940097e-06	9.984101382488486e-06	9.977592165898622e-06	9.992799539170509e-06	9.70345622119816e-06	5.898387096774196e-06	4.599135944700462e-06	8.386808755760371e-06	9.90754608294931e-06	9.787788018433184e-06	9.78986175115208e-06	9.904147465437795e-06	9.907085253456223e-06	9.91889400921659e-06	9.98329493087558e-06	9.99481566820277e-06	9.998387096774197e-06	8.986175115207376e-06	7.0176843317972365e-06
4400	1.0000000000000004e-05	1.0000000000000004e-05	1.0000000000000004e-05	9.99959677419355e-06	9.548444700460835e-06	5.79107142857143e-06	4.924827188940094e-06	8.667165898617516e-06	9.911175115207378e-06	9.7969470046083e-06	9.785829493087563e-06	9.889804147465443e-06	9.898732718894013e-06	9.911463133640556e-06	9.985829493087562e-06	9.998790322580649e-06	9.98116359447005e-06	7.5122119815668234e-06	2.9976382488479254e-06
4500	9.845870535714291e-06	9.898493303571432e-06	9.974497767857147e-06	9.976562500000004e-06	9.898270089285717e-06	9.801618303571433e-06	9.802455357142862e-06	9.909765625000003e-06	9.916294642857148e-06	7.887779017857145e-06	5.873772321428573e-06	7.878125000000003e-06	9.88180803571429e-06	9.902511160714289e-06	9.980524553571435e-06	9.996763392857146e-06	9.70915178571429e-06	5.950000000000002e-06	1.2408482142857142e-06
4600	9.85823732718894e-06	9.903341013824888e-06	9.915380184331798e-06	9.859389400921662e-06	9.804723502304149e-06	9.760771889400926e-06	9.795334101382492e-06	9.898387096774198e-06	9.905645161290325e-06	8.32402073732719e-06	6.243548387096773e-06	7.708064516129033e-06	9.769412442396316e-06	9.868548387096778e-06	9.957776497695856e-06	9.999539170506917e-06	9.748847926267286e-06	6.600000000000001e-06	1.8511520737327187e-06
4700	9.724711981566825e-06	9.8108870967742e-06	9.95132488479263e-06	9.11733870967742e-06	6.97044930875576e-06	7.720967741935484e-06	9.792914746543783e-06	9.905933179723506e-06	9.910023041474661e-06	8.022407834101382e-06	6.406624423963132e-06	8.183179723502308e-06	9.79251152073733e-06	9.879550691244241e-06	9.961751152073735e-06	9.999654377880188e-06	9.797868663594475e-06	7.529493087557608e-06	4.502937788018432e-06
4800	9.711886160714291e-06	9.822712053571435e-06	9.96852678571429e-06	9.253794642857149e-06	7.908203125000004e-06	8.587500000000002e-06	9.805412946428576e-06	9.836830357142861e-06	9.967299107142862e-06	1.0000000000000004e-05	1.0000000000000004e-05	1.0000000000000004e-05	1.0000000000000004e-05	1.0000000000000004e-05	1.0000000000000004e-05	1.0000000000000004e-05	9.970758928571435e-06	9.905078125000005e-06	9.90362723214286e-06
4900	9.949583333333335e-06	9.98797619047619e-06	9.995297619047622e-06	9.971309523809529e-06	9.909464285714286e-06	9.92232142857143e-06	9.988571428571431e-06	1.0000000000000003e-05	1.0000000000000003e-05	1.0000000000000003e-05	1.0000000000000003e-05	1.0000000000000003e-05	9.998333333333339e-06	9.869226190476195e-06	9.636785714285715e-06	9.744107142857146e-06	9.978214285714288e-06	1.0000000000000003e-05	1.0000000000000003e-05
5000	9.950979262672816e-06	9.975576036866365e-06	9.917511520737331e-06	9.892281105990784e-06	9.888594470046086e-06	9.917338709677422e-06	9.990668202764981e-06	1.0000000000000004e-05	1.0000000000000004e-05	1.0000000000000004e-05	1.0000000000000004e-05	1.0000000000000004e-05	9.998444700460832e-06	9.931797235023048e-06	9.82615207373272e-06	9.877880184331799e-06	9.985080645161293e-06	1.0000000000000004e-05	1.0000000000000004e-05
5100	9.949441964285718e-06	9.977008928571435e-06	9.920312500000005e-06	9.893526785714288e-06	9.835379464285718e-06	9.79503348214286e-06	9.856808035714286e-06	9.929185267857146e-06	9.993750000000004e-06	1.0000000000000004e-05	1.0000000000000004e-05	9.976227678571431e-06	9.904520089285719e-06	9.857310267857146e-06	9.812165178571433e-06	9.862332589285717e-06	9.907756696428573e-06	9.744196428571432e-06	9.536607142857145e-06
5200	7.4634740259740285e-06	9.228463203463208e-06	9.911580086580091e-06	9.892803030303033e-06	9.880681818181819e-06	9.885173160173162e-06	9.898971861471866e-06	9.926677489177495e-06	9.987012987012993e-06	9.93382034632035e-06	9.8568722943723e-06	9.841774891774896e-06	9.8568722943723e-06	9.868560606060606e-06	9.819751082251087e-06	9.865367965367968e-06	9.917640692640697e-06	9.88988095238096e-06	9.913365800865806e-06
5300	7.3432477678571436e-06	8.960825892857142e-06	9.863337053571431e-06	9.881529017857148e-06	9.802622767857146e-06	9.799888392857147e-06	9.871707589285717e-06	9.842131696428572e-06	9.868526785714287e-06	9.887946428571434e-06	9.864006696428575e-06	9.850223214285718e-06	9.901506696428576e-06	9.903459821428577e-06	9.916406250000003e-06	9.990625000000004e-06	1.0000000000000004e-05	1.0000000000000004e-05	1.0000000000000004e-05
5400	9.789620535714288e-06	9.917410714285718e-06	9.98152901785715e-06	9.979017857142862e-06	9.990680803571434e-06	9.999218750000002e-06	9.99709821428572e-06	9.996986607142864e-06	9.999776785714289e-06	9.99821428571429e-06	9.95569196428572e-06	9.89313616071429e-06	9.854129464285715e-06	9.778571428571431e-06	8.026004464285718e-06	7.233816964285715e-06	9.01071428571429e-06	9.879910714285718e-06	9.755747767857148e-06
5500	9.742733990147784e-06	9.852770935960591e-06	9.968411330049264e-06	9.996736453201974e-06	9.883312807881775e-06	9.489778325123155e-06	9.57875615763547e-06	9.97555418719212e-06	1.0000000000000003e-05	9.99759852216749e-06	9.949876847290644e-06	9.896059113300492e-06	9.616317733990147e-06	6.741810344827585e-06	4.5839285714285706e-06	6.4356527093596065e-06	8.864039408866995e-06	9.787561576354681e-06	9.281096059113305e-06
5600	9.712672811059911e-06	9.838479262672813e-06	9.96451612903226e-06	9.994182027649773e-06	9.924423963133645e-06	9.83127880184332e-06	9.875576036866365e-06	9.951382488479266e-06	9.907488479262677e-06	9.91468894009217e-06	9.93899769585254e-06	9.89412442396314e-06	9.609850230414748e-06	6.707200460829494e-06	5.8161866359446995e-06	8.746255760368664e-06	9.894066820276499e-06	9.863076036866363e-06	9.76566820276498e-06
5700	9.749441964285716e-06	9.843191964285717e-06	9.919810267857146e-06	9.901953125000004e-06	9.92583705357143e-06	9.916406250000003e-06	9.908705357142861e-06	9.91222098214286e-06	9.812053571428577e-06	9.869531250000005e-06	9.987946428571433e-06	1.0000000000000004e-05	1.0000000000000004e-05	9.999386160714288e-06	9.908258928571435e-06	9.799553571428574e-06	9.75251116071429e-06	9.755412946428578e-06	9.684319196428579e-06
5800	9.73768472906404e-06	9.835344827586207e-06	9.920258620689656e-06	9.902093596059117e-06	9.926416256157636e-06	9.917056650246307e-06	9.906280788177341e-06	9.928263546798033e-06	9.860652709359608e-06	9.882881773399017e-06	9.953571428571436e-06	9.968842364532027e-06	9.982327586206898e-06	9.997167487684733e-06	9.967610837438429e-06	9.940024630541879e-06	9.935221674876852e-06	9.898214285714287e-06	9.738115763546803e-06
5900	9.6961038961039e-06	9.671645021645023e-06	9.783874458874463e-06	9.873647186147191e-06	9.848538961038965e-06	9.855194805194807e-06	9.89799783549784e-06	9.973430735930741e-06	9.949134199134204e-06	9.891287878787886e-06	9.877002164502166e-06	9.904058441558446e-06	9.967803030303034e-06	9.998755411255414e-06	9.54648268398269e-06	9.13955627705628e-06	9.461904761904765e-06	9.669480519480526e-06	9.147348484848487e-06
6000	9.745758928571431e-06	9.842020089285719e-06	9.953962053571432e-06	1.0000000000000004e-05	1.0000000000000004e-05	1.0000000000000004e-05	1.0000000000000004e-05	1.0000000000000004e-05	1.0000000000000004e-05	9.98649553571429e-06	9.926171875000004e-06	9.919698660714288e-06	9.977232142857149e-06	9.962890625000006e-06	9.908091517857146e-06	9.940290178571431e-06	9.997879464285718e-06	1.0000000000000004e-05	1.0000000000000004e-05
6100	9.707373271889406e-06	9.834504608294935e-06	9.965841013824888e-06	1.0000000000000004e-05	1.0000000000000004e-05	1.0000000000000004e-05	1.0000000000000004e-05	1.0000000000000004e-05	9.99752304147466e-06	9.983525345622125e-06	9.916935483870973e-06	9.913248847926272e-06	9.98231566820277e-06	9.955011520737332e-06	9.900806451612904e-06	9.944815668202767e-06	9.947580645161296e-06	9.904377880184336e-06	9.950057603686638e-06
6200	9.74178571428572e-06	9.842202380952385e-06	9.960535714285716e-06	1.0000000000000003e-05	1.0000000000000003e-05	1.0000000000000003e-05	1.0000000000000003e-05	1.0000000000000003e-05	1.0000000000000003e-05	9.979464285714287e-06	9.908750000000004e-06	9.91095238095238e-06	9.981250000000004e-06	9.999583333333337e-06	1.0000000000000003e-05	1.0000000000000003e-05	1.0000000000000003e-05	1.0000000000000003e-05	1.0000000000000003e-05
6300	9.750541125541128e-06	9.842370129870134e-06	9.953841991341996e-06	9.998051948051954e-06	9.996969696969703e-06	9.998917748917753e-06	1.0000000000000004e-05	1.0000000000000004e-05	1.0000000000000004e-05	9.979870129870133e-06	9.881006493506498e-06	9.822294372294373e-06	9.91899350649351e-06	9.997835497835502e-06	1.0000000000000004e-05	1.0000000000000004e-05	1.0000000000000004e-05	1.0000000000000004e-05	1.0000000000000004e-05
6400	9.768103448275864e-06	9.852832512315272e-06	9.955418719211824e-06	9.996859605911333e-06	9.957081280788184e-06	9.947967980295572e-06	9.987746305418722e-06	1.0000000000000003e-05	1.0000000000000003e-05	9.977524630541876e-06	9.88516009852217e-06	9.83725369458128e-06	9.928633004926109e-06	9.999014778325126e-06	1.0000000000000003e-05	1.0000000000000003e-05	9.965024630541878e-06	9.929433497536949e-06	9.949014778325128e-06
6500	9.806696428571432e-06	9.859988839285717e-06	9.942633928571431e-06	9.928292410714292e-06	9.87315848214286e-06	9.933928571428577e-06	9.993694196428576e-06	9.999162946428576e-06	9.976227678571435e-06	9.958872767857148e-06	9.943861607142859e-06	9.93024553571429e-06	9.967410714285718e-06	9.999218750000004e-06	1.0000000000000004e-05	1.0000000000000004e-05	9.988169642857152e-06	9.965011160714289e-06	9.962890625000004e-06
6600	9.739166666666668e-06	9.837976190476194e-06	9.952678571428574e-06	9.919642857142862e-06	9.906250000000004e-06	9.980357142857146e-06	1.0000000000000003e-05	9.997380952380954e-06	9.99589285714286e-06	9.960773809523813e-06	9.900833333333335e-06	9.938511904761907e-06	9.99994047619048e-06	1.0000000000000003e-05	1.0000000000000003e-05	1.0000000000000003e-05	1.0000000000000003e-05	9.997976190476196e-06	9.989047619047627e-06
6700	9.775460829493091e-06	9.86624423963134e-06	9.960656682027652e-06	9.935771889400925e-06	9.915956221198162e-06	9.97390552995392e-06	1.0000000000000004e-05	1.0000000000000004e-05	9.997811059907836e-06	9.94948156682028e-06	9.918433179723508e-06	9.96664746543779e-06	9.999884792626732e-06	1.0000000000000004e-05	1.0000000000000004e-05	1.0000000000000004e-05	1.0000000000000004e-05	9.996543778801849e-06	9.979262672811064e-06
6800	4.531309523809525e-06	5.927857142857143e-06	8.694880952380955e-06	9.918214285714289e-06	9.896428571428573e-06	9.929583333333337e-06	9.935892857142862e-06	9.973154761904764e-06	9.966190476190483e-06	9.886607142857147e-06	9.867142857142859e-06	9.926904761904763e-06	9.909226190476191e-06	9.889880952380953e-06	9.924285714285717e-06	9.963273809523812e-06	9.96196428571429e-06	9.831726190476194e-06	9.774166666666665e-06
6900	4.0439732142857146e-06	3.3431919642857145e-06	6.6610491071428595e-06	9.881026785714288e-06	9.905133928571432e-06	9.909207589285721e-06	9.902622767857146e-06	9.968582589285718e-06	9.939341517857147e-06	9.842522321428576e-06	9.848158482142861e-06	9.92293526785715e-06	9.904352678571433e-06	9.888392857142863e-06	9.88956473214286e-06	9.921149553571432e-06	9.929575892857147e-06	8.417131696428574e-06	6.8069754464285736e-06
7000	3.477455357142857e-06	3.1293526785714285e-06	6.689174107142859e-06	9.854185267857148e-06	9.906584821428575e-06	9.917410714285718e-06	9.842243303571434e-06	9.864118303571433e-06	9.714787946428574e-06	8.592466517857146e-06	8.784765625000003e-06	9.93415178571429e-06	9.91032366071429e-06	9.851729910714287e-06	9.804575892857148e-06	9.862165178571433e-06	9.985044642857147e-06	9.955747767857146e-06	9.866462053571431e-06
7100	9.997500000000002e-06	9.996666666666669e-06	9.999166666666669e-06	1.0000000000000003e-05	1.0000000000000003e-05	1.0000000000000003e-05	1.0000000000000003e-05	1.0000000000000003e-05	1.0000000000000003e-05	1.0000000000000003e-05	1.0000000000000003e-05	9.998095238095239e-06	9.996666666666669e-06	9.998571428571431e-06	1.0000000000000003e-05	1.0000000000000003e-05	1.0000000000000003e-05	1.0000000000000003e-05	1.0000000000000003e-05
7200	1.0000000000000003e-05	1.0000000000000003e-05	9.990357142857149e-06	9.919523809523813e-06	9.909642857142857e-06	9.980476190476193e-06	1.0000000000000003e-05	9.96994047619048e-06	9.906190476190479e-06	9.879226190476193e-06	9.85666666666667e-06	9.852916666666669e-06	9.93714285714286e-06	9.997916666666671e-06	1.0000000000000003e-05	1.0000000000000003e-05	1.0000000000000003e-05	1.0000000000000003e-05	1.0000000000000003e-05
7300	1.0000000000000004e-05	1.0000000000000004e-05	9.81117511520738e-06	9.152937788018439e-06	9.285599078341019e-06	9.943836405529957e-06	1.0000000000000004e-05	9.970276497695858e-06	9.906509216589866e-06	9.87730414746544e-06	9.851785714285717e-06	9.848905529953919e-06	9.925403225806454e-06	9.97874423963134e-06	9.990495391705074e-06	9.998963133640558e-06	9.98859447004609e-06	9.980645161290329e-06	9.992050691244242e-06
7400	1.0000000000000004e-05	1.0000000000000004e-05	9.992338709677424e-06	9.94124423963134e-06	9.930241935483877e-06	9.981336405529958e-06	1.0000000000000004e-05	9.98133640552996e-06	9.930069124423968e-06	9.895737327188946e-06	9.877880184331802e-06	9.885023041474657e-06	9.900172811059911e-06	9.870564516129033e-06	9.904781105990786e-06	9.980069124423964e-06	9.932258064516133e-06	9.851324884792635e-06	9.884331797235026e-06
7500	9.999107142857144e-06	9.986726190476197e-06	9.969345238095243e-06	9.922321428571433e-06	9.918214285714289e-06	9.975476190476192e-06	9.981488095238097e-06	9.953154761904765e-06	9.910773809523814e-06	9.888035714285717e-06	9.866428571428573e-06	9.860892857142859e-06	9.877083333333337e-06	9.845178571428574e-06	9.887500000000003e-06	9.973333333333338e-06	9.912976190476194e-06	9.825892857142858e-06	9.869404761904766e-06
7600	9.988767281105995e-06	9.931509216589865e-06	9.893260368663599e-06	9.934677419354842e-06	9.81998847926268e-06	9.829608294930879e-06	9.987211981566824e-06	9.99619815668203e-06	9.999884792626732e-06	1.0000000000000004e-05	1.0000000000000004e-05	1.0000000000000004e-05	1.0000000000000004e-05	1.0000000000000004e-05	1.0000000000000004e-05	1.0000000000000004e-05	9.985944700460834e-06	9.91808755760369e-06	9.87165898617512e-06
7700	9.636662946428574e-06	9.333705357142859e-06	9.419363839285718e-06	9.108816964285718e-06	5.6878906249999996e-06	3.9668526785714285e-06	7.484375000000003e-06	9.961216517857146e-06	1.0000000000000004e-05	1.0000000000000004e-05	1.0000000000000004e-05	1.0000000000000004e-05	1.0000000000000004e-05	1.0000000000000004e-05	9.959654017857148e-06	9.904241071428575e-06	9.912109375000001e-06	9.90725446428572e-06	9.903459821428577e-06
7800	9.670794930875578e-06	9.479377880184336e-06	9.442453917050694e-06	8.515149769585257e-06	4.976209677419357e-06	4.308755760368664e-06	7.985599078341014e-06	9.91013824884793e-06	9.988594470046085e-06	1.0000000000000004e-05	9.9918202764977e-06	9.926267281105995e-06	9.90817972350231e-06	9.973732718894011e-06	9.968951612903228e-06	9.891474654377882e-06	9.846543778801847e-06	9.853629032258068e-06	9.880645161290324e-06
7900	9.297559523809527e-06	6.57160714285714e-06	6.2993452380952395e-06	7.452261904761907e-06	4.773273809523809e-06	5.17363095238095e-06	8.578809523809523e-06	9.893869047619053e-06	9.983571428571434e-06	9.995952380952385e-06	9.994345238095239e-06	9.927321428571432e-06	9.905654761904765e-06	9.972678571428574e-06	9.959821428571436e-06	9.905357142857145e-06	9.935297619047624e-06	9.875476190476195e-06	9.733928571428574e-06
8000	8.919124423963134e-06	5.654608294930879e-06	5.608122119815668e-06	7.96451612903226e-06	4.8023617511520736e-06	5.008928571428571e-06	9.112154377880186e-06	9.94521889400922e-06	9.999020737327193e-06	1.0000000000000004e-05	9.995449308755762e-06	9.984389400921663e-06	9.952246543778808e-06	9.957546082949313e-06	9.994239631336409e-06	1.0000000000000004e-05	1.0000000000000004e-05	1.0000000000000004e-05	1.0000000000000004e-05
8100	9.21566820276498e-06	6.362442396313366e-06	5.900921658986175e-06	7.875921658986177e-06	5.3425115207373265e-06	5.592741935483874e-06	9.246889400921662e-06	9.998732718894012e-06	1.0000000000000004e-05	1.0000000000000004e-05	1.0000000000000004e-05	1.0000000000000004e-05	1.0000000000000004e-05	1.0000000000000004e-05	1.0000000000000004e-05	1.0000000000000004e-05	1.0000000000000004e-05	9.998559907834106e-06	9.995679723502307e-06
8200	5.565059523809524e-06	2.8329166666666667e-06	5.188988095238096e-06	8.027261904761905e-06	4.295416666666668e-06	3.708690476190476e-06	8.178928571428573e-06	9.936309523809525e-06	1.0000000000000003e-05	9.9864880952381e-06	9.961547619047626e-06	9.9552380952381e-06	9.965119047619051e-06	9.98494047619048e-06	1.0000000000000003e-05	1.0000000000000003e-05	1.0000000000000003e-05	1.0000000000000003e-05	1.0000000000000003e-05
8300	5.4102534562212e-06	2.9304723502304146e-06	5.5616359447004626e-06	7.837384792626729e-06	4.1491935483870965e-06	4.02713133640553e-06	8.363364055299539e-06	9.936578341013829e-06	9.998790322580647e-06	9.952016129032262e-06	9.910253456221204e-06	9.897868663594474e-06	9.891762672811062e-06	9.94026497695853e-06	9.98116359447005e-06	9.981509216589866e-06	9.988997695852539e-06	9.990034562211985e-06	9.976324884792631e-06
8400	6.1505252100840346e-06	2.5400735294117644e-06	3.714548319327732e-06	6.79154411764706e-06	3.783455882352941e-06	2.8719012605042013e-06	7.610924369747903e-06	9.911922268907571e-06	9.997478991596647e-06	9.942909663865553e-06	9.891544117647064e-06	9.885241596638662e-06	9.86008403361345e-06	9.871848739495803e-06	9.928991596638663e-06	9.908035714285722e-06	9.921796218487405e-06	9.93445378151261e-06	9.85320378151261e-06
8500	5.828214285714289e-06	2.886726190476191e-06	4.93297619047619e-06	7.427559523809526e-06	4.266785714285715e-06	3.952083333333332e-06	8.200476190476192e-06	9.929107142857143e-06	9.998095238095244e-06	9.945297619047624e-06	9.897380952380954e-06	9.889226190476193e-06	9.860476190476194e-06	9.875476190476192e-06	9.925714285714288e-06	9.90696428571429e-06	9.924702380952384e-06	9.899702380952385e-06	9.764226190476193e-06
8600	4.055476190476193e-06	2.401607142857144e-06	5.23e-06	7.6183928571428585e-06	3.980000000000002e-06	2.3014285714285717e-06	6.89e-06	9.935238095238098e-06	1.0000000000000003e-05	1.0000000000000003e-05	1.0000000000000003e-05	1.0000000000000003e-05	1.0000000000000003e-05	9.999107142857143e-06	9.993928571428573e-06	9.994226190476191e-06	9.999404761904766e-06	9.998809523809524e-06	9.995833333333335e-06
8700	4.496785714285716e-06	2.3742857142857147e-06	4.967142857142857e-06	7.945833333333336e-06	4.096190476190477e-06	1.962142857142857e-06	6.526666666666666e-06	9.750952380952383e-06	1.0000000000000003e-05	1.0000000000000003e-05	1.0000000000000003e-05	1.0000000000000003e-05	1.0000000000000003e-05	1.0000000000000003e-05	1.0000000000000003e-05	9.99779761904762e-06	9.993809523809525e-06	9.995535714285715e-06	9.999523809523814e-06
8800	3.0825000000000006e-06	1.6623809523809521e-06	4.681666666666665e-06	7.3311904761904765e-06	3.6883333333333333e-06	1.9217261904761906e-06	6.596845238095238e-06	9.883869047619051e-06	9.999821428571432e-06	1.0000000000000003e-05	1.0000000000000003e-05	1.0000000000000003e-05	1.0000000000000003e-05	1.0000000000000003e-05	1.0000000000000003e-05	9.996726190476197e-06	9.990297619047623e-06	9.993273809523812e-06	9.999702380952384e-06
8900	4.73165024630542e-06	2.514224137931035e-06	5.267857142857142e-06	7.600184729064042e-06	3.559729064039409e-06	2.171243842364532e-06	6.9586822660098525e-06	9.90708128078818e-06	9.999938423645324e-06	1.0000000000000003e-05	9.980049261083752e-06	9.916687192118232e-06	9.866564039408873e-06	9.924692118226602e-06	9.99476600985222e-06	1.0000000000000003e-05	1.0000000000000003e-05	1.0000000000000003e-05	1.0000000000000003e-05
9000	3.515259740259741e-06	1.935281385281385e-06	4.437391774891776e-06	4.86287878787879e-06	1.3292748917748918e-06	1.2744047619047619e-06	6.006168831168834e-06	9.731655844155848e-06	9.999891774891779e-06	1.0000000000000004e-05	9.969318181818187e-06	9.903950216450222e-06	9.930681818181822e-06	9.996049783549787e-06	9.96915584415585e-06	9.903733766233771e-06	9.922727272727277e-06	9.978571428571436e-06	9.976893939393945e-06
9100	0.0	7.760714285714286e-07	4.729166666666666e-06	4.867261904761905e-06	9.141666666666668e-07	2.0588095238095242e-06	6.863095238095238e-06	9.765297619047619e-06	9.960238095238096e-06	9.999226190476195e-06	9.97666666666667e-06	9.904285714285718e-06	9.923333333333335e-06	9.995654761904765e-06	9.958869047619053e-06	9.914345238095246e-06	9.934166666666672e-06	9.948869047619051e-06	9.955238095238096e-06
9200	0.0	6.427339901477832e-07	4.661022167487684e-06	5.191748768472907e-06	1.173460591133005e-06	1.907573891625616e-06	6.713854679802958e-06	9.806219211822662e-06	9.999938423645324e-06	9.999137931034487e-06	9.967918719211826e-06	9.896366995073894e-06	9.921736453201974e-06	9.994150246305422e-06	1.0000000000000003e-05	1.0000000000000003e-05	9.996490147783252e-06	9.993103448275864e-06	9.996613300492613e-06
9300	0.0	2.922077922077922e-08	1.884307359307359e-06	3.098051948051948e-06	1.2429653679653677e-06	1.6351190476190474e-06	6.442640692640694e-06	9.760714285714292e-06	9.902867965367973e-06	9.946590909090914e-06	9.96471861471862e-06	9.902435064935068e-06	9.932196969696972e-06	9.99756493506494e-06	1.0000000000000004e-05	1.0000000000000004e-05	9.96049783549784e-06	9.907954545454552e-06	9.923106060606066e-06
9400	0.0	9.642857142857142e-08	2.7109447004608292e-06	3.739055299539171e-06	1.1245391705069126e-06	1.629320276497696e-06	6.46451612903226e-06	9.786693548387097e-06	9.901094470046085e-06	9.94850230414747e-06	9.974539170506917e-06	9.89412442396314e-06	9.908237327188943e-06	9.989746543778806e-06	1.0000000000000004e-05	1.0000000000000004e-05	9.961463133640559e-06	9.905414746543782e-06	9.923790322580647e-06
9500	0.0	5.142857142857142e-08	2.295e-06	3.3685714285714287e-06	1.1249999999999998e-06	1.5108928571428568e-06	6.3402380952380956e-06	9.793333333333335e-06	9.904345238095241e-06	9.935773809523813e-06	9.96446428571429e-06	9.860714285714288e-06	9.83184523809524e-06	9.939285714285716e-06	9.999107142857146e-06	1.0000000000000003e-05	9.981071428571433e-06	9.93386904761905e-06	9.926011904761912e-06
9600	0.0	0.0	7.814039408866993e-07	1.303448275862069e-06	5.220443349753694e-07	1.7956896551724138e-06	6.647844827586207e-06	9.74981527093596e-06	9.821736453201973e-06	9.91656403940887e-06	9.957881773399014e-06	9.855911330049264e-06	9.826046798029558e-06	9.932019704433498e-06	9.98897783251232e-06	9.99137931034483e-06	9.969088669950743e-06	9.906342364532023e-06	9.899199507389167e-06
9700	0.0	0.0	0.0	0.0	0.0	1.879058441558441e-06	6.715638528138529e-06	9.831114718614722e-06	9.993452380952384e-06	9.998917748917753e-06	9.962012987012994e-06	8.982251082251085e-06	8.776785714285716e-06	9.746103896103898e-06	9.916883116883122e-06	9.90459956709957e-06	9.947727272727279e-06	9.939935064935072e-06	9.955952380952385e-06
9800	0.0	0.0	0.0	0.0	0.0	1.5911945812807885e-06	6.298275862068968e-06	9.575738916256159e-06	9.793596059113302e-06	9.916995073891627e-06	9.951785714285716e-06	9.027463054187195e-06	8.81071428571429e-06	9.704618226600991e-06	9.88830049261084e-06	9.896921182266014e-06	9.899876847290644e-06	9.914655172413794e-06	9.98503694581281e-06
9900	0.0	0.0	0.0	0.0	0.0	1.9262672811059912e-06	5.38778801843318e-06	6.547983870967742e-06	7.934389400921661e-06	9.845103686635947e-06	9.963594470046086e-06	9.209504608294934e-06	9.018490783410142e-06	9.70201612903226e-06	9.850172811059911e-06	9.878974654377884e-06	9.888940092165903e-06	9.920161290322583e-06	9.983755760368666e-06
10000	0.0	0.0	0.0	0.0	0.0	2.147811059907834e-06	6.959619815668206e-06	9.754435483870971e-06	9.940380184331799e-06	9.997753456221201e-06	9.965668202764984e-06	8.917338709677425e-06	8.730760368663598e-06	9.765725806451618e-06	9.916762672811064e-06	9.854723502304148e-06	9.52574884792627e-06	9.437442396313367e-06	9.810368663594475e-06
