	site
generation	50	100	150	200	250	300	350	400	450	500	550	600	650	700	750	800	850	900	950
0	1.0000000000000004e-05	1.0000000000000004e-05	1.0000000000000004e-05	1.0000000000000004e-05	1.0000000000000004e-05	1.0000000000000004e-05	1.0000000000000004e-05	1.0000000000000004e-05	1.0000000000000004e-05	1.0000000000000004e-05	1.0000000000000004e-05	1.0000000000000004e-05	1.0000000000000004e-05	1.0000000000000004e-05	1.0000000000000004e-05	1.0000000000000004e-05	1.0000000000000004e-05	1.0000000000000004e-05	1.0000000000000004e-05
100	1.0000000000000003e-05	1.0000000000000003e-05	1.0000000000000003e-05	9.985357142857146e-06	9.910238095238097e-06	9.914642857142858e-06	9.989761904761907e-06	1.0000000000000003e-05	1.0000000000000003e-05	9.992261904761908e-06	9.933273809523812e-06	9.907738095238098e-06	9.966726190476192e-06	1.0000000000000003e-05	1.0000000000000003e-05	1.0000000000000003e-05	1.0000000000000003e-05	1.0000000000000003e-05	1.0000000000000003e-05
200	9.878988095238096e-06	9.956369047619049e-06	1.0000000000000003e-05	9.988690476190479e-06	9.915833333333338e-06	9.911309523809526e-06	9.98416666666667e-06	1.0000000000000003e-05	1.0000000000000003e-05	9.994345238095242e-06	9.93261904761905e-06	9.887738095238097e-06	9.87744047619048e-06	9.917916666666669e-06	9.989940476190478e-06	1.0000000000000003e-05	1.0000000000000003e-05	1.0000000000000003e-05	1.0000000000000003e-05
300	9.867424242424245e-06	9.951298701298705e-06	9.999945887445892e-06	9.982629870129876e-06	9.905303030303034e-06	9.89204545454546e-06	9.958387445887453e-06	9.988961038961041e-06	1.0000000000000004e-05	9.993831168831173e-06	9.928841991341997e-06	9.906168831168836e-06	9.938041125541132e-06	9.905032467532471e-06	9.905303030303034e-06	9.90183982683983e-06	9.925162337662345e-06	9.990097402597406e-06	9.999621212121217e-06
400	9.871889400921664e-06	9.952534562211984e-06	1.0000000000000004e-05	9.988997695852537e-06	9.91653225806452e-06	9.911002304147469e-06	9.940207373271893e-06	9.902131336405535e-06	9.943260368663598e-06	9.989516129032263e-06	9.919930875576042e-06	9.83283410138249e-06	9.840610599078346e-06	9.874308755760373e-06	9.908294930875578e-06	9.905011520737329e-06	9.924711981566824e-06	9.989746543778806e-06	1.0000000000000004e-05
500	9.875216450216455e-06	9.953679653679657e-06	1.0000000000000004e-05	9.98777056277057e-06	9.911688311688313e-06	9.906168831168836e-06	9.93376623376624e-06	9.904112554112557e-06	9.951515151515155e-06	9.992045454545462e-06	9.924134199134205e-06	9.83766233766234e-06	9.844101731601736e-06	9.871158008658011e-06	9.904816017316024e-06	9.905465367965374e-06	9.923917748917753e-06	9.98955627705628e-06	1.0000000000000004e-05
600	9.881163594470047e-06	9.958813364055302e-06	9.997983870967744e-06	9.944585253456226e-06	9.865841013824886e-06	9.858064516129031e-06	9.936059907834105e-06	9.99735023041475e-06	1.0000000000000004e-05	9.99481566820277e-06	9.928283410138254e-06	8.862672811059911e-06	6.312039170506912e-06	6.884619815668204e-06	9.482430875576038e-06	9.908928571428575e-06	9.91595622119816e-06	9.987672811059911e-06	1.0000000000000004e-05
700	9.867914746543782e-06	9.948559907834103e-06	9.997004608294936e-06	9.933237327188944e-06	9.858410138248853e-06	9.86877880184332e-06	9.944585253456224e-06	9.997983870967747e-06	1.0000000000000004e-05	9.993202764976962e-06	9.923156682027654e-06	9.187269585253455e-06	6.196025345622119e-06	6.3607718894009195e-06	9.331221198156684e-06	9.846255760368667e-06	9.930241935483876e-06	9.993145161290326e-06	1.0000000000000004e-05
800	9.860178571428571e-06	9.938988095238096e-06	9.989940476190478e-06	9.924523809523814e-06	9.85827380952381e-06	9.873750000000007e-06	9.940178571428574e-06	9.99464285714286e-06	1.0000000000000003e-05	9.99303571428572e-06	9.930476190476195e-06	9.242202380952383e-06	7.386130952380954e-06	7.984761904761905e-06	9.886726190476193e-06	9.983333333333335e-06	1.0000000000000003e-05	1.0000000000000003e-05	1.0000000000000003e-05
900	9.874665178571431e-06	9.938392857142859e-06	9.904854910714292e-06	9.836886160714286e-06	9.858872767857145e-06	9.882868303571434e-06	9.933816964285721e-06	9.98850446428572e-06	9.996205357142861e-06	9.98934151785715e-06	9.922377232142861e-06	9.279687500000001e-06	7.4643973214285715e-06	7.920703125e-06	9.781696428571433e-06	9.975781250000006e-06	9.997154017857148e-06	1.0000000000000004e-05	1.0000000000000004e-05
1000	9.879089861751153e-06	9.93744239631337e-06	9.910253456221206e-06	9.856682027649772e-06	9.851958525345626e-06	9.86635944700461e-06	9.939285714285716e-06	9.997868663594475e-06	1.0000000000000004e-05	9.990668202764981e-06	9.873502304147468e-06	8.974251152073738e-06	7.424135944700465e-06	8.241244239631337e-06	9.889458525345627e-06	9.980933179723505e-06	1.0000000000000004e-05	1.0000000000000004e-05	1.0000000000000004e-05
1100	9.840264976958531e-06	9.941129032258067e-06	9.921947004608299e-06	9.850057603686641e-06	9.835771889400921e-06	9.868317972350232e-06	9.951958525345623e-06	9.9991935483871e-06	9.993548387096777e-06	9.973041474654383e-06	9.811520737327192e-06	8.749251152073734e-06	7.64971198156682e-06	8.637615207373272e-06	9.883928571428576e-06	9.979493087557607e-06	1.0000000000000004e-05	1.0000000000000004e-05	1.0000000000000004e-05
1200	6.981547619047621e-06	9.186904761904763e-06	1.0000000000000003e-05	1.0000000000000003e-05	9.975000000000004e-06	9.905119047619054e-06	9.925e-06	9.994880952380956e-06	9.997440476190479e-06	9.988452380952385e-06	9.880654761904767e-06	8.636250000000004e-06	6.085714285714287e-06	7.24779761904762e-06	9.896190476190477e-06	9.983273809523814e-06	9.993333333333336e-06	9.997559523809527e-06	1.0000000000000003e-05
1300	7.361071428571429e-06	9.411666666666668e-06	1.0000000000000003e-05	9.997500000000002e-06	9.952559523809525e-06	9.900952380952385e-06	9.944107142857146e-06	9.99821428571429e-06	1.0000000000000003e-05	9.99011904761905e-06	9.86821428571429e-06	8.881011904761907e-06	7.346845238095239e-06	8.249464285714287e-06	9.888273809523812e-06	9.982738095238098e-06	1.0000000000000003e-05	1.0000000000000003e-05	1.0000000000000003e-05
1400	6.612376847290642e-06	9.23245073891626e-06	1.0000000000000003e-05	1.0000000000000003e-05	9.960714285714289e-06	9.86600985221675e-06	9.84064039408867e-06	9.933990147783254e-06	9.998645320197047e-06	9.992733990147789e-06	9.75178571428572e-06	8.631527093596059e-06	7.2383620689655185e-06	8.291687192118228e-06	9.913300492610839e-06	9.987500000000002e-06	9.999938423645324e-06	9.989839901477839e-06	9.974507389162567e-06
1500	7.126011904761907e-06	9.208095238095241e-06	9.993095238095243e-06	9.997321428571432e-06	9.96041666666667e-06	9.865773809523812e-06	9.842440476190478e-06	9.930595238095241e-06	9.976666666666669e-06	9.976964285714289e-06	9.993809523809525e-06	1.0000000000000003e-05	1.0000000000000003e-05	1.0000000000000003e-05	9.999761904761904e-06	9.993809523809527e-06	9.98184523809524e-06	9.900892857142862e-06	9.802976190476197e-06
1600	9.175178571428573e-06	9.761309523809525e-06	9.999821428571432e-06	9.983214285714287e-06	9.286785714285718e-06	9.075535714285716e-06	9.768333333333336e-06	9.935654761904767e-06	9.895238095238098e-06	9.923928571428577e-06	9.80351190476191e-06	8.692083333333336e-06	7.2019047619047644e-06	8.25416666666667e-06	9.894226190476194e-06	9.98541666666667e-06	1.0000000000000003e-05	1.0000000000000003e-05	1.0000000000000003e-05
1700	9.85910138248848e-06	9.947983870967744e-06	9.999596774193554e-06	9.952476958525352e-06	8.806797235023042e-06	8.377937788018432e-06	9.517050691244243e-06	9.928801843317978e-06	9.905184331797238e-06	9.963133640552998e-06	9.862788018433187e-06	8.905760368663595e-06	7.028225806451616e-06	7.362615207373275e-06	9.331566820276502e-06	9.960887096774198e-06	1.0000000000000004e-05	1.0000000000000004e-05	1.0000000000000004e-05
1800	9.897544642857144e-06	9.961216517857146e-06	9.999497767857147e-06	9.963448660714291e-06	9.188671875000005e-06	8.950000000000002e-06	9.715290178571433e-06	9.924107142857148e-06	9.905412946428575e-06	9.884765625000004e-06	6.967410714285717e-06	3.5521205357142837e-06	3.9083705357142835e-06	6.888783482142858e-06	9.449218750000006e-06	9.971149553571433e-06	1.0000000000000004e-05	1.0000000000000004e-05	1.0000000000000004e-05
1900	8.853138528138526e-06	9.705086580086582e-06	9.999675324675328e-06	9.958225108225116e-06	8.286904761904767e-06	7.473593073593075e-06	9.140205627705632e-06	9.937337662337669e-06	9.880032467532472e-06	9.651028138528142e-06	6.604112554112555e-06	3.9219155844155835e-06	5.172077922077922e-06	7.600054112554116e-06	9.4241341991342e-06	9.944318181818189e-06	9.968290043290048e-06	9.989285714285718e-06	1.0000000000000004e-05
2000	9.856509216589863e-06	9.945506912442398e-06	9.999711981566823e-06	9.960887096774201e-06	7.55714285714286e-06	6.602476958525347e-06	8.99976958525346e-06	9.923041474654384e-06	9.856336405529957e-06	9.825921658986182e-06	7.413248847926271e-06	4.31831797235023e-06	5.767281105990785e-06	8.927419354838714e-06	9.960483870967746e-06	9.9580069124424e-06	9.945737327188946e-06	9.983928571428575e-06	1.0000000000000004e-05
2100	9.737672811059914e-06	9.878917050691249e-06	9.988594470046085e-06	9.970046082949315e-06	7.88824884792627e-06	7.2805875576036896e-06	9.35259216589862e-06	9.854838709677425e-06	9.655069124423967e-06	9.561866359447006e-06	7.262615207373274e-06	3.943836405529953e-06	3.919758064516129e-06	7.096947004608296e-06	9.617569124423966e-06	9.913997695852539e-06	9.839746543778805e-06	9.861808755760371e-06	9.922407834101388e-06
2200	9.752543290043293e-06	9.878138528138531e-06	9.981764069264076e-06	9.961904761904768e-06	7.360173160173161e-06	6.4677489177489205e-06	9.068073593073596e-06	9.920725108225113e-06	9.825811688311695e-06	9.730248917748923e-06	7.70882034632035e-06	4.439285714285714e-06	4.34047619047619e-06	7.558928571428571e-06	9.76580086580087e-06	9.918668831168836e-06	9.894642857142861e-06	9.95389610389611e-06	9.993452380952384e-06
2300	9.50691244239632e-06	9.80120967741936e-06	9.979205069124429e-06	9.9491935483871e-06	8.127649769585254e-06	7.111981566820279e-06	8.933064516129036e-06	9.920046082949312e-06	9.818375576036867e-06	9.688191244239635e-06	6.790495391705072e-06	4.192453917050691e-06	5.08208525345622e-06	7.695564516129035e-06	9.788767281105995e-06	9.906048387096777e-06	9.892281105990784e-06	9.957373271889407e-06	9.995046082949314e-06
2400	6.229523809523811e-06	8.486071428571431e-06	9.988690476190479e-06	9.963571428571432e-06	8.059761904761904e-06	7.198988095238098e-06	9.090952380952382e-06	9.916130952380956e-06	9.823928571428576e-06	9.848035714285719e-06	9.883988095238097e-06	9.926607142857146e-06	9.994702380952383e-06	1.0000000000000003e-05	1.0000000000000003e-05	1.0000000000000003e-05	1.0000000000000003e-05	1.0000000000000003e-05	1.0000000000000003e-05
2500	6.389285714285716e-06	8.513058035714289e-06	9.98649553571429e-06	9.964787946428577e-06	7.591294642857147e-06	6.694531250000001e-06	9.064843750000005e-06	9.922712053571434e-06	9.818917410714292e-06	9.83404017857143e-06	9.878906250000003e-06	9.937053571428575e-06	9.999162946428576e-06	1.0000000000000004e-05	1.0000000000000004e-05	1.0000000000000004e-05	1.0000000000000004e-05	1.0000000000000004e-05	1.0000000000000004e-05
2600	7.039573732718896e-06	8.755760368663598e-06	9.982315668202768e-06	9.961117511520744e-06	7.860368663594472e-06	5.766589861751151e-06	7.737096774193552e-06	9.791993087557607e-06	9.806394009216593e-06	9.768836405529958e-06	9.801324884792629e-06	9.911463133640556e-06	9.977016129032264e-06	9.892741935483875e-06	9.829665898617512e-06	9.907258064516132e-06	9.988133640552998e-06	1.0000000000000004e-05	1.0000000000000004e-05
2700	5.977790178571432e-06	8.322154017857144e-06	9.834765625000001e-06	9.923828125000003e-06	9.994810267857146e-06	1.0000000000000004e-05	9.997209821428577e-06	9.919531250000006e-06	9.803627232142862e-06	9.790345982142863e-06	9.827734375000004e-06	9.890122767857148e-06	9.95061383928572e-06	9.892633928571433e-06	9.83482142857143e-06	9.905859375000004e-06	9.925279017857147e-06	9.901506696428576e-06	9.960714285714289e-06
2800	5.32586405529954e-06	8.061866359447007e-06	9.83911290322581e-06	9.921082949308757e-06	9.962730414746551e-06	9.904032258064518e-06	9.92718894009217e-06	9.91555299539171e-06	9.810080645161294e-06	9.79493087557604e-06	9.829320276497696e-06	9.881048387096775e-06	9.933467741935487e-06	9.878341013824888e-06	9.828283410138253e-06	9.906336405529955e-06	9.931797235023046e-06	9.888306451612907e-06	9.923790322580647e-06
2900	1.0000000000000003e-05	9.965119047619051e-06	9.898750000000002e-06	9.928214285714289e-06	9.968511904761906e-06	9.906250000000002e-06	9.921488095238098e-06	9.911488095238098e-06	9.81791666666667e-06	9.804523809523811e-06	9.825952380952381e-06	9.877738095238097e-06	9.93428571428572e-06	9.886130952380953e-06	9.837857142857143e-06	9.913452380952381e-06	9.921726190476195e-06	9.907083333333337e-06	9.973511904761907e-06
3000	9.863306451612906e-06	9.920564516129034e-06	9.902880184331801e-06	9.932027649769588e-06	9.946889400921666e-06	9.795852534562218e-06	9.761463133640554e-06	9.826555299539174e-06	9.80357142857143e-06	9.803110599078343e-06	9.82321428571429e-06	9.866417050691247e-06	9.905760368663597e-06	9.84395161290323e-06	9.808294930875576e-06	9.904550691244242e-06	9.9227534562212e-06	9.901670506912446e-06	9.96440092165899e-06
3100	9.826600985221677e-06	9.918041871921184e-06	9.91976600985222e-06	9.939716748768475e-06	9.948091133004933e-06	9.814532019704438e-06	9.76927339901478e-06	9.794088669950742e-06	9.769704433497537e-06	9.790701970443351e-06	9.82549261083744e-06	9.883435960591134e-06	9.917795566502467e-06	9.76274630541872e-06	9.268288177339905e-06	9.277770935960594e-06	9.765270935960594e-06	9.901231527093596e-06	9.951908866995077e-06
3200	9.711822660098523e-06	9.814593596059115e-06	9.866256157635468e-06	9.852647783251236e-06	9.900985221674878e-06	9.955049261083746e-06	9.915086206896553e-06	9.903386699507391e-06	9.908435960591137e-06	9.913485221674878e-06	9.976477832512318e-06	1.0000000000000003e-05	1.0000000000000003e-05	1.0000000000000003e-05	1.0000000000000003e-05	1.0000000000000003e-05	9.996551724137932e-06	9.99150246305419e-06	9.99187192118227e-06
3300	9.715714285714289e-06	9.821369047619051e-06	9.872500000000002e-06	9.852916666666669e-06	9.867083333333337e-06	9.859285714285718e-06	9.847916666666668e-06	9.842142857142858e-06	9.813928571428573e-06	9.879166666666667e-06	9.953750000000001e-06	9.897202380952385e-06	9.916250000000002e-06	9.957916666666672e-06	9.90464285714286e-06	9.933928571428574e-06	9.93821428571429e-06	9.901130952380953e-06	9.95434523809524e-06
3400	9.732546082949314e-06	9.823675115207377e-06	9.865841013824887e-06	9.852822580645163e-06	9.837730414746548e-06	9.814458525345623e-06	9.829896313364058e-06	9.834158986175117e-06	9.809447004608296e-06	9.876958525345627e-06	9.949308755760375e-06	9.90403225806452e-06	9.927534562211985e-06	9.972811059907839e-06	9.9080069124424e-06	9.922350230414749e-06	9.93029953917051e-06	9.887557603686637e-06	9.908122119815671e-06
3500	9.701785714285713e-06	9.811268472906405e-06	9.850985221674878e-06	9.766564039408869e-06	9.786391625615765e-06	9.842857142857144e-06	9.84039408866995e-06	9.841317733990148e-06	9.799876847290639e-06	9.820997536945813e-06	9.851908866995074e-06	9.846551724137934e-06	9.92641625615764e-06	9.993349753694586e-06	9.902216748768477e-06	9.821305418719215e-06	9.868226600985224e-06	9.904987684729068e-06	9.914716748768478e-06
3600	9.693861607142861e-06	9.812053571428574e-06	9.77589285714286e-06	9.428348214285718e-06	9.518973214285718e-06	9.83643973214286e-06	9.844308035714287e-06	9.842801339285718e-06	9.810267857142861e-06	9.844419642857148e-06	9.861383928571432e-06	9.832700892857147e-06	9.850781250000003e-06	9.895256696428573e-06	9.863671875000004e-06	9.802343750000006e-06	9.904575892857148e-06	9.999553571428575e-06	1.0000000000000004e-05
3700	9.686726190476195e-06	9.813809523809527e-06	9.864761904761906e-06	9.75434523809524e-06	9.77005952380953e-06	9.839583333333336e-06	9.84970238095238e-06	9.856369047619047e-06	9.808690476190477e-06	9.838273809523812e-06	9.837559523809528e-06	9.413690476190478e-06	9.40952380952381e-06	9.846666666666672e-06	9.852857142857147e-06	9.799583333333337e-06	9.90178571428572e-06	9.985654761904765e-06	9.996666666666669e-06
3800	9.389702380952383e-06	9.65702380952381e-06	9.846071428571432e-06	9.762976190476192e-06	9.783035714285715e-06	9.849464285714287e-06	9.850476190476191e-06	9.839642857142858e-06	9.809345238095241e-06	9.837380952380954e-06	9.822500000000001e-06	9.737857142857148e-06	9.783511904761909e-06	9.893690476190475e-06	9.85291666666667e-06	9.799404761904765e-06	9.91011904761905e-06	9.99607142857143e-06	9.998452380952385e-06
3900	9.696875000000005e-06	9.80998883928572e-06	9.85089285714286e-06	9.785770089285716e-06	9.799832589285717e-06	9.842968750000003e-06	9.84174107142857e-06	9.83766741071429e-06	9.813225446428572e-06	9.844140625000003e-06	9.598437500000002e-06	9.409319196428577e-06	9.69224330357143e-06	9.896037946428575e-06	9.94425223214286e-06	9.962834821428576e-06	9.977901785714288e-06	9.999665178571431e-06	1.0000000000000004e-05
4000	9.724051339285718e-06	9.804408482142859e-06	9.83058035714286e-06	9.742968750000004e-06	9.80418526785715e-06	9.876227678571432e-06	9.832924107142859e-06	9.834095982142855e-06	9.817689732142858e-06	9.832979910714288e-06	9.867075892857144e-06	9.934598214285718e-06	9.998102678571432e-06	1.0000000000000004e-05	1.0000000000000004e-05	1.0000000000000004e-05	1.0000000000000004e-05	1.0000000000000004e-05	1.0000000000000004e-05
4100	9.708549783549787e-06	9.81477272727273e-06	9.854058441558444e-06	9.775974025974028e-06	9.796428571428575e-06	9.85438311688312e-06	9.838906926406929e-06	9.578571428571428e-06	8.905952380952381e-06	9.085389610389612e-06	9.410389610389613e-06	9.069534632034633e-06	9.475919913419916e-06	9.961688311688316e-06	9.691666666666674e-06	9.622294372294378e-06	9.845454545454549e-06	9.827976190476194e-06	9.892803030303037e-06
4200	9.996428571428575e-06	9.974596774193552e-06	9.882200460829496e-06	9.762557603686639e-06	9.780760368663594e-06	9.841532258064516e-06	9.842857142857144e-06	9.838997695852535e-06	9.81198156682028e-06	9.852073732718896e-06	9.88680875576037e-06	9.929550691244243e-06	9.995391705069129e-06	1.0000000000000004e-05	1.0000000000000004e-05	1.0000000000000004e-05	1.0000000000000004e-05	1.0000000000000004e-05	1.0000000000000004e-05
4300	1.0000000000000004e-05	9.973905529953924e-06	9.876670506912447e-06	9.753801843317978e-06	9.793778801843319e-06	9.86353686635945e-06	9.843894009216592e-06	9.832776497695854e-06	9.809331797235024e-06	9.839170506912443e-06	9.874251152073736e-06	9.930357142857148e-06	9.995622119815671e-06	1.0000000000000004e-05	1.0000000000000004e-05	1.0000000000000004e-05	1.0000000000000004e-05	9.946543778801848e-06	9.857258064516131e-06
4400	1.0000000000000004e-05	9.963582251082258e-06	9.87029220779221e-06	9.783712121212123e-06	9.804978354978362e-06	9.841829004329005e-06	9.830303030303034e-06	9.829491341991345e-06	9.817478354978359e-06	9.839339826839832e-06	9.881222943722949e-06	9.94204545454546e-06	9.995725108225113e-06	1.0000000000000004e-05	1.0000000000000004e-05	1.0000000000000004e-05	9.999837662337665e-06	9.936796536796541e-06	9.847673160173163e-06
4500	9.994252232142866e-06	9.966908482142863e-06	9.846261160714287e-06	9.48649553571429e-06	9.490234375000004e-06	9.794866071428574e-06	9.834319196428572e-06	9.82985491071429e-06	7.709877232142856e-06	6.675000000000001e-06	8.806640625000002e-06	9.91037946428572e-06	9.952790178571435e-06	9.897879464285721e-06	9.905022321428578e-06	9.966852678571436e-06	9.973270089285722e-06	9.975502232142866e-06	9.98270089285715e-06
4600	9.898511904761907e-06	9.881666666666669e-06	9.466547619047621e-06	6.526130952380953e-06	6.600059523809526e-06	9.548511904761907e-06	9.820178571428575e-06	9.792738095238097e-06	9.758154761904766e-06	9.740714285714289e-06	9.653154761904762e-06	9.559821428571431e-06	9.708511904761909e-06	9.815595238095242e-06	9.81029761904762e-06	9.814345238095242e-06	9.813273809523812e-06	9.81369047619048e-06	9.878214285714286e-06
4700	9.89337557603687e-06	9.862730414746547e-06	9.508179723502308e-06	6.408813364055302e-06	6.207315668202767e-06	9.341129032258066e-06	9.814170506912447e-06	9.782603686635947e-06	9.752995391705073e-06	9.746428571428572e-06	9.669470046082954e-06	9.566013824884794e-06	9.711002304147467e-06	9.803283410138249e-06	9.792165898617515e-06	9.793317972350237e-06	9.800806451612906e-06	9.806221198156687e-06	9.860253456221201e-06
4800	1.0000000000000004e-05	1.0000000000000004e-05	1.0000000000000004e-05	9.998847926267286e-06	9.984043778801847e-06	9.981797235023045e-06	9.994700460829494e-06	9.836059907834104e-06	9.461866359447007e-06	9.468951612903227e-06	9.613767281105992e-06	9.565264976958528e-06	9.708813364055304e-06	9.807776497695857e-06	9.815322580645164e-06	9.831970046082954e-06	9.816013824884795e-06	9.804665898617517e-06	9.866244239631339e-06
4900	1.0000000000000004e-05	9.96623883928572e-06	9.366685267857148e-06	6.5046875e-06	6.75518973214286e-06	9.650948660714289e-06	9.98850446428572e-06	9.730022321428577e-06	7.3631696428571455e-06	6.260491071428573e-06	8.401506696428572e-06	9.567466517857146e-06	9.713225446428575e-06	9.795647321428575e-06	9.763560267857147e-06	9.800781250000003e-06	9.92315848214286e-06	9.998716517857147e-06	1.0000000000000004e-05
5000	1.0000000000000004e-05	9.980245535714291e-06	9.543136160714289e-06	5.8301897321428565e-06	5.5849888392857175e-06	9.31768973214286e-06	9.983091517857148e-06	7.871093750000001e-06	3.9065290178571435e-06	4.731919642857143e-06	8.479073660714287e-06	9.56065848214286e-06	9.698604910714288e-06	9.806417410714285e-06	9.762834821428575e-06	9.792466517857148e-06	9.932366071428574e-06	9.999944196428575e-06	1.0000000000000004e-05
5100	1.0000000000000004e-05	9.973905529953924e-06	9.516071428571432e-06	6.258064516129031e-06	6.151670506912444e-06	9.434389400921662e-06	9.979377880184335e-06	7.993778801843324e-06	3.7963133640553013e-06	4.3898617511520745e-06	8.36993087557604e-06	9.559792626728113e-06	9.702995391705074e-06	9.79965437788019e-06	9.761059907834104e-06	9.794124423963137e-06	9.925806451612908e-06	9.99965437788019e-06	1.0000000000000004e-05
5200	9.99982142857143e-06	9.967857142857149e-06	9.4314880952381e-06	6.0417261904761905e-06	6.085357142857145e-06	9.505357142857146e-06	9.984880952380954e-06	7.492202380952384e-06	3.251309523809523e-06	4.481666666666667e-06	8.669523809523813e-06	9.928273809523812e-06	9.994285714285718e-06	9.999583333333337e-06	1.0000000000000003e-05	9.998511904761906e-06	9.994285714285718e-06	9.991666666666668e-06	9.992916666666667e-06
5300	9.86184523809524e-06	9.904404761904761e-06	9.5702380952381e-06	6.442678571428571e-06	6.1461904761904785e-06	9.264404761904764e-06	9.88476190476191e-06	9.558630952380955e-06	7.662380952380954e-06	7.055535714285716e-06	9.026190476190479e-06	9.997380952380954e-06	1.0000000000000003e-05	1.0000000000000003e-05	1.0000000000000003e-05	1.0000000000000003e-05	9.975238095238099e-06	9.865357142857146e-06	9.77107142857143e-06
5400	9.924711981566824e-06	9.969297235023045e-06	9.905414746543784e-06	9.607373271889404e-06	9.654953917050696e-06	9.957373271889404e-06	9.994182027649775e-06	9.926555299539174e-06	9.691762672811066e-06	9.590034562211986e-06	9.826958525345625e-06	9.996313364055303e-06	1.0000000000000004e-05	1.0000000000000004e-05	9.998041474654382e-06	9.993836405529959e-06	9.974884792626735e-06	9.882776497695857e-06	9.802880184331799e-06
5500	9.792075892857144e-06	9.921707589285718e-06	9.944419642857146e-06	9.901897321428577e-06	9.955412946428573e-06	9.999441964285717e-06	9.990904017857147e-06	9.929017857142857e-06	9.687109375000002e-06	9.409375000000003e-06	9.58493303571429e-06	9.856082589285717e-06	9.885937500000004e-06	9.949274553571436e-06	9.994866071428574e-06	1.0000000000000004e-05	1.0000000000000004e-05	1.0000000000000004e-05	1.0000000000000004e-05
5600	9.77874423963134e-06	9.92517281105991e-06	9.951612903225808e-06	9.901094470046088e-06	9.948041474654381e-06	9.999020737327193e-06	9.991820276497705e-06	9.919815668202768e-06	9.694873271889403e-06	9.598847926267283e-06	9.818317972350232e-06	9.727131336405532e-06	9.631682027649773e-06	9.88968894009217e-06	9.974769585253461e-06	9.915034562211983e-06	9.902592165898622e-06	9.8418202764977e-06	9.765956221198164e-06
5700	9.529599567099571e-06	9.823051948051952e-06	9.936525974025979e-06	9.732413419913423e-06	9.793452380952384e-06	9.994805194805203e-06	9.919480519480523e-06	9.828571428571432e-06	9.781493506493509e-06	9.77045454545455e-06	9.882088744588751e-06	8.226244588744593e-06	6.339989177489179e-06	8.100324675324678e-06	9.998322510822515e-06	1.0000000000000004e-05	9.997456709956714e-06	9.940963203463207e-06	9.862337662337667e-06
5800	9.881808035714288e-06	9.95329241071429e-06	9.99893973214286e-06	1.0000000000000004e-05	1.0000000000000004e-05	9.99776785714286e-06	9.925948660714289e-06	9.747935267857145e-06	9.604185267857147e-06	9.676506696428576e-06	9.856417410714295e-06	8.058816964285716e-06	5.118136160714286e-06	6.956640625000003e-06	9.929687500000008e-06	9.99469866071429e-06	9.99352678571429e-06	9.943136160714288e-06	9.872265625e-06
5900	1.0000000000000004e-05	9.98928571428572e-06	9.914508928571434e-06	9.907645089285717e-06	9.982366071428576e-06	9.998828125000003e-06	9.932087053571431e-06	9.838895089285717e-06	9.506529017857146e-06	9.25597098214286e-06	9.622209821428575e-06	7.960044642857145e-06	5.71953125e-06	7.627678571428572e-06	9.872767857142863e-06	9.971651785714288e-06	9.997544642857147e-06	9.946428571428576e-06	9.867968750000002e-06
6000	1.0000000000000004e-05	1.0000000000000004e-05	1.0000000000000004e-05	9.99735023041475e-06	9.996774193548392e-06	9.999423963133645e-06	9.994182027649775e-06	9.927016129032261e-06	9.815207373271892e-06	9.778110599078344e-06	9.881105990783413e-06	7.924366359447007e-06	4.893490783410138e-06	6.860714285714287e-06	9.87407834101383e-06	9.967857142857145e-06	9.996025345622127e-06	9.93271889400922e-06	9.853168202764978e-06
6100	9.975595238095245e-06	9.942911255411262e-06	9.68955627705628e-06	9.169913419913421e-06	9.267261904761905e-06	9.801298701298703e-06	9.9555735930736e-06	9.901082251082255e-06	9.556006493506494e-06	9.431980519480522e-06	9.751244588744595e-06	7.819264069264074e-06	5.555194805194805e-06	7.602867965367965e-06	9.879112554112562e-06	9.952110389610398e-06	9.945238095238101e-06	9.844155844155849e-06	9.777164502164504e-06
6200	1.0000000000000004e-05	1.0000000000000004e-05	1.0000000000000004e-05	1.0000000000000004e-05	1.0000000000000004e-05	1.0000000000000004e-05	9.990205627705633e-06	9.928679653679657e-06	9.832467532467536e-06	9.77343073593074e-06	9.862716450216457e-06	7.50102813852814e-06	4.896320346320346e-06	7.24231601731602e-06	9.833441558441563e-06	9.958495670995675e-06	9.900757575757582e-06	9.79058441558442e-06	9.786634199134207e-06
6300	1.0000000000000003e-05	1.0000000000000003e-05	1.0000000000000003e-05	1.0000000000000003e-05	1.0000000000000003e-05	1.0000000000000003e-05	9.99369047619048e-06	9.929761904761906e-06	9.588452380952382e-06	9.199761904761906e-06	9.39529761904762e-06	7.1471428571428585e-06	4.872678571428572e-06	7.482499999999999e-06	9.87654761904762e-06	9.960000000000003e-06	9.899880952380956e-06	9.753928571428577e-06	9.727500000000003e-06
6400	1.0000000000000003e-05	9.979523809523812e-06	9.911011904761909e-06	9.920476190476194e-06	9.988988095238097e-06	9.979404761904766e-06	9.90857142857143e-06	9.845178571428574e-06	8.16202380952381e-06	7.152916666666667e-06	8.126964285714288e-06	6.30357142857143e-06	5.114404761904763e-06	8.021369047619048e-06	9.959583333333337e-06	9.874523809523812e-06	9.809583333333337e-06	9.829761904761905e-06	9.88095238095238e-06
6500	1.0000000000000004e-05	9.980529953917055e-06	9.908640552995397e-06	9.919470046082953e-06	9.991359447004611e-06	1.0000000000000004e-05	9.99706221198157e-06	9.923732718894013e-06	8.066301843317973e-06	6.88294930875576e-06	7.89746543778802e-06	6.2835253456221194e-06	5.164919354838709e-06	8.017281105990786e-06	9.771658986175117e-06	9.582776497695857e-06	9.739631336405532e-06	9.94521889400922e-06	9.998444700460834e-06
6600	1.0000000000000004e-05	9.983761160714292e-06	9.910881696428575e-06	9.916238839285719e-06	9.989118303571431e-06	1.0000000000000004e-05	9.996875000000006e-06	9.919754464285718e-06	8.54006696428572e-06	7.811495535714286e-06	8.33761160714286e-06	6.281473214285715e-06	5.4998883928571456e-06	8.338504464285717e-06	9.654296875000006e-06	9.429073660714288e-06	9.642020089285719e-06	9.85407366071429e-06	9.963616071428573e-06
6700	9.982891705069129e-06	9.891186635944704e-06	9.824942396313366e-06	9.908813364055302e-06	9.991993087557609e-06	9.981221198156688e-06	9.967857142857145e-06	9.913364055299543e-06	8.0301267281106e-06	7.054781105990786e-06	8.675979262672813e-06	7.204896313364056e-06	5.295564516129034e-06	7.763594470046084e-06	9.667972350230417e-06	9.538076036866362e-06	9.704320276497696e-06	9.844066820276503e-06	9.958352534562215e-06
6800	1.0000000000000004e-05	1.0000000000000004e-05	1.0000000000000004e-05	1.0000000000000004e-05	1.0000000000000004e-05	1.0000000000000004e-05	9.99608294930876e-06	9.91837557603687e-06	8.271889400921659e-06	7.239516129032258e-06	7.376036866359448e-06	4.71480414746544e-06	4.2384792626728115e-06	7.956970046082951e-06	9.787557603686641e-06	9.703225806451615e-06	9.739573732718895e-06	9.841301843317974e-06	9.964573732718896e-06
6900	1.0000000000000003e-05	1.0000000000000003e-05	1.0000000000000003e-05	1.0000000000000003e-05	1.0000000000000003e-05	9.99964285714286e-06	9.992083333333337e-06	9.82029761904762e-06	6.52077380952381e-06	4.911547619047618e-06	6.857619047619049e-06	5.257559523809525e-06	4.628333333333334e-06	7.959404761904765e-06	9.677857142857148e-06	9.565238095238096e-06	9.565297619047619e-06	9.669642857142861e-06	9.94136904761905e-06
7000	1.0000000000000004e-05	1.0000000000000004e-05	1.0000000000000004e-05	9.987555803571435e-06	9.916350446428576e-06	9.912444196428574e-06	9.980691964285719e-06	9.61813616071429e-06	6.121707589285715e-06	2.5462611607142853e-06	3.6190848214285712e-06	3.721540178571427e-06	4.340290178571429e-06	8.130078125000003e-06	9.777287946428575e-06	9.702343750000003e-06	9.743359375000002e-06	9.841015625000006e-06	9.960602678571431e-06
7100	1.0000000000000003e-05	1.0000000000000003e-05	1.0000000000000003e-05	9.983392857142863e-06	9.915654761904765e-06	9.916607142857145e-06	9.976904761904764e-06	9.559047619047622e-06	5.4807738095238105e-06	2.2891666666666666e-06	3.3728571428571432e-06	2.9860714285714294e-06	4.27845238095238e-06	8.243511904761905e-06	9.689107142857147e-06	9.57339285714286e-06	9.723333333333337e-06	9.855476190476194e-06	9.969583333333334e-06
7200	1.0000000000000003e-05	1.0000000000000003e-05	1.0000000000000003e-05	9.986607142857147e-06	9.914523809523812e-06	9.913392857142859e-06	9.982202380952387e-06	9.556309523809527e-06	5.75327380952381e-06	2.109761904761905e-06	2.516785714285714e-06	2.013928571428571e-06	4.3052380952380956e-06	8.842678571428576e-06	9.826250000000006e-06	9.853154761904767e-06	9.965833333333337e-06	9.968035714285716e-06	9.96785714285715e-06
7300	9.996488095238096e-06	9.999464285714289e-06	9.999166666666669e-06	9.980952380952384e-06	9.918214285714289e-06	9.925714285714288e-06	9.75839285714286e-06	7.5695833333333345e-06	3.75422619047619e-06	2.1655357142857144e-06	2.5199999999999996e-06	1.8476785714285713e-06	4.611011904761906e-06	9.034523809523814e-06	9.851666666666674e-06	9.876011904761909e-06	9.981666666666671e-06	9.932202380952384e-06	9.866428571428573e-06
7400	1.0000000000000003e-05	1.0000000000000003e-05	1.0000000000000003e-05	9.984421182266015e-06	9.909298029556652e-06	9.915578817733991e-06	9.793103448275866e-06	7.4751231527093595e-06	3.3975985221674874e-06	1.7124384236453204e-06	2.0316502463054177e-06	1.0607142857142856e-06	1.5926108374384234e-06	6.487007389162564e-06	9.17931034482759e-06	8.766194581280791e-06	9.362807881773397e-06	9.766564039408866e-06	9.827770935960589e-06
7500	1.0000000000000004e-05	1.0000000000000004e-05	1.0000000000000004e-05	9.986774553571431e-06	9.910044642857146e-06	9.88716517857143e-06	9.732142857142861e-06	7.911997767857146e-06	4.1984374999999996e-06	1.6332589285714287e-06	1.3379464285714281e-06	7.714285714285713e-07	1.6458147321428572e-06	6.365290178571431e-06	8.849162946428573e-06	8.683872767857146e-06	9.43058035714286e-06	9.762779017857142e-06	9.825892857142856e-06
7600	9.969475446428578e-06	9.902566964285718e-06	9.924665178571434e-06	9.973158482142864e-06	9.91383928571429e-06	9.917968750000003e-06	9.700334821428575e-06	7.5684709821428585e-06	3.688560267857142e-06	1.7387276785714285e-06	2.1726562499999994e-06	1.2897321428571423e-06	1.7737723214285715e-06	6.463950892857143e-06	8.639229910714286e-06	8.341852678571429e-06	9.336607142857142e-06	9.89732142857143e-06	9.974609375000003e-06
7700	9.969921875000007e-06	9.934263392857147e-06	9.957645089285717e-06	9.988225446428576e-06	9.884709821428576e-06	9.816238839285721e-06	9.766908482142861e-06	7.996205357142859e-06	3.957756696428572e-06	1.4283482142857137e-06	2.323325892857142e-06	1.7417410714285711e-06	1.4710937499999998e-06	6.1271763392857154e-06	8.317131696428572e-06	7.774162946428569e-06	9.077901785714287e-06	9.898660714285718e-06	9.973046875000003e-06
7800	9.963333333333335e-06	9.902559523809525e-06	9.936666666666668e-06	9.9839880952381e-06	9.886845238095237e-06	9.79541666666667e-06	9.704702380952385e-06	7.866964285714289e-06	4.018452380952381e-06	1.7228571428571425e-06	2.118214285714285e-06	1.5782142857142855e-06	1.6017261904761907e-06	6.07345238095238e-06	8.788690476190477e-06	8.327142857142857e-06	8.965892857142861e-06	9.692559523809524e-06	9.943750000000003e-06
7900	9.913423645320203e-06	9.802709359605916e-06	9.878448275862073e-06	9.982512315270941e-06	9.873891625615764e-06	9.813054187192122e-06	9.834421182266013e-06	7.978940886699509e-06	3.726169950738916e-06	9.144088669950739e-07	3.724137931034482e-07	1.1637931034482759e-07	1.1117610837438422e-06	5.704064039408867e-06	8.225369458128079e-06	7.760591133004927e-06	9.118041871921183e-06	9.990517241379311e-06	1.0000000000000003e-05
8000	9.690034562211988e-06	9.803917050691248e-06	9.936347926267283e-06	9.98341013824885e-06	8.794182027649773e-06	5.5028225806451615e-06	6.365495391705071e-06	9.549251152073733e-06	6.733179723502307e-06	4.259447004608294e-06	6.343087557603686e-06	5.600230414746544e-06	3.154435483870968e-06	6.238940092165899e-06	8.713882488479268e-06	6.270391705069126e-06	3.44147465437788e-06	4.662903225806451e-06	8.405414746543778e-06
8100	9.687229437229441e-06	9.802380952380957e-06	9.93890692640693e-06	9.987878787878793e-06	8.58896103896104e-06	4.874404761904763e-06	5.871266233766236e-06	9.4849025974026e-06	6.751136363636364e-06	4.309415584415585e-06	6.4757575757575785e-06	5.2369588744588755e-06	2.3793831168831168e-06	6.072402597402599e-06	9.897132034632041e-06	9.997294372294376e-06	1.0000000000000004e-05	1.0000000000000004e-05	1.0000000000000004e-05
8200	9.711635944700467e-06	9.817050691244245e-06	9.897868663594472e-06	9.798214285714286e-06	7.84844470046083e-06	4.655357142857144e-06	6.341532258064517e-06	9.576670506912443e-06	7.164055299539171e-06	4.483698156682028e-06	6.411175115207376e-06	5.604089861751154e-06	2.7600230414746547e-06	6.117453917050692e-06	8.263421658986177e-06	5.638767281105991e-06	3.1683755760368658e-06	3.613709677419356e-06	7.289170506912444e-06
8300	9.747656250000005e-06	9.842689732142862e-06	9.894419642857148e-06	9.875167410714287e-06	8.265290178571428e-06	4.711997767857143e-06	6.116573660714287e-06	9.626395089285719e-06	6.825558035714287e-06	4.654743303571429e-06	6.509486607142859e-06	5.181138392857144e-06	3.1560267857142864e-06	6.5028459821428605e-06	8.512109375e-06	6.547433035714288e-06	5.284374999999998e-06	7.2965959821428595e-06	9.76847098214286e-06
8400	6.840066964285715e-06	9.048493303571434e-06	9.908816964285719e-06	9.96618303571429e-06	7.848493303571432e-06	4.639620535714287e-06	6.616629464285717e-06	9.562946428571433e-06	6.6383370535714305e-06	4.2924107142857155e-06	6.6630580357142895e-06	5.487890625e-06	3.3858258928571433e-06	6.9930803571428595e-06	8.142522321428575e-06	5.8222098214285714e-06	5.3939174107142855e-06	7.706584821428576e-06	9.804966517857145e-06
8500	6.688750000000002e-06	9.036250000000003e-06	9.896130952380954e-06	9.874880952380955e-06	8.19202380952381e-06	4.614821428571428e-06	5.991309523809525e-06	8.935595238095238e-06	5.26547619047619e-06	3.646904761904763e-06	6.117380952380955e-06	4.5011904761904765e-06	2.4925595238095237e-06	6.353750000000002e-06	9.838214285714288e-06	9.906250000000004e-06	9.977083333333335e-06	1.0000000000000003e-05	1.0000000000000003e-05
8600	8.886576354679803e-06	9.567795566502464e-06	9.818472906403942e-06	9.885467980295569e-06	7.879495073891627e-06	4.506650246305419e-06	5.840332512315272e-06	7.318411330049262e-06	3.7543719211822676e-06	2.633866995073892e-06	4.526108374384237e-06	3.083435960591134e-06	2.1541871921182265e-06	6.32906403940887e-06	8.97173645320197e-06	7.130911330049262e-06	4.779926108374384e-06	6.205357142857142e-06	9.240024630541872e-06
8700	9.738337053571433e-06	9.808761160714288e-06	9.81422991071429e-06	9.891015625000004e-06	8.247488839285719e-06	4.593080357142858e-06	5.920982142857146e-06	8.36640625e-06	4.604352678571429e-06	3.1046875000000005e-06	4.014508928571429e-06	1.7405691964285715e-06	1.6519531250000003e-06	6.321372767857145e-06	8.594921875000004e-06	6.310881696428574e-06	3.3967633928571436e-06	4.842968750000001e-06	8.82042410714286e-06
8800	9.98616071428572e-06	9.812053571428574e-06	9.630580357142858e-06	9.715122767857147e-06	8.008928571428572e-06	4.618470982142856e-06	6.145758928571432e-06	8.722767857142858e-06	5.097767857142859e-06	3.1380580357142864e-06	3.987053571428571e-06	1.8497767857142858e-06	1.4943638392857142e-06	6.020870535714288e-06	6.251283482142859e-06	3.8304687499999995e-06	3.7419642857142854e-06	5.649107142857145e-06	9.01004464285715e-06
8900	9.862890625000002e-06	9.951841517857146e-06	9.999665178571431e-06	1.0000000000000004e-05	9.998828125000003e-06	9.949944196428577e-06	9.895145089285715e-06	9.166685267857146e-06	4.840401785714287e-06	2.7180803571428573e-06	3.7124999999999996e-06	1.6121651785714284e-06	1.764229910714286e-06	5.8301897321428565e-06	5.0875e-06	2.9802455357142863e-06	2.4686383928571434e-06	4.701450892857143e-06	9.188727678571436e-06
9000	9.821428571428574e-06	9.844873271889403e-06	9.926785714285719e-06	9.981105990783416e-06	9.984907834101386e-06	9.932085253456224e-06	9.899366359447006e-06	9.158640552995395e-06	5.006797235023043e-06	2.4387096774193553e-06	3.135483870967742e-06	1.5086405529953916e-06	1.0073156682027646e-06	1.9193548387096765e-06	1.4027649769585255e-06	2.1339861751152072e-06	2.30028801843318e-06	4.573041474654377e-06	8.849769585253456e-06
9100	9.645103686635951e-06	9.71710829493088e-06	9.892108294930879e-06	9.998675115207377e-06	9.998675115207377e-06	9.937154377880188e-06	9.899251152073735e-06	9.78554147465438e-06	6.882718894009218e-06	2.0579493087557604e-06	0.0	0.0	1.1896889400921656e-06	1.9724654377880177e-06	1.1161290322580643e-06	1.6522465437788017e-06	2.143951612903226e-06	4.643029953917052e-06	8.817972350230418e-06
9200	9.62148617511521e-06	7.62828341013825e-06	6.020737327188941e-06	5.69671658986175e-06	5.296370967741936e-06	3.6620391705069126e-06	5.573156682027652e-06	9.007949308755765e-06	5.3491359447004625e-06	9.580645161290324e-07	0.0	0.0	2.799539170506912e-07	3.483870967741935e-07	3.3750000000000005e-07	2.066301843317973e-06	2.164458525345622e-06	4.103629032258066e-06	8.635599078341017e-06
9300	9.673095238095241e-06	7.873095238095236e-06	6.6351190476190485e-06	5.751666666666668e-06	3.895952380952381e-06	2.686071428571428e-06	5.5229761904761915e-06	8.448452380952381e-06	4.41607142857143e-06	4.82142857142857e-07	0.0	0.0	1.6776190476190479e-06	6.5394642857142865e-06	9.828214285714288e-06	9.876190476190481e-06	9.875000000000001e-06	9.957797619047624e-06	9.983690476190483e-06
9400	6.410591133004925e-06	3.102093596059114e-06	4.258066502463055e-06	5.608004926108375e-06	4.6244458128078804e-06	3.5461822660098513e-06	5.845874384236454e-06	9.009359605911332e-06	5.2440270935960605e-06	8.778325123152707e-07	0.0	0.0	1.6807881773399017e-06	6.592426108374384e-06	9.84827586206897e-06	9.829433497536946e-06	9.860591133004927e-06	9.967302955665029e-06	9.996428571428575e-06
9500	7.339716748768474e-06	3.0701354679802963e-06	3.7699507389162564e-06	5.696674876847292e-06	4.739532019704433e-06	3.4875615763546788e-06	5.667980295566505e-06	8.646182266009853e-06	4.846674876847293e-06	7.681034482758621e-07	0.0	0.0	1.2497536945812808e-06	6.064224137931035e-06	9.756650246305422e-06	9.832204433497537e-06	9.859113300492611e-06	9.96908866995074e-06	1.0000000000000003e-05
9600	6.775595238095238e-06	3.515422077922078e-06	4.628246753246753e-06	5.310714285714286e-06	3.878354978354979e-06	3.57034632034632e-06	5.596536796536799e-06	8.346753246753253e-06	4.886688311688313e-06	9.204545454545454e-07	0.0	0.0	1.0834415584415581e-06	5.87537878787879e-06	9.739502164502171e-06	9.86975108225109e-06	9.8952380952381e-06	9.973051948051952e-06	1.0000000000000004e-05
9700	1.0000000000000004e-05	1.0000000000000004e-05	1.0000000000000004e-05	9.96981566820277e-06	7.168433179723505e-06	3.3519585253456225e-06	5.526324884792627e-06	6.026612903225809e-06	1.6536290322580645e-06	0.0	0.0	0.0	1.967453917050691e-06	6.8395161290322625e-06	9.807142857142864e-06	9.826785714285721e-06	9.788191244239634e-06	9.775518433179724e-06	9.809907834101383e-06
9800	9.959709821428578e-06	9.95848214285715e-06	9.90323660714286e-06	9.898270089285719e-06	7.457031250000006e-06	3.4162388392857148e-06	5.355357142857144e-06	6.04620535714286e-06	1.6187500000000002e-06	0.0	0.0	0.0	1.5274553571428565e-06	6.3609375e-06	9.74888392857143e-06	9.80558035714286e-06	9.861160714285719e-06	9.970982142857147e-06	1.0000000000000004e-05
9900	1.0000000000000004e-05	9.974162946428577e-06	9.907868303571433e-06	9.906250000000004e-06	7.695591517857147e-06	3.570703125e-06	5.29765625e-06	6.161383928571431e-06	1.7113839285714285e-06	0.0	0.0	0.0	1.7127790178571424e-06	6.587946428571429e-06	9.648660714285719e-06	8.597265625000002e-06	8.744810267857148e-06	9.921037946428574e-06	1.0000000000000004e-05
10000	1.0000000000000003e-05	1.0000000000000003e-05	9.986190476190478e-06	9.912321428571433e-06	9.902857142857143e-06	9.749107142857145e-06	9.589880952380954e-06	6.841904761904764e-06	2.024404761904762e-06	0.0	0.0	0.0	1.7881547619047618e-06	6.561904761904765e-06	9.55142857142857e-06	8.542500000000002e-06	8.657083333333336e-06	9.892261904761907e-06	1.0000000000000003e-05
