	site
generation	50	100	150	200	250	300	350	400	450	500	550	600	650	700	750	800	850	900	950
0	1.0000000000000004e-05	1.0000000000000004e-05	1.0000000000000004e-05	1.0000000000000004e-05	1.0000000000000004e-05	1.0000000000000004e-05	1.0000000000000004e-05	1.0000000000000004e-05	1.0000000000000004e-05	1.0000000000000004e-05	1.0000000000000004e-05	1.0000000000000004e-05	1.0000000000000004e-05	1.0000000000000004e-05	1.0000000000000004e-05	1.0000000000000004e-05	1.0000000000000004e-05	1.0000000000000004e-05	1.0000000000000004e-05
100	9.99268433179724e-06	9.998444700460834e-06	1.0000000000000004e-05	1.0000000000000004e-05	1.0000000000000004e-05	1.0000000000000004e-05	1.0000000000000004e-05	9.957661290322585e-06	9.906336405529955e-06	9.909216589861756e-06	9.90086405529954e-06	9.939573732718897e-06	9.999251152073736e-06	1.0000000000000004e-05	1.0000000000000004e-05	9.97309907834102e-06	9.915322580645166e-06	9.930126728110603e-06	9.987903225806454e-06
200	1.0000000000000004e-05	9.987500000000007e-06	9.96820276497696e-06	9.980241935483875e-06	9.999539170506917e-06	1.0000000000000004e-05	1.0000000000000004e-05	1.0000000000000004e-05	1.0000000000000004e-05	1.0000000000000004e-05	1.0000000000000004e-05	1.0000000000000004e-05	9.995564516129038e-06	9.993548387096779e-06	9.997983870967744e-06	9.999308755760373e-06	9.983006912442404e-06	9.974884792626733e-06	9.991186635944704e-06
300	1.0000000000000004e-05	9.965422077922084e-06	9.90162337662338e-06	9.934577922077925e-06	9.998376623376627e-06	1.0000000000000004e-05	1.0000000000000004e-05	9.995562770562775e-06	9.980357142857149e-06	9.923106060606066e-06	9.910551948051952e-06	9.972240259740265e-06	1.0000000000000004e-05	1.0000000000000004e-05	1.0000000000000004e-05	1.0000000000000004e-05	9.95854978354979e-06	9.903787878787883e-06	9.920887445887452e-06
400	9.873156682027653e-06	9.88853686635945e-06	9.892396313364056e-06	9.938133640552999e-06	9.997753456221201e-06	1.0000000000000004e-05	1.0000000000000004e-05	1.0000000000000004e-05	9.98911290322581e-06	9.922926267281108e-06	9.907661290322586e-06	9.973847926267283e-06	1.0000000000000004e-05	1.0000000000000004e-05	1.0000000000000004e-05	1.0000000000000004e-05	9.960311059907842e-06	9.907258064516134e-06	9.923905529953923e-06
500	9.871707589285717e-06	9.891629464285719e-06	9.890178571428574e-06	9.93331473214286e-06	9.99888392857143e-06	1.0000000000000004e-05	1.0000000000000004e-05	9.997823660714289e-06	9.947321428571432e-06	9.91467633928572e-06	9.965178571428574e-06	1.0000000000000004e-05	1.0000000000000004e-05	1.0000000000000004e-05	9.998883928571432e-06	9.982366071428577e-06	9.979241071428579e-06	9.995758928571432e-06	1.0000000000000004e-05
600	9.89553571428572e-06	9.899162946428577e-06	9.901450892857147e-06	9.943470982142861e-06	9.964732142857149e-06	9.916852678571433e-06	9.949107142857147e-06	9.994475446428576e-06	9.916796875000005e-06	9.840178571428576e-06	9.911328125000004e-06	9.992243303571433e-06	1.0000000000000004e-05	1.0000000000000004e-05	1.0000000000000004e-05	1.0000000000000004e-05	1.0000000000000004e-05	9.99754464285715e-06	9.994754464285722e-06
700	9.916428571428572e-06	9.919047619047622e-06	9.872857142857144e-06	9.89714285714286e-06	9.947261904761909e-06	9.903988095238097e-06	9.935000000000002e-06	9.994523809523813e-06	9.935833333333337e-06	9.858571428571432e-06	9.914166666666669e-06	9.99291666666667e-06	1.0000000000000003e-05	1.0000000000000003e-05	1.0000000000000003e-05	1.0000000000000003e-05	9.956964285714289e-06	9.90369047619048e-06	9.92589285714286e-06
800	1.0000000000000003e-05	9.967083333333338e-06	9.841130952380956e-06	9.83291666666667e-06	9.916904761904763e-06	9.902797619047624e-06	9.94196428571429e-06	9.969702380952386e-06	8.873988095238098e-06	8.141845238095241e-06	9.236011904761908e-06	9.995654761904766e-06	1.0000000000000003e-05	1.0000000000000003e-05	1.0000000000000003e-05	9.999226190476195e-06	9.986130952380959e-06	9.980773809523813e-06	9.99386904761905e-06
900	1.0000000000000003e-05	1.0000000000000003e-05	9.998750000000003e-06	9.98380952380953e-06	9.974583333333338e-06	9.989523809523812e-06	1.0000000000000003e-05	1.0000000000000003e-05	1.0000000000000003e-05	1.0000000000000003e-05	9.999166666666667e-06	9.990238095238103e-06	9.987500000000002e-06	9.994226190476196e-06	9.988333333333337e-06	9.988869047619053e-06	9.998333333333337e-06	1.0000000000000003e-05	1.0000000000000003e-05
1000	1.0000000000000004e-05	1.0000000000000004e-05	1.0000000000000004e-05	1.0000000000000004e-05	1.0000000000000004e-05	1.0000000000000004e-05	1.0000000000000004e-05	1.0000000000000004e-05	1.0000000000000004e-05	1.0000000000000004e-05	1.0000000000000004e-05	9.979687500000005e-06	9.928404017857148e-06	9.942187500000005e-06	9.99347098214286e-06	1.0000000000000004e-05	9.982198660714293e-06	9.928794642857149e-06	9.910323660714292e-06
1100	1.0000000000000004e-05	1.0000000000000004e-05	1.0000000000000004e-05	1.0000000000000004e-05	9.99452764976959e-06	9.941762672811067e-06	9.92805299539171e-06	9.980817972350234e-06	1.0000000000000004e-05	1.0000000000000004e-05	1.0000000000000004e-05	9.984907834101389e-06	9.930299539170511e-06	9.937672811059912e-06	9.992281105990787e-06	1.0000000000000004e-05	9.976785714285722e-06	9.92776497695853e-06	9.925057603686641e-06
1200	9.997523041474657e-06	9.986808755760373e-06	9.986347926267285e-06	9.99706221198157e-06	9.995506912442401e-06	9.952304147465445e-06	9.943202764976965e-06	9.986405529953919e-06	1.0000000000000004e-05	1.0000000000000004e-05	9.996140552995395e-06	9.948271889400924e-06	9.886981566820281e-06	9.929147465437794e-06	9.974078341013831e-06	9.9410138248848e-06	9.935368663594477e-06	9.939573732718902e-06	9.942396313364061e-06
1300	9.878988095238098e-06	9.956309523809524e-06	9.99994047619048e-06	1.0000000000000003e-05	9.993869047619048e-06	9.932380952380956e-06	9.919464285714288e-06	9.980952380952382e-06	1.0000000000000003e-05	1.0000000000000003e-05	9.993333333333336e-06	9.91994047619048e-06	9.839464285714289e-06	9.906726190476192e-06	9.953333333333337e-06	9.914285714285717e-06	9.92357142857143e-06	9.915535714285716e-06	9.917023809523809e-06
1400	9.877073732718895e-06	9.938536866359447e-06	9.969988479262682e-06	9.95236175115208e-06	9.889688940092171e-06	9.822580645161291e-06	9.87661290322581e-06	9.97476958525346e-06	1.0000000000000004e-05	1.0000000000000004e-05	9.994009216589866e-06	9.917914746543783e-06	9.815034562211981e-06	9.88185483870968e-06	9.945737327188944e-06	9.903225806451616e-06	9.89832949308756e-06	9.8852534562212e-06	9.897695852534563e-06
1500	9.991071428571433e-06	9.91382488479263e-06	9.818721198156686e-06	9.782891705069129e-06	9.803801843317975e-06	9.812615207373275e-06	9.873502304147468e-06	9.97776497695853e-06	1.0000000000000004e-05	1.0000000000000004e-05	9.987442396313369e-06	9.875172811059912e-06	9.781394009216592e-06	9.882085253456226e-06	9.922580645161293e-06	9.90403225806452e-06	9.83502304147466e-06	8.987788018433185e-06	8.39395161290323e-06
1600	9.981011904761907e-06	9.849761904761909e-06	9.746011904761908e-06	9.202261904761909e-06	6.389642857142857e-06	3.5853571428571425e-06	6.44666666666667e-06	9.912321428571433e-06	9.914523809523812e-06	9.913630952380955e-06	9.960833333333336e-06	9.38107142857143e-06	8.617440476190479e-06	9.154166666666671e-06	9.884702380952381e-06	9.90464285714286e-06	9.803869047619052e-06	8.268690476190478e-06	7.010535714285714e-06
1700	9.969770408163266e-06	9.824936224489796e-06	9.75401785714286e-06	9.829655612244898e-06	8.966645408163268e-06	7.621237244897962e-06	8.459566326530616e-06	9.866326530612245e-06	9.96517857142857e-06	9.964987244897958e-06	9.980038265306123e-06	9.835714285714289e-06	9.476594387755105e-06	9.613584183673472e-06	9.958673469387756e-06	9.96141581632653e-06	9.969260204081632e-06	9.946109693877558e-06	9.941900510204084e-06
1800	9.980357142857147e-06	9.848768472906406e-06	9.771921182266013e-06	9.871921182266014e-06	9.968349753694583e-06	9.914100985221679e-06	9.816379310344832e-06	9.899692118226603e-06	9.997475369458132e-06	9.966317733990149e-06	9.907697044334977e-06	9.94057881773399e-06	9.999199507389166e-06	1.0000000000000003e-05	1.0000000000000003e-05	1.0000000000000003e-05	1.0000000000000003e-05	1.0000000000000003e-05	1.0000000000000003e-05
1900	9.977216748768478e-06	8.7506157635468e-06	7.848460591133005e-06	9.03559113300493e-06	9.960529556650246e-06	9.925862068965521e-06	9.830295566502465e-06	9.900307881773402e-06	9.992795566502466e-06	9.957758620689657e-06	9.907758620689656e-06	9.940332512315274e-06	9.987253694581284e-06	9.992980295566505e-06	9.996859605911334e-06	9.996551724137932e-06	9.990825123152713e-06	9.931896551724139e-06	9.869088669950744e-06
2000	9.97566964285715e-06	9.184877232142862e-06	8.576841517857144e-06	9.135267857142858e-06	7.4916852678571455e-06	3.283370535714287e-06	4.2578125e-06	8.68270089285715e-06	9.882142857142861e-06	9.485323660714288e-06	9.383984375000002e-06	9.506696428571431e-06	9.357868303571434e-06	9.606584821428574e-06	9.900781250000002e-06	9.908816964285719e-06	9.46032366071429e-06	7.29972098214286e-06	6.4585937500000016e-06
2100	9.833986175115208e-06	9.782603686635947e-06	9.823963133640555e-06	9.95599078341014e-06	1.0000000000000004e-05	1.0000000000000004e-05	1.0000000000000004e-05	9.98928571428572e-06	9.880760368663598e-06	9.175288018433184e-06	8.825230414746545e-06	9.003974654377881e-06	8.468145161290326e-06	8.970564516129035e-06	9.923559907834104e-06	9.938076036866362e-06	9.767108294930879e-06	8.38185483870968e-06	7.40184331797235e-06
2200	9.839112903225807e-06	9.77108294930876e-06	9.79948156682028e-06	9.872465437788023e-06	9.920218894009221e-06	9.990149769585257e-06	1.0000000000000004e-05	9.997119815668206e-06	9.993894009216594e-06	9.941071428571434e-06	9.902880184331801e-06	9.958582949308758e-06	1.0000000000000004e-05	9.997177419354843e-06	9.94009216589862e-06	9.902707373271892e-06	9.618375576036873e-06	7.548905529953922e-06	6.3407834101382545e-06
2300	9.81339285714286e-06	9.762053571428573e-06	9.825390625000003e-06	9.886328125000003e-06	9.910491071428574e-06	9.990178571428577e-06	1.0000000000000004e-05	1.0000000000000004e-05	9.999497767857145e-06	9.973325892857148e-06	9.920982142857148e-06	9.93454241071429e-06	9.98264508928572e-06	9.993750000000004e-06	9.937890625e-06	9.920256696428575e-06	9.668359375000005e-06	9.09977678571429e-06	9.275558035714292e-06
2400	9.877707373271891e-06	9.83133640552996e-06	9.801152073732723e-06	9.832258064516136e-06	9.91653225806452e-06	9.992281105990787e-06	1.0000000000000004e-05	1.0000000000000004e-05	1.0000000000000004e-05	9.99821428571429e-06	9.984735023041478e-06	9.92027649769586e-06	9.860426267281112e-06	9.920218894009221e-06	9.993548387096779e-06	1.0000000000000004e-05	1.0000000000000004e-05	1.0000000000000004e-05	1.0000000000000004e-05
2500	1.0000000000000004e-05	1.0000000000000004e-05	1.0000000000000004e-05	1.0000000000000004e-05	1.0000000000000004e-05	1.0000000000000004e-05	1.0000000000000004e-05	1.0000000000000004e-05	1.0000000000000004e-05	1.0000000000000004e-05	1.0000000000000004e-05	1.0000000000000004e-05	1.0000000000000004e-05	1.0000000000000004e-05	1.0000000000000004e-05	1.0000000000000004e-05	1.0000000000000004e-05	1.0000000000000004e-05	1.0000000000000004e-05
2600	9.849876847290641e-06	9.930233990147782e-06	9.929002463054191e-06	9.904741379310345e-06	9.969889162561578e-06	1.0000000000000003e-05	1.0000000000000003e-05	1.0000000000000003e-05	1.0000000000000003e-05	9.997844827586209e-06	9.988731527093603e-06	9.982758620689659e-06	9.982820197044336e-06	9.9768472906404e-06	9.983620689655176e-06	9.99519704433498e-06	9.993842364532024e-06	9.995628078817737e-06	9.999261083743845e-06
2700	9.878125000000005e-06	9.919698660714287e-06	9.919754464285716e-06	9.922991071428578e-06	9.973883928571433e-06	9.996037946428576e-06	1.0000000000000004e-05	1.0000000000000004e-05	1.0000000000000004e-05	9.971037946428578e-06	9.91969866071429e-06	9.947712053571431e-06	9.993359375000003e-06	9.910100446428574e-06	9.839732142857146e-06	9.91802455357143e-06	9.994084821428575e-06	9.996428571428575e-06	9.985267857142864e-06
2800	9.855241935483874e-06	9.928974654377883e-06	9.925403225806454e-06	9.904608294930877e-06	9.969412442396317e-06	1.0000000000000004e-05	1.0000000000000004e-05	1.0000000000000004e-05	9.999711981566823e-06	9.9616935483871e-06	9.901555299539175e-06	9.938306451612905e-06	9.99279953917051e-06	9.893548387096778e-06	9.81100230414747e-06	9.90645161290323e-06	9.994930875576038e-06	1.0000000000000004e-05	1.0000000000000004e-05
2900	9.967738095238101e-06	8.873214285714288e-06	7.942738095238098e-06	8.249940476190474e-06	4.767976190476191e-06	7.601190476190478e-07	3.886904761904762e-06	8.687440476190478e-06	9.996428571428573e-06	1.0000000000000003e-05	1.0000000000000003e-05	1.0000000000000003e-05	9.986130952380955e-06	9.864107142857147e-06	9.827202380952382e-06	9.949226190476192e-06	1.0000000000000003e-05	1.0000000000000003e-05	1.0000000000000003e-05
3000	9.962555803571436e-06	9.069363839285715e-06	8.560770089285715e-06	8.826171875000001e-06	5.0495535714285726e-06	8.578683035714285e-07	3.608984375000001e-06	8.431305803571431e-06	9.997265625000004e-06	1.0000000000000004e-05	1.0000000000000004e-05	1.0000000000000004e-05	9.99514508928572e-06	9.990625000000006e-06	9.99464285714286e-06	9.996875000000008e-06	9.997712053571433e-06	1.0000000000000004e-05	1.0000000000000004e-05
3100	9.974076354679806e-06	9.983497536945814e-06	9.987869458128081e-06	9.98768472906404e-06	9.891256157635472e-06	9.725000000000006e-06	9.71379310344828e-06	9.886206896551725e-06	9.956834975369461e-06	9.910344827586209e-06	9.95350985221675e-06	1.0000000000000003e-05	9.999938423645324e-06	9.996859605911334e-06	9.9939039408867e-06	9.932758620689656e-06	9.906157635467982e-06	9.970381773399016e-06	1.0000000000000003e-05
3200	9.999512987012991e-06	9.958441558441563e-06	9.884740259740266e-06	9.85119047619048e-06	9.915746753246759e-06	9.963474025974033e-06	9.897294372294375e-06	9.910822510822514e-06	9.95957792207793e-06	9.904004329004334e-06	9.912824675324681e-06	9.981764069264074e-06	1.0000000000000004e-05	1.0000000000000004e-05	1.0000000000000004e-05	1.0000000000000004e-05	1.0000000000000004e-05	1.0000000000000004e-05	1.0000000000000004e-05
3300	9.999942396313369e-06	9.968029953917056e-06	9.88865207373272e-06	9.850057603686636e-06	9.921082949308757e-06	9.969642857142862e-06	9.921889400921662e-06	9.926900921658989e-06	9.95731566820277e-06	9.907373271889404e-06	9.905069124423966e-06	9.971543778801847e-06	9.999596774193554e-06	1.0000000000000004e-05	1.0000000000000004e-05	1.0000000000000004e-05	9.992511520737333e-06	9.983870967741943e-06	9.991359447004613e-06
3400	9.98853686635945e-06	9.879089861751156e-06	9.789228110599082e-06	9.82805299539171e-06	9.919009216589866e-06	9.962096774193557e-06	9.831682027649771e-06	9.827534562211986e-06	9.958698156682033e-06	9.922407834101386e-06	9.909619815668204e-06	9.977073732718898e-06	9.993145161290326e-06	9.99084101382489e-06	9.997177419354842e-06	1.0000000000000004e-05	9.988306451612907e-06	9.916935483870972e-06	9.868145161290322e-06
3500	9.995935960591135e-06	9.961453201970448e-06	9.943903940886705e-06	9.956465517241384e-06	9.955418719211825e-06	9.965578817733993e-06	9.951785714285718e-06	9.950985221674881e-06	9.983189655172418e-06	9.976108374384239e-06	9.976662561576357e-06	9.995258620689658e-06	9.982758620689659e-06	9.973460591133009e-06	9.989655172413796e-06	9.998891625615766e-06	9.90418719211823e-06	9.774568965517246e-06	9.847721674876846e-06
3600	9.915909090909094e-06	9.921428571428577e-06	9.36877705627706e-06	8.40254329004329e-06	8.89080086580087e-06	9.89291125541126e-06	9.980303030303036e-06	9.99458874458875e-06	9.99247835497836e-06	9.988528138528147e-06	9.987012987012993e-06	9.970021645021654e-06	9.922673160173165e-06	9.870346320346326e-06	9.879383116883124e-06	9.925595238095242e-06	9.954599567099575e-06	9.943398268398274e-06	9.917316017316021e-06
3700	1.0000000000000004e-05	1.0000000000000004e-05	1.0000000000000004e-05	1.0000000000000004e-05	1.0000000000000004e-05	1.0000000000000004e-05	1.0000000000000004e-05	1.0000000000000004e-05	1.0000000000000004e-05	1.0000000000000004e-05	9.996774193548392e-06	9.993548387096779e-06	9.995852534562216e-06	9.996774193548392e-06	9.997695852534566e-06	1.0000000000000004e-05	1.0000000000000004e-05	1.0000000000000004e-05	1.0000000000000004e-05
3800	1.0000000000000004e-05	9.998790322580649e-06	9.968029953917056e-06	9.866705069124431e-06	9.880357142857147e-06	9.982891705069127e-06	1.0000000000000004e-05	1.0000000000000004e-05	1.0000000000000004e-05	1.0000000000000004e-05	1.0000000000000004e-05	1.0000000000000004e-05	1.0000000000000004e-05	1.0000000000000004e-05	1.0000000000000004e-05	1.0000000000000004e-05	1.0000000000000004e-05	1.0000000000000004e-05	1.0000000000000004e-05
3900	9.999251152073734e-06	9.977707373271894e-06	9.940437788018437e-06	9.92096774193549e-06	9.940437788018437e-06	9.932949308755766e-06	9.922119815668206e-06	9.968375576036871e-06	9.996313364055301e-06	9.61612903225807e-06	8.667741935483874e-06	9.03611751152074e-06	9.95120967741936e-06	9.957430875576043e-06	9.992165898617515e-06	1.0000000000000004e-05	1.0000000000000004e-05	1.0000000000000004e-05	1.0000000000000004e-05
4000	9.997177419354843e-06	9.939112903225812e-06	9.866301843317974e-06	9.787269585253461e-06	9.82430875576037e-06	9.891474654377882e-06	9.912211981566824e-06	9.98214285714286e-06	1.0000000000000004e-05	1.0000000000000004e-05	1.0000000000000004e-05	1.0000000000000004e-05	1.0000000000000004e-05	1.0000000000000004e-05	9.996947004608299e-06	9.938306451612908e-06	9.87373271889401e-06	9.92943548387097e-06	9.99706221198157e-06
4100	9.903571428571433e-06	9.948158482142862e-06	9.994363839285719e-06	1.0000000000000004e-05	9.985212053571432e-06	9.332366071428577e-06	8.772712053571432e-06	9.405245535714291e-06	9.918750000000006e-06	9.921763392857148e-06	9.982700892857147e-06	9.999776785714289e-06	9.925167410714291e-06	9.833426339285719e-06	9.90608258928572e-06	9.97053571428572e-06	9.918415178571433e-06	9.943136160714288e-06	9.997209821428577e-06
4200	9.929761904761908e-06	9.981168831168834e-06	1.0000000000000004e-05	1.0000000000000004e-05	9.98674242424243e-06	8.985281385281388e-06	8.255140692640697e-06	9.179924242424245e-06	9.912662337662343e-06	9.98933982683983e-06	9.994696969696974e-06	9.984415584415591e-06	9.778354978354984e-06	8.790097402597405e-06	8.95887445887446e-06	9.911958874458877e-06	9.904112554112557e-06	9.946861471861477e-06	9.997294372294376e-06
4300	9.98686635944701e-06	9.980933179723507e-06	9.987211981566824e-06	9.998905529953921e-06	9.998905529953921e-06	9.994930875576038e-06	9.987788018433184e-06	9.988940092165904e-06	9.997177419354842e-06	1.0000000000000004e-05	9.997753456221204e-06	9.996774193548392e-06	9.952131336405537e-06	9.455011520737332e-06	9.474769585253459e-06	9.951555299539175e-06	9.9608870967742e-06	9.980529953917055e-06	9.998329493087562e-06
4400	9.937788018433184e-06	9.814516129032264e-06	9.86071428571429e-06	9.97494239631337e-06	9.988594470046089e-06	9.997638248847929e-06	9.998963133640553e-06	9.906970046082953e-06	9.811232718894016e-06	9.850748847926272e-06	9.82263824884793e-06	9.822638248847933e-06	9.119354838709678e-06	7.268605990783412e-06	8.02816820276498e-06	9.824366359447009e-06	9.835483870967743e-06	9.939573732718897e-06	9.997062211981571e-06
4500	1.0000000000000004e-05	1.0000000000000004e-05	1.0000000000000004e-05	1.0000000000000004e-05	1.0000000000000004e-05	1.0000000000000004e-05	1.0000000000000004e-05	1.0000000000000004e-05	1.0000000000000004e-05	1.0000000000000004e-05	1.0000000000000004e-05	1.0000000000000004e-05	1.0000000000000004e-05	1.0000000000000004e-05	9.999884792626732e-06	9.997004608294936e-06	9.994239631336409e-06	9.996543778801846e-06	9.999423963133645e-06
4600	1.0000000000000004e-05	1.0000000000000004e-05	1.0000000000000004e-05	1.0000000000000004e-05	1.0000000000000004e-05	1.0000000000000004e-05	1.0000000000000004e-05	1.0000000000000004e-05	1.0000000000000004e-05	1.0000000000000004e-05	1.0000000000000004e-05	9.99861751152074e-06	9.993548387096779e-06	9.988191244239639e-06	9.97332949308756e-06	9.971601382488487e-06	9.966359447004615e-06	9.95345622119816e-06	9.964228110599086e-06
4700	9.880803571428572e-06	9.927622767857147e-06	9.947488839285718e-06	9.900279017857145e-06	9.940234375000002e-06	9.996595982142864e-06	9.997377232142861e-06	1.0000000000000004e-05	9.997377232142865e-06	9.993750000000007e-06	9.996372767857149e-06	9.994531250000006e-06	9.977622767857147e-06	9.95725446428572e-06	9.904241071428572e-06	9.92633928571429e-06	9.98102678571429e-06	9.923102678571434e-06	9.888113839285716e-06
4800	9.870812807881773e-06	9.940332512315272e-06	9.967118226600984e-06	9.90080049261084e-06	9.927832512315272e-06	9.995751231527097e-06	9.9564039408867e-06	9.561514778325126e-06	9.426724137931038e-06	9.821243842364535e-06	9.996859605911333e-06	1.0000000000000003e-05	1.0000000000000003e-05	9.988485221674882e-06	9.922475369458133e-06	9.925307881773401e-06	9.991317733990151e-06	1.0000000000000003e-05	1.0000000000000003e-05
4900	9.779821428571432e-06	9.900773809523812e-06	9.970476190476198e-06	9.96005952380953e-06	9.97857142857143e-06	9.996607142857146e-06	9.989880952380958e-06	9.802023809523813e-06	9.716845238095242e-06	9.901309523809526e-06	9.994226190476195e-06	1.0000000000000003e-05	1.0000000000000003e-05	9.972321428571434e-06	9.901964285714289e-06	9.883988095238097e-06	9.938035714285715e-06	9.94934523809524e-06	9.912083333333338e-06
5000	1.0000000000000003e-05	1.0000000000000003e-05	9.951726190476195e-06	9.82351190476191e-06	9.848273809523814e-06	9.976488095238098e-06	9.972321428571434e-06	9.573333333333339e-06	9.396607142857145e-06	9.786666666666669e-06	9.991071428571431e-06	1.0000000000000003e-05	1.0000000000000003e-05	1.0000000000000003e-05	1.0000000000000003e-05	1.0000000000000003e-05	1.0000000000000003e-05	9.995119047619051e-06	9.98916666666667e-06
5100	9.994873271889405e-06	9.937442396313369e-06	9.905126728110601e-06	9.959850230414748e-06	9.984907834101389e-06	9.98358294930876e-06	9.930126728110603e-06	9.902995391705072e-06	9.968836405529956e-06	1.0000000000000004e-05	1.0000000000000004e-05	1.0000000000000004e-05	1.0000000000000004e-05	9.985023041474661e-06	9.911520737327193e-06	9.91497695852535e-06	9.988191244239635e-06	9.949942396313368e-06	9.863824884792632e-06
5200	1.0000000000000004e-05	1.0000000000000004e-05	9.999404761904768e-06	9.996969696969705e-06	9.99756493506494e-06	1.0000000000000004e-05	1.0000000000000004e-05	1.0000000000000004e-05	1.0000000000000004e-05	1.0000000000000004e-05	1.0000000000000004e-05	1.0000000000000004e-05	9.997186147186152e-06	9.991774891774895e-06	9.99096320346321e-06	9.992207792207796e-06	9.993668831168836e-06	9.997835497835502e-06	1.0000000000000004e-05
5300	9.955595238095242e-06	9.98232142857143e-06	9.995535714285719e-06	9.993333333333336e-06	9.997738095238097e-06	1.0000000000000003e-05	1.0000000000000003e-05	9.983392857142865e-06	9.970000000000004e-06	9.984702380952384e-06	9.991309523809527e-06	9.989523809523814e-06	9.968273809523813e-06	9.955833333333336e-06	9.98041666666667e-06	9.996547619047621e-06	1.0000000000000003e-05	1.0000000000000003e-05	1.0000000000000003e-05
5400	1.0000000000000004e-05	1.0000000000000004e-05	1.0000000000000004e-05	1.0000000000000004e-05	1.0000000000000004e-05	1.0000000000000004e-05	1.0000000000000004e-05	1.0000000000000004e-05	1.0000000000000004e-05	1.0000000000000004e-05	1.0000000000000004e-05	1.0000000000000004e-05	1.0000000000000004e-05	1.0000000000000004e-05	1.0000000000000004e-05	1.0000000000000004e-05	1.0000000000000004e-05	1.0000000000000004e-05	1.0000000000000004e-05
5500	1.0000000000000004e-05	1.0000000000000004e-05	9.998675115207378e-06	9.996774193548392e-06	9.998099078341017e-06	1.0000000000000004e-05	9.999539170506915e-06	9.964688940092171e-06	9.939458525345626e-06	9.946428571428576e-06	9.936002304147466e-06	9.963076036866364e-06	9.97379032258065e-06	9.902592165898622e-06	9.896370967741939e-06	9.96837557603687e-06	1.0000000000000004e-05	1.0000000000000004e-05	1.0000000000000004e-05
5600	9.966133004926111e-06	9.917241379310347e-06	9.919950738916257e-06	9.910098522167492e-06	9.93805418719212e-06	9.996798029556654e-06	9.997413793103453e-06	9.996551724137932e-06	9.999137931034487e-06	9.960036945812813e-06	9.88830049261084e-06	9.86274630541872e-06	9.901847290640397e-06	9.840640394088672e-06	9.837438423645323e-06	9.964162561576357e-06	9.94864532019705e-06	9.007758620689656e-06	8.104679802955665e-06
5700	9.857756696428574e-06	9.841964285714291e-06	9.850167410714288e-06	9.933035714285719e-06	9.997321428571432e-06	1.0000000000000004e-05	1.0000000000000004e-05	1.0000000000000004e-05	1.0000000000000004e-05	9.969642857142863e-06	9.883258928571435e-06	9.841071428571431e-06	9.893470982142862e-06	9.692857142857147e-06	9.576395089285716e-06	9.776897321428573e-06	9.751395089285715e-06	8.527008928571429e-06	7.564564732142856e-06
5800	9.855059523809528e-06	9.837202380952384e-06	9.835714285714287e-06	9.922619047619048e-06	9.997619047619051e-06	1.0000000000000003e-05	1.0000000000000003e-05	1.0000000000000003e-05	9.998869047619049e-06	9.963095238095241e-06	9.874940476190478e-06	9.835714285714289e-06	9.905476190476195e-06	9.32166666666667e-06	8.431845238095236e-06	8.995238095238096e-06	9.875535714285715e-06	9.970952380952384e-06	1.0000000000000003e-05
5900	9.845794930875579e-06	9.926555299539176e-06	9.933813364055303e-06	9.914055299539174e-06	9.943375576036872e-06	9.986059907834104e-06	1.0000000000000004e-05	1.0000000000000004e-05	1.0000000000000004e-05	1.0000000000000004e-05	1.0000000000000004e-05	1.0000000000000004e-05	1.0000000000000004e-05	9.987039170506917e-06	9.942511520737332e-06	9.951670506912445e-06	9.99619815668203e-06	1.0000000000000004e-05	1.0000000000000004e-05
6000	9.857373271889405e-06	9.907315668202771e-06	9.881336405529958e-06	9.885023041474662e-06	9.956854838709683e-06	9.99251152073733e-06	9.97978110599079e-06	9.932834101382495e-06	9.846716589861756e-06	9.867165898617518e-06	9.973502304147469e-06	1.0000000000000004e-05	9.972350230414752e-06	9.930069124423966e-06	9.929089861751157e-06	9.91514976958526e-06	9.8477534562212e-06	9.88726958525346e-06	9.980414746543781e-06
6100	9.756138392857146e-06	9.85959821428572e-06	9.816629464285719e-06	9.84815848214286e-06	9.928906250000005e-06	9.89899553571429e-06	9.92165178571429e-06	9.661272321428575e-06	8.392020089285716e-06	8.54430803571429e-06	9.843526785714288e-06	9.999888392857145e-06	9.981863839285717e-06	9.949218750000004e-06	9.92165178571429e-06	9.90100446428572e-06	9.873939732142859e-06	9.918638392857148e-06	9.991294642857145e-06
6200	1.0000000000000003e-05	1.0000000000000003e-05	9.998988095238098e-06	9.991130952380956e-06	9.984880952380958e-06	9.968095238095242e-06	9.96946428571429e-06	9.994107142857147e-06	9.988214285714291e-06	9.97666666666667e-06	9.988452380952383e-06	1.0000000000000003e-05	1.0000000000000003e-05	1.0000000000000003e-05	1.0000000000000003e-05	1.0000000000000003e-05	1.0000000000000003e-05	1.0000000000000003e-05	1.0000000000000003e-05
6300	1.0000000000000003e-05	1.0000000000000003e-05	1.0000000000000003e-05	9.97666666666667e-06	9.894702380952384e-06	9.846964285714285e-06	9.918630952380956e-06	9.989702380952384e-06	1.0000000000000003e-05	1.0000000000000003e-05	1.0000000000000003e-05	1.0000000000000003e-05	1.0000000000000003e-05	1.0000000000000003e-05	1.0000000000000003e-05	1.0000000000000003e-05	1.0000000000000003e-05	9.991428571428578e-06	9.970595238095244e-06
6400	9.946613300492615e-06	9.974938423645325e-06	9.980049261083747e-06	9.777093596059115e-06	9.675800492610836e-06	9.657081280788182e-06	9.592672413793105e-06	9.544581280788178e-06	9.436576354679802e-06	9.655480295566504e-06	9.922660098522171e-06	9.979002463054189e-06	9.999938423645324e-06	1.0000000000000003e-05	9.998953201970446e-06	9.975800492610842e-06	9.970012315270939e-06	9.980726600985225e-06	9.95985221674877e-06
6500	9.980702764976962e-06	9.98726958525346e-06	9.982430875576041e-06	8.98214285714286e-06	8.167281105990785e-06	9.090552995391706e-06	9.905011520737329e-06	9.98698156682028e-06	9.998675115207378e-06	9.996774193548392e-06	9.998099078341017e-06	1.0000000000000004e-05	1.0000000000000004e-05	1.0000000000000004e-05	9.998675115207377e-06	9.93997695852535e-06	9.907776497695856e-06	9.966474654377884e-06	1.0000000000000004e-05
6600	9.97366071428572e-06	9.846428571428573e-06	9.799274553571435e-06	8.222823660714286e-06	7.521261160714287e-06	9.178125000000003e-06	9.952678571428576e-06	9.999497767857147e-06	1.0000000000000004e-05	9.993861607142862e-06	9.929464285714288e-06	9.903013392857146e-06	9.967410714285718e-06	1.0000000000000004e-05	9.997879464285718e-06	9.92611607142858e-06	9.86975446428572e-06	9.92555803571429e-06	9.981250000000005e-06
6700	9.94948156682028e-06	9.899366359447006e-06	9.899135944700463e-06	8.340783410138256e-06	7.580990783410142e-06	9.058064516129037e-06	9.805702764976963e-06	9.957258064516132e-06	1.0000000000000004e-05	1.0000000000000004e-05	1.0000000000000004e-05	1.0000000000000004e-05	1.0000000000000004e-05	1.0000000000000004e-05	9.996947004608299e-06	9.92805299539171e-06	9.899827188940096e-06	9.968721198156684e-06	1.0000000000000004e-05
6800	9.378850446428572e-06	8.465234375000003e-06	8.874944196428576e-06	8.326450892857149e-06	7.652287946428573e-06	9.048772321428577e-06	9.810937500000004e-06	9.960267857142861e-06	1.0000000000000004e-05	1.0000000000000004e-05	1.0000000000000004e-05	1.0000000000000004e-05	1.0000000000000004e-05	1.0000000000000004e-05	1.0000000000000004e-05	1.0000000000000004e-05	1.0000000000000004e-05	1.0000000000000004e-05	1.0000000000000004e-05
6900	9.499609375000005e-06	9.12633928571429e-06	8.851227678571433e-06	5.785714285714288e-06	5.28900669642857e-06	8.654185267857146e-06	9.827120535714291e-06	9.97047991071429e-06	1.0000000000000004e-05	1.0000000000000004e-05	1.0000000000000004e-05	9.985267857142862e-06	9.91969866071429e-06	9.89972098214286e-06	9.937779017857146e-06	9.97126116071429e-06	9.998772321428576e-06	9.997154017857148e-06	9.988783482142861e-06
7000	9.271103896103899e-06	8.766774891774896e-06	8.573430735930736e-06	4.872186147186148e-06	4.211201298701301e-06	7.519101731601733e-06	8.43555194805195e-06	9.41011904761905e-06	9.993019480519485e-06	9.998971861471865e-06	9.993939393939399e-06	9.983225108225111e-06	9.919642857142864e-06	9.911688311688317e-06	9.974567099567104e-06	9.99399350649351e-06	9.999729437229442e-06	9.991883116883123e-06	9.964826839826844e-06
7100	9.886117511520742e-06	9.785253456221203e-06	9.685541474654381e-06	9.066359447004609e-06	9.086405529953921e-06	9.79372119815669e-06	9.957315668202769e-06	9.982200460829499e-06	9.997753456221201e-06	1.0000000000000004e-05	1.0000000000000004e-05	9.993029953917058e-06	9.940725806451619e-06	9.904320276497701e-06	9.956048387096778e-06	9.999423963133645e-06	1.0000000000000004e-05	9.998790322580649e-06	9.993029953917055e-06
7200	9.902399553571434e-06	9.948604910714291e-06	9.981194196428576e-06	9.963839285714292e-06	9.962053571428578e-06	9.986160714285717e-06	9.999944196428575e-06	1.0000000000000004e-05	1.0000000000000004e-05	1.0000000000000004e-05	1.0000000000000004e-05	9.996819196428576e-06	9.96936383928572e-06	9.939955357142862e-06	9.947321428571434e-06	9.978794642857146e-06	9.980412946428575e-06	9.966294642857151e-06	9.97918526785715e-06
7300	9.964166666666672e-06	9.987976190476193e-06	9.999702380952381e-06	9.994345238095244e-06	9.990297619047624e-06	9.995654761904765e-06	1.0000000000000003e-05	1.0000000000000003e-05	1.0000000000000003e-05	1.0000000000000003e-05	1.0000000000000003e-05	9.99428571428572e-06	9.98666666666667e-06	9.992380952380955e-06	1.0000000000000003e-05	1.0000000000000003e-05	9.997559523809525e-06	9.996666666666669e-06	9.999107142857146e-06
7400	9.827559523809527e-06	9.89077380952381e-06	9.923333333333335e-06	9.900773809523812e-06	9.948095238095239e-06	9.981130952380958e-06	9.95327380952381e-06	9.968571428571431e-06	9.996726190476195e-06	1.0000000000000003e-05	1.0000000000000003e-05	9.986190476190478e-06	9.542916666666672e-06	9.223154761904761e-06	9.628511904761908e-06	9.960654761904766e-06	9.971726190476198e-06	9.950357142857146e-06	9.974226190476191e-06
7500	9.810023041474654e-06	9.847638248847927e-06	9.89873271889401e-06	9.899942396313367e-06	9.936290322580649e-06	9.91664746543779e-06	9.907315668202767e-06	9.983179723502308e-06	1.0000000000000004e-05	1.0000000000000004e-05	1.0000000000000004e-05	9.990956221198161e-06	9.853052995391709e-06	9.654781105990787e-06	9.785656682027653e-06	9.992972350230418e-06	9.969354838709685e-06	9.94608294930876e-06	9.970967741935487e-06
7600	1.0000000000000004e-05	1.0000000000000004e-05	1.0000000000000004e-05	1.0000000000000004e-05	1.0000000000000004e-05	1.0000000000000004e-05	1.0000000000000004e-05	1.0000000000000004e-05	1.0000000000000004e-05	1.0000000000000004e-05	1.0000000000000004e-05	1.0000000000000004e-05	1.0000000000000004e-05	1.0000000000000004e-05	1.0000000000000004e-05	1.0000000000000004e-05	1.0000000000000004e-05	1.0000000000000004e-05	1.0000000000000004e-05
7700	9.916964285714288e-06	9.976488095238098e-06	9.971785714285717e-06	9.835119047619053e-06	9.828214285714288e-06	9.964880952380954e-06	1.0000000000000003e-05	1.0000000000000003e-05	1.0000000000000003e-05	1.0000000000000003e-05	1.0000000000000003e-05	1.0000000000000003e-05	9.971190476190481e-06	9.905297619047624e-06	9.928809523809525e-06	9.994702380952383e-06	9.964523809523815e-06	9.885952380952382e-06	9.84404761904762e-06
7800	9.907430875576041e-06	9.970794930875578e-06	1.0000000000000004e-05	1.0000000000000004e-05	9.999942396313369e-06	9.99464285714286e-06	9.98375576036867e-06	9.98600230414747e-06	9.99452764976959e-06	9.996774193548392e-06	9.999193548387102e-06	1.0000000000000004e-05	1.0000000000000004e-05	1.0000000000000004e-05	1.0000000000000004e-05	9.99510368663595e-06	9.989343317972354e-06	9.991993087557609e-06	9.997753456221201e-06
7900	9.686997767857148e-06	9.92594866071429e-06	9.99899553571429e-06	1.0000000000000004e-05	9.997265625000004e-06	9.946707589285717e-06	9.921540178571431e-06	9.952287946428575e-06	9.916015625000003e-06	9.919754464285718e-06	9.983928571428575e-06	1.0000000000000004e-05	1.0000000000000004e-05	1.0000000000000004e-05	9.998493303571433e-06	9.968917410714293e-06	9.939732142857146e-06	9.95652901785715e-06	9.984430803571435e-06
8000	6.949020737327188e-06	7.269527649769588e-06	9.106336405529956e-06	9.289631336405532e-06	9.429089861751154e-06	9.933410138248851e-06	9.959043778801848e-06	9.896543778801847e-06	9.840034562211985e-06	9.911520737327193e-06	9.987211981566823e-06	9.982315668202768e-06	9.975864055299544e-06	9.991877880184333e-06	9.98870967741936e-06	9.942741935483876e-06	9.885253456221202e-06	9.844988479262677e-06	9.87056451612904e-06
8100	9.99740783410139e-06	9.946774193548392e-06	9.909043778801847e-06	9.95967741935484e-06	1.0000000000000004e-05	1.0000000000000004e-05	9.987096774193554e-06	9.922177419354843e-06	9.91935483870968e-06	9.984274193548391e-06	9.99873271889401e-06	9.95276497695853e-06	9.90541474654378e-06	9.95046082949309e-06	9.99907834101383e-06	9.999942396313369e-06	9.912500000000004e-06	9.819815668202772e-06	9.872695852534564e-06
8200	9.997380952380956e-06	9.943392857142862e-06	9.905952380952384e-06	9.958035714285718e-06	9.993333333333336e-06	9.995238095238097e-06	9.986130952380959e-06	9.896785714285719e-06	9.835773809523814e-06	9.916547619047622e-06	9.990476190476195e-06	9.955773809523814e-06	9.910952380952384e-06	9.954226190476193e-06	9.988750000000002e-06	9.94214285714286e-06	9.924702380952384e-06	9.915833333333338e-06	9.882023809523815e-06
8300	7.118778801843318e-06	7.4919930875576065e-06	9.178974654377884e-06	9.469182027649773e-06	9.603168202764984e-06	9.965092165898621e-06	9.986635944700468e-06	9.906336405529956e-06	9.878686635944704e-06	9.954493087557606e-06	9.960829493087561e-06	9.888882488479268e-06	9.85259216589862e-06	9.890149769585257e-06	9.948905529953923e-06	9.94366359447005e-06	9.930011520737333e-06	9.938076036866365e-06	9.926497695852537e-06
8400	7.081666666666667e-06	7.429880952380954e-06	8.93964285714286e-06	9.054464285714289e-06	9.357083333333336e-06	9.937976190476195e-06	9.936964285714291e-06	9.906547619047622e-06	9.914166666666669e-06	9.980595238095241e-06	9.95541666666667e-06	9.849047619047621e-06	9.821309523809525e-06	9.857023809523811e-06	9.913452380952385e-06	9.91166666666667e-06	9.907678571428572e-06	9.97934523809524e-06	9.998809523809526e-06
8500	9.780665024630543e-06	9.778017241379311e-06	9.773830049261088e-06	9.761391625615767e-06	9.81385467980296e-06	9.867056650246304e-06	9.876231527093597e-06	9.850431034482758e-06	9.886637931034484e-06	9.93559113300493e-06	9.841810344827586e-06	9.764532019704431e-06	9.791687192118225e-06	9.847352216748769e-06	9.91668719211823e-06	9.910960591133009e-06	9.917364532019708e-06	9.986083743842367e-06	9.99796798029557e-06
8600	9.777764976958528e-06	9.735195852534566e-06	9.784562211981571e-06	9.928629032258068e-06	9.992684331797238e-06	9.997465437788021e-06	9.996831797235027e-06	9.994239631336409e-06	9.996716589861755e-06	9.997465437788023e-06	9.996774193548392e-06	9.998905529953921e-06	1.0000000000000004e-05	1.0000000000000004e-05	1.0000000000000004e-05	1.0000000000000004e-05	1.0000000000000004e-05	1.0000000000000004e-05	1.0000000000000004e-05
8700	9.072983870967745e-06	8.294815668202767e-06	8.455645161290324e-06	9.229896313364059e-06	9.866532258064517e-06	9.914285714285717e-06	9.928801843317978e-06	9.92955069124424e-06	9.942108294930878e-06	9.958928571428572e-06	9.935195852534566e-06	9.962730414746546e-06	9.999654377880188e-06	9.997926267281108e-06	9.978629032258068e-06	9.976267281105996e-06	9.995564516129035e-06	1.0000000000000004e-05	1.0000000000000004e-05
8800	1.0000000000000004e-05	9.99850230414747e-06	9.996774193548392e-06	9.998271889400925e-06	1.0000000000000004e-05	1.0000000000000004e-05	1.0000000000000004e-05	1.0000000000000004e-05	1.0000000000000004e-05	1.0000000000000004e-05	9.998387096774197e-06	9.996774193548392e-06	9.997465437788021e-06	9.99619815668203e-06	9.994470046082951e-06	9.99735023041475e-06	1.0000000000000004e-05	1.0000000000000004e-05	1.0000000000000004e-05
8900	1.0000000000000004e-05	9.998329493087562e-06	9.996774193548392e-06	9.998444700460832e-06	1.0000000000000004e-05	1.0000000000000004e-05	1.0000000000000004e-05	1.0000000000000004e-05	1.0000000000000004e-05	1.0000000000000004e-05	1.0000000000000004e-05	1.0000000000000004e-05	1.0000000000000004e-05	1.0000000000000004e-05	1.0000000000000004e-05	9.999942396313369e-06	9.99706221198157e-06	9.996831797235027e-06	9.999711981566823e-06
9000	1.0000000000000004e-05	9.9991935483871e-06	9.993548387096779e-06	9.994354838709681e-06	1.0000000000000004e-05	1.0000000000000004e-05	1.0000000000000004e-05	1.0000000000000004e-05	1.0000000000000004e-05	1.0000000000000004e-05	1.0000000000000004e-05	1.0000000000000004e-05	1.0000000000000004e-05	1.0000000000000004e-05	9.997580645161295e-06	9.996774193548392e-06	9.999193548387102e-06	9.998732718894012e-06	9.995852534562216e-06
9100	7.992281105990786e-06	4.603225806451614e-06	6.2694700460829515e-06	9.691013824884799e-06	9.928801843317978e-06	1.0000000000000004e-05	1.0000000000000004e-05	9.996831797235027e-06	9.993548387096779e-06	9.978398617511524e-06	9.913824884792631e-06	9.918317972350233e-06	9.986175115207376e-06	1.0000000000000004e-05	1.0000000000000004e-05	1.0000000000000004e-05	1.0000000000000004e-05	9.926555299539174e-06	9.794066820276498e-06
9200	7.723214285714287e-06	4.433370535714287e-06	6.3031250000000024e-06	9.640122767857149e-06	9.929966517857148e-06	9.996930803571434e-06	9.996484375000005e-06	9.984709821428577e-06	9.984486607142862e-06	9.98180803571429e-06	9.917187500000005e-06	9.914732142857147e-06	9.982812500000003e-06	1.0000000000000004e-05	1.0000000000000004e-05	9.995982142857146e-06	9.932421875000004e-06	9.782142857142862e-06	9.533203125000003e-06
9300	8.31952380952381e-06	5.188750000000001e-06	6.53922619047619e-06	9.70869047619048e-06	9.952380952380954e-06	1.0000000000000003e-05	1.0000000000000003e-05	1.0000000000000003e-05	1.0000000000000003e-05	9.980595238095241e-06	9.922559523809528e-06	9.928333333333335e-06	9.962976190476196e-06	9.974404761904764e-06	9.997797619047622e-06	9.998750000000001e-06	9.967500000000004e-06	9.516547619047622e-06	8.672797619047619e-06
9400	7.891904761904761e-06	4.4991666666666675e-06	6.147023809523811e-06	9.585714285714291e-06	9.928750000000002e-06	9.944166666666669e-06	9.901130952380955e-06	9.955833333333336e-06	1.0000000000000003e-05	9.980833333333336e-06	9.911488095238098e-06	9.915833333333334e-06	9.985178571428572e-06	1.0000000000000003e-05	1.0000000000000003e-05	1.0000000000000003e-05	9.961428571428576e-06	9.78255952380953e-06	9.621726190476193e-06
9500	1.0000000000000004e-05	1.0000000000000004e-05	1.0000000000000004e-05	1.0000000000000004e-05	1.0000000000000004e-05	1.0000000000000004e-05	1.0000000000000004e-05	1.0000000000000004e-05	1.0000000000000004e-05	1.0000000000000004e-05	1.0000000000000004e-05	1.0000000000000004e-05	9.999596774193554e-06	9.996716589861755e-06	9.994239631336409e-06	9.996831797235027e-06	9.999711981566823e-06	9.893548387096782e-06	9.732258064516136e-06
9600	9.978750000000005e-06	9.996607142857146e-06	1.0000000000000003e-05	9.99494047619048e-06	9.993333333333336e-06	9.99839285714286e-06	1.0000000000000003e-05	1.0000000000000003e-05	9.997321428571433e-06	9.938511904761908e-06	9.897380952380955e-06	9.944821428571433e-06	9.963154761904764e-06	9.898630952380953e-06	9.829107142857144e-06	9.888035714285717e-06	9.982976190476192e-06	8.948035714285716e-06	6.605833333333334e-06
9700	1.0000000000000004e-05	1.0000000000000004e-05	1.0000000000000004e-05	1.0000000000000004e-05	1.0000000000000004e-05	1.0000000000000004e-05	1.0000000000000004e-05	1.0000000000000004e-05	1.0000000000000004e-05	1.0000000000000004e-05	1.0000000000000004e-05	1.0000000000000004e-05	1.0000000000000004e-05	1.0000000000000004e-05	1.0000000000000004e-05	1.0000000000000004e-05	1.0000000000000004e-05	1.0000000000000004e-05	1.0000000000000004e-05
9800	1.0000000000000004e-05	1.0000000000000004e-05	1.0000000000000004e-05	1.0000000000000004e-05	1.0000000000000004e-05	1.0000000000000004e-05	1.0000000000000004e-05	1.0000000000000004e-05	1.0000000000000004e-05	1.0000000000000004e-05	1.0000000000000004e-05	1.0000000000000004e-05	1.0000000000000004e-05	1.0000000000000004e-05	1.0000000000000004e-05	1.0000000000000004e-05	1.0000000000000004e-05	1.0000000000000004e-05	1.0000000000000004e-05
9900	1.0000000000000004e-05	9.98842165898618e-06	9.850403225806457e-06	9.811578341013829e-06	9.949596774193551e-06	9.997177419354842e-06	9.990668202764983e-06	9.993145161290326e-06	9.99965437788019e-06	1.0000000000000004e-05	1.0000000000000004e-05	1.0000000000000004e-05	1.0000000000000004e-05	1.0000000000000004e-05	1.0000000000000004e-05	1.0000000000000004e-05	9.999020737327192e-06	9.993721198156686e-06	9.9918202764977e-06
10000	1.0000000000000004e-05	9.97176339285715e-06	9.829241071428575e-06	9.828236607142861e-06	9.970758928571433e-06	9.967522321428577e-06	9.907254464285721e-06	9.932477678571434e-06	9.99274553571429e-06	9.994977678571434e-06	9.962890625000004e-06	9.894029017857148e-06	9.915234375000004e-06	9.989118303571431e-06	9.980301339285721e-06	9.91813616071429e-06	9.92594866071429e-06	9.988113839285717e-06	1.0000000000000004e-05
