	site
generation	50	100	150	200	250	300	350	400	450	500	550	600	650	700	750	800	850	900	950
0	1.0000000000000004e-05	1.0000000000000004e-05	1.0000000000000004e-05	1.0000000000000004e-05	1.0000000000000004e-05	1.0000000000000004e-05	1.0000000000000004e-05	1.0000000000000004e-05	1.0000000000000004e-05	1.0000000000000004e-05	1.0000000000000004e-05	1.0000000000000004e-05	1.0000000000000004e-05	1.0000000000000004e-05	1.0000000000000004e-05	1.0000000000000004e-05	1.0000000000000004e-05	1.0000000000000004e-05	1.0000000000000004e-05
100	1.0000000000000004e-05	1.0000000000000004e-05	9.99704241071429e-06	9.959263392857149e-06	9.895703125000002e-06	9.920814732142862e-06	9.985379464285721e-06	9.995089285714293e-06	9.993750000000007e-06	9.994642857142862e-06	9.988783482142863e-06	9.989564732142862e-06	9.977455357142864e-06	9.922377232142861e-06	9.923493303571433e-06	9.977622767857147e-06	9.963616071428579e-06	9.912444196428576e-06	9.924274553571432e-06
200	9.911383928571432e-06	9.950781250000003e-06	9.994754464285716e-06	9.98085937500001e-06	9.910323660714292e-06	9.919140625000003e-06	9.987220982142866e-06	9.992689732142865e-06	9.993080357142863e-06	9.997935267857146e-06	1.0000000000000004e-05	1.0000000000000004e-05	9.985881696428578e-06	9.929575892857147e-06	9.935993303571433e-06	9.992299107142861e-06	9.969252232142864e-06	9.924441964285719e-06	9.93844866071429e-06
300	1.0000000000000004e-05	1.0000000000000004e-05	1.0000000000000004e-05	9.974711981566827e-06	9.902534562211983e-06	9.860483870967745e-06	9.89153225806452e-06	9.911059907834104e-06	9.90103686635945e-06	9.947292626728114e-06	9.998444700460834e-06	1.0000000000000004e-05	9.975000000000005e-06	9.877592165898621e-06	9.760541474654378e-06	9.822407834101385e-06	9.941762672811063e-06	9.915725806451618e-06	9.869297235023044e-06
400	9.982196969696975e-06	9.890043290043298e-06	9.824837662337666e-06	9.867424242424247e-06	9.812662337662343e-06	9.783062770562774e-06	9.874621212121219e-06	9.90919913419914e-06	9.902110389610397e-06	9.94420995670996e-06	9.997510822510826e-06	1.0000000000000004e-05	1.0000000000000004e-05	1.0000000000000004e-05	9.999567099567103e-06	9.994859307359313e-06	9.9943722943723e-06	9.98674242424243e-06	9.947077922077929e-06
500	9.992424242424248e-06	9.924567099567103e-06	9.907575757575763e-06	9.926028138528142e-06	9.816233766233771e-06	9.792424242424245e-06	9.884145021645026e-06	9.890746753246758e-06	9.815530303030306e-06	9.86623376623377e-06	9.957629870129872e-06	9.904761904761909e-06	9.926461038961043e-06	9.995238095238097e-06	1.0000000000000004e-05	1.0000000000000004e-05	1.0000000000000004e-05	1.0000000000000004e-05	1.0000000000000004e-05
600	9.968333333333336e-06	9.907083333333339e-06	9.928928571428576e-06	9.966309523809528e-06	9.820773809523816e-06	9.758452380952386e-06	9.875892857142861e-06	9.907559523809526e-06	9.86857142857143e-06	9.920833333333337e-06	9.971547619047625e-06	9.906130952380954e-06	9.926547619047622e-06	9.997202380952384e-06	1.0000000000000003e-05	1.0000000000000003e-05	9.999166666666667e-06	9.956309523809528e-06	9.873809523809525e-06
700	8.0653801843318e-06	5.087269585253457e-06	6.973847926267285e-06	9.964400921658993e-06	9.927764976958531e-06	9.846198156682032e-06	9.147926267281106e-06	8.944066820276498e-06	9.656566820276502e-06	9.92263824884793e-06	9.888076036866364e-06	9.867914746543782e-06	9.94095622119816e-06	9.996831797235027e-06	1.0000000000000004e-05	9.99850230414747e-06	9.994988479262675e-06	9.956048387096781e-06	9.887557603686642e-06
800	7.917559523809525e-06	4.406369047619047e-06	6.4700000000000024e-06	9.98416666666667e-06	9.99869047619048e-06	9.928809523809528e-06	9.82702380952381e-06	9.794226190476191e-06	9.848452380952383e-06	9.912738095238097e-06	9.728869047619048e-06	9.62517857142857e-06	9.856964285714287e-06	9.999047619047621e-06	1.0000000000000003e-05	9.99732142857143e-06	9.996488095238095e-06	9.939226190476193e-06	9.83589285714286e-06
900	1.0000000000000004e-05	1.0000000000000004e-05	1.0000000000000004e-05	1.0000000000000004e-05	1.0000000000000004e-05	1.0000000000000004e-05	1.0000000000000004e-05	9.954838709677423e-06	9.902246543778805e-06	9.91739631336406e-06	9.87206221198157e-06	9.830357142857149e-06	9.925691244239635e-06	9.997407834101386e-06	1.0000000000000004e-05	1.0000000000000004e-05	1.0000000000000004e-05	9.998675115207378e-06	9.99579493087558e-06
1000	9.9914880952381e-06	9.99071428571429e-06	9.996250000000003e-06	1.0000000000000003e-05	1.0000000000000003e-05	1.0000000000000003e-05	1.0000000000000003e-05	9.966785714285718e-06	9.910119047619051e-06	9.92166666666667e-06	9.886130952380953e-06	9.835654761904764e-06	9.923750000000001e-06	9.99589285714286e-06	1.0000000000000003e-05	9.997380952380956e-06	9.980238095238098e-06	9.95470238095238e-06	9.953988095238095e-06
1100	1.0000000000000004e-05	1.0000000000000004e-05	9.996093750000005e-06	9.934040178571433e-06	9.903906250000006e-06	9.965959821428576e-06	1.0000000000000004e-05	9.959263392857146e-06	9.897098214285717e-06	9.898772321428576e-06	9.86183035714286e-06	9.827399553571433e-06	9.922321428571433e-06	9.995814732142862e-06	1.0000000000000004e-05	1.0000000000000004e-05	9.99782366071429e-06	9.996875000000006e-06	9.999051339285718e-06
1200	1.0000000000000004e-05	1.0000000000000004e-05	9.995967741935488e-06	9.931105990783416e-06	9.904953917050695e-06	9.936463133640556e-06	9.899251152073735e-06	9.852246543778806e-06	9.839688940092168e-06	9.886002304147468e-06	9.87021889400922e-06	9.828917050691247e-06	9.92217741935484e-06	9.997523041474657e-06	9.999308755760373e-06	9.992914746543781e-06	9.960887096774198e-06	9.927649769585257e-06	9.922926267281108e-06
1300	1.0000000000000004e-05	1.0000000000000004e-05	9.99442640692641e-06	9.928679653679658e-06	9.89886363636364e-06	9.918235930735935e-06	9.883658008658013e-06	9.852705627705631e-06	9.852759740259743e-06	9.898538961038963e-06	9.872077922077925e-06	9.824242424242425e-06	9.916396103896107e-06	9.995779220779225e-06	1.0000000000000004e-05	9.993722943722952e-06	9.949945887445893e-06	9.852976190476193e-06	9.761471861471868e-06
1400	9.98964285714286e-06	9.916190476190479e-06	9.908750000000002e-06	9.919583333333336e-06	9.873273809523813e-06	9.849285714285716e-06	9.84654761904762e-06	9.854583333333335e-06	9.797976190476195e-06	9.852261904761909e-06	9.879107142857146e-06	9.82309523809524e-06	9.911904761904764e-06	9.926369047619053e-06	9.893928571428576e-06	9.89559523809524e-06	9.90886904761905e-06	9.971071428571428e-06	9.995059523809525e-06
1500	9.985476190476194e-06	9.919226190476193e-06	9.907083333333337e-06	9.915178571428575e-06	9.876130952380953e-06	9.773869047619049e-06	9.563511904761908e-06	9.617976190476196e-06	9.790833333333338e-06	9.81744047619048e-06	9.768214285714288e-06	9.775535714285717e-06	9.916250000000004e-06	9.918750000000004e-06	9.902738095238097e-06	9.905059523809526e-06	9.907321428571432e-06	9.824821428571434e-06	9.677678571428576e-06
1600	9.975230414746548e-06	9.88801843317973e-06	9.900979262672818e-06	9.947292626728114e-06	9.887788018433183e-06	9.804665898617517e-06	9.745622119815672e-06	9.768490783410142e-06	9.788018433179728e-06	9.858237327188945e-06	9.877419354838715e-06	9.832258064516132e-06	9.911232718894011e-06	9.902937788018436e-06	9.810426267281109e-06	9.791474654377882e-06	9.760714285714287e-06	8.616877880184335e-06	7.350172811059908e-06
1700	9.958988095238099e-06	9.844107142857148e-06	9.859345238095241e-06	9.926547619047622e-06	9.8377380952381e-06	9.619523809523812e-06	9.561428571428575e-06	9.7477380952381e-06	9.798035714285718e-06	9.854464285714288e-06	9.87559523809524e-06	9.818571428571433e-06	9.900714285714288e-06	9.66029761904762e-06	9.055297619047622e-06	9.303273809523812e-06	9.889107142857145e-06	9.95214285714286e-06	9.960654761904766e-06
1800	9.92661290322581e-06	9.810541474654384e-06	9.768721198156686e-06	9.818894009216595e-06	9.80259216589862e-06	9.350633640552996e-06	9.165841013824887e-06	7.72004608294931e-06	6.4302419354838735e-06	8.356797235023043e-06	9.871140552995394e-06	9.902707373271894e-06	9.96526497695853e-06	9.993836405529959e-06	1.0000000000000004e-05	1.0000000000000004e-05	1.0000000000000004e-05	1.0000000000000004e-05	1.0000000000000004e-05
1900	9.925806451612906e-06	9.807546082949313e-06	9.681854838709678e-06	8.860656682027652e-06	8.537788018433186e-06	8.667857142857143e-06	8.20996543778802e-06	6.570334101382491e-06	5.457430875576037e-06	7.897177419354841e-06	9.69395161290323e-06	9.475921658986177e-06	9.733467741935487e-06	9.976785714285722e-06	9.976958525345624e-06	9.979838709677422e-06	9.981105990783416e-06	9.950172811059914e-06	9.918836405529962e-06
2000	9.727500000000005e-06	8.916547619047621e-06	9.011666666666667e-06	9.40375e-06	9.033928571428572e-06	9.099642857142858e-06	9.415773809523814e-06	7.45482142857143e-06	5.7975595238095255e-06	8.102500000000002e-06	9.82184523809524e-06	9.575833333333334e-06	9.687678571428576e-06	9.903630952380954e-06	9.892023809523812e-06	9.958809523809523e-06	9.983333333333337e-06	9.87470238095239e-06	9.734404761904766e-06
2100	9.654924242424248e-06	7.460010822510824e-06	7.475487012987016e-06	8.14042207792208e-06	4.689285714285715e-06	2.6824675324675314e-06	2.709956709956709e-06	4.089610389610389e-06	6.280681818181817e-06	8.440367965367971e-06	9.656547619047624e-06	9.352380952380958e-06	9.612770562770567e-06	9.904058441558446e-06	9.902705627705634e-06	9.9590367965368e-06	9.993506493506496e-06	9.875432900432909e-06	9.722294372294377e-06
2200	9.87266009852217e-06	9.852093596059115e-06	9.459051724137933e-06	9.330788177339904e-06	9.69532019704434e-06	7.095258620689656e-06	3.526908866995073e-06	4.313608374384237e-06	5.859667487684731e-06	7.846305418719215e-06	9.713793103448279e-06	9.482573891625618e-06	9.695320197044336e-06	9.8939039408867e-06	9.818903940886697e-06	9.877032019704436e-06	9.964532019704436e-06	9.82838669950739e-06	9.532019704433497e-06
2300	9.860656682027654e-06	9.842511520737329e-06	9.340725806451616e-06	9.22972350230415e-06	9.780645161290325e-06	9.228052995391711e-06	8.941474654377883e-06	9.686866359447007e-06	9.702131336405531e-06	8.641301843317973e-06	7.337096774193549e-06	8.027649769585255e-06	9.57943548387097e-06	8.990034562211985e-06	6.320334101382491e-06	7.167857142857145e-06	9.625230414746548e-06	7.969354838709679e-06	6.501267281105989e-06
2400	9.843630952380956e-06	9.838511904761908e-06	9.622083333333337e-06	9.56696428571429e-06	9.833809523809529e-06	9.868928571428577e-06	9.817797619047622e-06	9.922857142857145e-06	9.91279761904762e-06	8.268154761904763e-06	4.919761904761906e-06	5.959345238095241e-06	9.33851190476191e-06	8.900773809523813e-06	6.16452380952381e-06	7.160059523809526e-06	9.83732142857143e-06	7.841666666666668e-06	5.721547619047622e-06
2500	9.825576036866363e-06	9.834447004608297e-06	9.489400921658987e-06	9.40305299539171e-06	9.79521889400922e-06	9.858640552995394e-06	9.821370967741937e-06	9.920622119815671e-06	9.895737327188946e-06	8.404781105990785e-06	5.08168202764977e-06	5.999366359447005e-06	9.35276497695853e-06	8.620737327188942e-06	5.460080645161292e-06	6.675345622119817e-06	9.76889400921659e-06	7.684504608294934e-06	5.479896313364057e-06
2600	9.854966517857148e-06	9.834821428571434e-06	9.486272321428574e-06	9.412053571428576e-06	9.814508928571431e-06	9.863783482142857e-06	9.813839285714289e-06	9.927845982142859e-06	9.917075892857147e-06	7.957700892857145e-06	4.605691964285715e-06	6.25597098214286e-06	9.649162946428576e-06	9.12237723214286e-06	6.282310267857144e-06	6.999497767857146e-06	9.874888392857147e-06	1.0000000000000004e-05	1.0000000000000004e-05
2700	9.86089285714286e-06	9.884345238095242e-06	9.948392857142859e-06	9.99934523809524e-06	9.979345238095242e-06	9.871011904761908e-06	9.822380952380952e-06	9.918928571428575e-06	9.907976190476195e-06	8.56184523809524e-06	4.063154761904763e-06	4.0502976190476184e-06	8.585000000000002e-06	8.735654761904765e-06	6.344226190476191e-06	7.512261904761907e-06	9.94791666666667e-06	1.0000000000000003e-05	1.0000000000000003e-05
2800	9.88398617511521e-06	9.893375576036867e-06	9.948214285714288e-06	9.999308755760373e-06	9.98145161290323e-06	9.861751152073733e-06	9.819585253456224e-06	9.930357142857148e-06	9.910195852534567e-06	8.313594470046085e-06	3.869758064516128e-06	3.86705069124424e-06	8.030817972350233e-06	6.991877880184332e-06	4.383064516129033e-06	6.9063364055299556e-06	9.876094470046086e-06	1.0000000000000004e-05	1.0000000000000004e-05
2900	9.86119047619048e-06	9.88339285714286e-06	9.950595238095241e-06	9.999821428571432e-06	9.982261904761906e-06	9.75732142857143e-06	9.636130952380952e-06	9.853988095238096e-06	9.914880952380955e-06	8.394642857142859e-06	4.109821428571427e-06	3.620178571428572e-06	7.332976190476192e-06	6.650535714285715e-06	4.364583333333333e-06	7.000000000000001e-06	9.936011904761908e-06	1.0000000000000003e-05	1.0000000000000003e-05
3000	9.852287946428576e-06	9.874888392857147e-06	9.94430803571429e-06	9.999832589285719e-06	9.987946428571435e-06	9.862723214285718e-06	9.813839285714292e-06	9.935546875000006e-06	9.920368303571433e-06	8.120647321428575e-06	3.7510602678571443e-06	3.1656249999999994e-06	7.0287946428571425e-06	7.309319196428573e-06	3.3523437499999997e-06	4.840011160714289e-06	9.310435267857145e-06	9.90987723214286e-06	9.978962053571432e-06
3100	7.767426108374385e-06	9.475738916256158e-06	9.95738916256158e-06	9.950369458128082e-06	9.950061576354682e-06	9.924322660098525e-06	9.876293103448278e-06	9.9384236453202e-06	9.920566502463058e-06	8.101231527093598e-06	4.327278325123153e-06	4.582081280788178e-06	7.806958128078817e-06	6.913669950738917e-06	4.016133004926107e-06	6.168226600985223e-06	9.551662561576359e-06	9.831650246305422e-06	9.969334975369461e-06
3200	8.535773809523811e-06	9.71434523809524e-06	9.99982142857143e-06	9.99684523809524e-06	9.985000000000005e-06	9.863452380952384e-06	9.812916666666667e-06	9.933154761904765e-06	9.913273809523811e-06	8.20309523809524e-06	4.580892857142857e-06	5.685952380952382e-06	9.284940476190479e-06	6.924404761904764e-06	4.409166666666667e-06	7.247261904761908e-06	9.734702380952386e-06	9.80571428571429e-06	9.906428571428573e-06
3300	8.437500000000002e-06	9.687500000000003e-06	1.0000000000000004e-05	1.0000000000000004e-05	9.990569196428574e-06	9.888950892857145e-06	9.844308035714289e-06	9.940345982142861e-06	9.908761160714289e-06	8.320535714285715e-06	4.7877232142857166e-06	4.377176339285716e-06	5.262444196428573e-06	4.238950892857143e-06	4.738783482142857e-06	7.628906250000003e-06	9.739508928571435e-06	9.83694196428572e-06	9.95412946428572e-06
3400	8.233870967741938e-06	9.699884792626732e-06	1.0000000000000004e-05	1.0000000000000004e-05	9.979550691244245e-06	9.863882488479264e-06	9.816589861751156e-06	9.92235023041475e-06	9.269527649769588e-06	6.688191244239632e-06	3.6623271889400914e-06	3.924078341013826e-06	6.364170506912443e-06	6.239400921658985e-06	5.436002304147465e-06	7.88283410138249e-06	9.982085253456225e-06	9.982488479262678e-06	9.99297235023042e-06
3500	8.164400921658987e-06	9.644815668202768e-06	1.0000000000000004e-05	1.0000000000000004e-05	9.989228110599085e-06	9.865783410138252e-06	9.80927419354839e-06	9.927188940092167e-06	9.025748847926267e-06	5.858294930875575e-06	3.4793202764976955e-06	6.238248847926269e-06	9.54481566820277e-06	9.935656682027653e-06	9.824251152073737e-06	9.70132488479263e-06	9.476785714285721e-06	9.57350230414747e-06	9.950576036866362e-06
3600	9.99982142857143e-06	9.957202380952384e-06	9.900595238095242e-06	9.94279761904762e-06	9.982083333333337e-06	9.863869047619051e-06	9.815952380952385e-06	9.92809523809524e-06	8.837738095238098e-06	5.636011904761905e-06	3.0761904761904757e-06	5.849880952380953e-06	9.530952380952386e-06	9.940654761904766e-06	9.832202380952386e-06	9.824821428571433e-06	9.963273809523812e-06	9.934404761904766e-06	9.864523809523812e-06
3700	1.000000000000001e-05	1.000000000000001e-05	9.997058823529419e-06	9.994117647058832e-06	9.996533613445386e-06	9.951365546218495e-06	9.89663865546219e-06	9.93550420168068e-06	9.131670168067233e-06	6.124894957983193e-06	3.302783613445377e-06	5.973424369747901e-06	9.616491596638663e-06	9.936817226890763e-06	9.843014705882356e-06	9.836817226890762e-06	9.961239495798327e-06	9.761029411764711e-06	9.18293067226891e-06
3800	9.595312500000005e-06	9.89743303571429e-06	9.929854910714292e-06	9.931808035714293e-06	9.968359375000004e-06	9.919084821428577e-06	9.875669642857147e-06	9.920424107142864e-06	9.105859375000003e-06	6.1452566964285715e-06	3.436607142857142e-06	5.991741071428575e-06	9.527455357142862e-06	9.957924107142863e-06	9.995312500000007e-06	9.99564732142858e-06	9.996651785714292e-06	9.993191964285717e-06	9.992187500000005e-06
3900	1.0000000000000004e-05	1.0000000000000004e-05	1.0000000000000004e-05	1.0000000000000004e-05	9.997402597402604e-06	9.937554112554116e-06	9.900487012987016e-06	9.951515151515157e-06	8.991179653679658e-06	5.869913419913422e-06	2.9982142857142847e-06	5.922294372294375e-06	9.78847402597403e-06	9.994480519480523e-06	1.0000000000000004e-05	1.0000000000000004e-05	9.997997835497842e-06	9.996969696969703e-06	9.998971861471865e-06
4000	1.0000000000000003e-05	1.0000000000000003e-05	1.0000000000000003e-05	1.0000000000000003e-05	9.99946428571429e-06	9.947321428571434e-06	9.90107142857143e-06	9.442559523809528e-06	6.6214880952380965e-06	4.353214285714284e-06	3.406785714285714e-06	5.754523809523811e-06	9.554523809523812e-06	9.985714285714288e-06	1.0000000000000003e-05	1.0000000000000003e-05	1.0000000000000003e-05	1.0000000000000003e-05	1.0000000000000003e-05
4100	9.889393939393945e-06	9.920400432900437e-06	9.982305194805199e-06	1.0000000000000004e-05	1.0000000000000004e-05	9.95638528138529e-06	9.90221861471862e-06	9.698051948051952e-06	7.6182359307359326e-06	3.996861471861473e-06	2.9040584415584405e-06	6.5678030303030305e-06	9.781547619047626e-06	9.986958874458878e-06	1.0000000000000004e-05	1.0000000000000004e-05	1.0000000000000004e-05	1.0000000000000004e-05	1.0000000000000004e-05
4200	9.874729437229442e-06	9.909956709956716e-06	9.941937229437237e-06	9.958766233766239e-06	9.995075757575762e-06	9.95389610389611e-06	9.90156926406927e-06	9.432683982683985e-06	6.769588744588747e-06	4.5314935064935065e-06	3.4654761904761904e-06	5.814989177489179e-06	9.551190476190482e-06	9.892640692640696e-06	9.933549783549788e-06	9.995508658008663e-06	1.0000000000000004e-05	1.0000000000000004e-05	1.0000000000000004e-05
4300	7.994821428571428e-06	9.37172619047619e-06	9.572142857142862e-06	9.635535714285715e-06	9.830059523809529e-06	9.920952380952383e-06	9.899464285714287e-06	8.81107142857143e-06	4.2810119047619054e-06	1.244642857142857e-06	2.028273809523809e-06	5.657976190476192e-06	9.343809523809523e-06	9.797976190476193e-06	9.904583333333337e-06	9.992261904761908e-06	9.99184523809524e-06	9.992380952380955e-06	9.998154761904763e-06
4400	8.753308823529414e-06	9.644275210084039e-06	9.75982142857143e-06	9.694485294117655e-06	9.82815126050421e-06	9.923109243697487e-06	9.900315126050425e-06	8.574159663865552e-06	4.913918067226891e-06	3.0323004201680674e-06	2.9769432773109238e-06	5.8620798319327725e-06	9.541281512605045e-06	9.900105042016814e-06	9.978781512605052e-06	9.92851890756303e-06	9.903728991596646e-06	9.971481092436982e-06	1.000000000000001e-05
4500	8.113018433179726e-06	8.063767281105993e-06	5.1637672811059916e-06	6.433928571428572e-06	9.705875576036871e-06	8.41947004608295e-06	7.668663594470047e-06	9.152016129032261e-06	8.72021889400922e-06	4.409274193548388e-06	1.917108294930876e-06	5.960944700460829e-06	9.594642857142858e-06	9.893894009216593e-06	9.96480414746544e-06	9.921831797235028e-06	9.907661290322582e-06	9.962327188940098e-06	9.940956221198163e-06
4600	7.698988095238095e-06	8.13107142857143e-06	6.032797619047619e-06	7.2544047619047635e-06	9.741309523809527e-06	8.713988095238098e-06	7.956190476190479e-06	9.139702380952384e-06	9.165059523809526e-06	4.933988095238097e-06	1.7376785714285711e-06	5.479880952380951e-06	9.378630952380955e-06	9.890119047619051e-06	9.957321428571432e-06	9.920654761904764e-06	9.909107142857145e-06	9.965952380952383e-06	9.94791666666667e-06
4700	7.4287388392857174e-06	7.773214285714288e-06	4.692354910714287e-06	3.6615513392857144e-06	7.074720982142859e-06	8.607868303571431e-06	8.23058035714286e-06	9.319140625000006e-06	6.842633928571431e-06	2.7892857142857137e-06	2.4901785714285718e-06	6.202176339285714e-06	9.452120535714289e-06	9.89079241071429e-06	9.951506696428576e-06	9.044698660714287e-06	8.613950892857144e-06	9.537611607142859e-06	9.962500000000003e-06
4800	9.765209359605914e-06	9.803509852216753e-06	9.514963054187195e-06	9.203386699507388e-06	9.508497536945816e-06	9.689408866995079e-06	9.600246305418725e-06	8.327463054187195e-06	3.742118226600985e-06	8.449507389162559e-07	1.7727832512315273e-06	5.791317733990149e-06	9.427647783251232e-06	9.812376847290642e-06	9.695258620689657e-06	6.096366995073893e-06	4.9841133004926105e-06	8.503817733990149e-06	9.596859605911332e-06
4900	1.0000000000000004e-05	1.0000000000000004e-05	9.993614718614726e-06	9.98484848484849e-06	9.99123376623377e-06	1.0000000000000004e-05	9.99886363636364e-06	8.818235930735937e-06	4.337500000000002e-06	5.181277056277056e-07	1.6206168831168835e-06	6.309794372294372e-06	9.543235930735934e-06	9.823538961038966e-06	9.636417748917753e-06	5.501082251082253e-06	4.669859307359308e-06	8.17748917748918e-06	7.734632034632036e-06
5000	1.0000000000000004e-05	1.0000000000000004e-05	9.968202764976967e-06	9.905817972350234e-06	9.931797235023046e-06	9.994182027649773e-06	9.99890552995392e-06	8.833179723502309e-06	4.297868663594471e-06	4.635944700460829e-07	1.026900921658986e-06	5.665668202764978e-06	9.487788018433183e-06	9.814976958525349e-06	9.737557603686638e-06	6.2910714285714295e-06	5.073271889400922e-06	8.547638248847929e-06	9.993836405529959e-06
5100	1.0000000000000004e-05	1.0000000000000004e-05	9.97183179723503e-06	9.90501152073733e-06	9.928168202764981e-06	9.994988479262675e-06	9.993894009216594e-06	9.46883640552996e-06	5.551267281105992e-06	1.0763248847926268e-06	6.794930875576037e-07	4.843029953917051e-06	9.108525345622122e-06	9.927937788018435e-06	9.842396313364059e-06	7.151958525345625e-06	6.445564516129032e-06	9.13513824884793e-06	9.982085253456225e-06
5200	1.0000000000000003e-05	1.0000000000000003e-05	9.976662561576357e-06	9.906773399014783e-06	9.920381773399017e-06	9.989778325123155e-06	9.999507389162564e-06	9.543719211822662e-06	6.120689655172414e-06	1.5769704433497538e-06	5.58805418719212e-07	4.96927339901478e-06	9.32807881773399e-06	9.866194581280789e-06	9.662623152709362e-06	6.261637931034483e-06	4.732019704433497e-06	8.18220443349754e-06	9.99778325123153e-06
5300	9.842023809523814e-06	9.79386904761905e-06	9.818452380952385e-06	9.785238095238097e-06	9.784523809523815e-06	9.843511904761909e-06	9.900178571428576e-06	9.548452380952386e-06	5.912142857142858e-06	1.3398214285714282e-06	4.274999999999999e-07	4.283095238095238e-06	8.831309523809526e-06	9.945297619047622e-06	9.964523809523815e-06	9.994940476190479e-06	1.0000000000000003e-05	9.997559523809525e-06	9.994583333333332e-06
5400	9.853236607142862e-06	9.730357142857146e-06	9.70396205357143e-06	9.734319196428573e-06	9.805803571428576e-06	9.860770089285718e-06	9.912723214285717e-06	9.658314732142862e-06	5.806305803571429e-06	1.1373325892857142e-06	4.037946428571427e-07	3.7821428571428564e-06	8.32935267857143e-06	9.886662946428575e-06	9.929352678571432e-06	9.993694196428576e-06	1.0000000000000004e-05	1.0000000000000004e-05	1.0000000000000004e-05
5500	9.82809523809524e-06	9.668928571428572e-06	9.21791666666667e-06	5.58154761904762e-06	5.247738095238096e-06	9.043809523809528e-06	9.911785714285715e-06	9.477500000000005e-06	5.860059523809525e-06	1.3652380952380953e-06	6.75e-07	4.8883333333333345e-06	9.189404761904765e-06	9.851666666666667e-06	9.814345238095242e-06	9.93666666666667e-06	9.997916666666671e-06	1.0000000000000003e-05	1.0000000000000003e-05
5600	9.925178571428576e-06	9.801904761904767e-06	9.729166666666668e-06	9.737678571428574e-06	9.802380952380957e-06	9.844880952380954e-06	9.832142857142858e-06	7.084345238095238e-06	2.210297619047619e-06	4.821428571428571e-08	3.214285714285714e-09	1.9658333333333337e-06	6.871785714285716e-06	9.904166666666667e-06	9.995000000000003e-06	1.0000000000000003e-05	1.0000000000000003e-05	1.0000000000000003e-05	1.0000000000000003e-05
5700	8.269758064516131e-06	7.029723502304151e-06	7.343663594470049e-06	7.628456221198158e-06	8.894815668202768e-06	9.835483870967745e-06	9.797926267281107e-06	7.188364055299538e-06	2.305011520737327e-06	1.5552995391705068e-08	3.1105990783410136e-09	2.000576036866359e-06	6.898559907834103e-06	9.892972350230419e-06	9.991877880184337e-06	1.0000000000000004e-05	1.0000000000000004e-05	1.0000000000000004e-05	1.0000000000000004e-05
5800	8.145794930875578e-06	6.82926267281106e-06	7.331797235023044e-06	7.833870967741938e-06	9.038018433179728e-06	9.833467741935486e-06	9.80483870967742e-06	6.993087557603687e-06	2.107258064516129e-06	1.8663594470046082e-08	3.1105990783410136e-09	2.017223502304147e-06	6.9210829493087575e-06	9.90201612903226e-06	9.992165898617515e-06	9.994239631336409e-06	9.996543778801846e-06	9.98243087557604e-06	9.942684331797239e-06
5900	9.854821428571432e-06	9.937083333333333e-06	9.682440476190481e-06	8.499404761904765e-06	8.69261904761905e-06	9.77886904761905e-06	9.871250000000001e-06	9.075773809523811e-06	5.0553571428571445e-06	9.516666666666666e-07	3.214285714285714e-09	2.0337500000000002e-06	6.917440476190478e-06	9.753750000000003e-06	9.770416666666669e-06	9.838571428571429e-06	9.911130952380955e-06	9.893333333333336e-06	9.804107142857142e-06
6000	9.863133640552997e-06	9.937672811059912e-06	9.689919354838714e-06	8.534907834101386e-06	8.713652073732722e-06	9.770679723502308e-06	9.862500000000004e-06	8.988882488479264e-06	5.098963133640553e-06	1.0766705069124423e-06	3.1105990783410136e-09	1.6831797235023037e-06	6.5627880184331816e-06	9.745794930875581e-06	9.771025345622121e-06	9.847580645161293e-06	9.90702764976959e-06	9.873847926267284e-06	9.794124423963133e-06
6100	9.85982142857143e-06	9.939062500000004e-06	9.71344866071429e-06	8.407979910714288e-06	8.574218750000003e-06	9.782087053571432e-06	9.868861607142862e-06	9.141071428571433e-06	5.288448660714287e-06	1.1183035714285714e-06	0.0	1.8531808035714288e-06	6.753794642857145e-06	9.759598214285719e-06	9.759598214285719e-06	9.832477678571431e-06	9.901227678571433e-06	9.875502232142858e-06	9.786160714285717e-06
6200	9.858755760368666e-06	9.93029953917051e-06	9.718433179723507e-06	8.706509216589864e-06	8.861578341013828e-06	9.785080645161295e-06	9.868260368663596e-06	9.136693548387102e-06	5.225518433179724e-06	1.0517281105990784e-06	3.1105990783410136e-09	2.2349654377880185e-06	7.133237327188941e-06	9.772292626728113e-06	9.775172811059908e-06	9.841589861751155e-06	9.907315668202767e-06	9.882661290322583e-06	9.800345622119814e-06
6300	9.8621921182266e-06	9.937315270935961e-06	9.710344827586209e-06	8.455049261083746e-06	8.623152709359605e-06	9.780233990147785e-06	9.867179802955667e-06	7.537500000000002e-06	2.6341748768472905e-06	6.699507389162562e-08	0.0	1.220012315270936e-06	5.969827586206897e-06	9.62284482758621e-06	9.780849753694584e-06	9.845689655172415e-06	9.912438423645322e-06	9.889778325123156e-06	9.807450738916258e-06
6400	9.858314732142859e-06	9.93487723214286e-06	9.581250000000004e-06	8.074162946428573e-06	8.369810267857146e-06	9.783203125000004e-06	9.872879464285719e-06	7.479854910714289e-06	2.551227678571429e-06	4.229910714285714e-08	0.0	1.1136160714285715e-06	5.76880580357143e-06	9.315959821428576e-06	9.36651785714286e-06	9.627566964285717e-06	9.895814732142861e-06	9.886607142857147e-06	9.795424107142861e-06
6500	8.750948660714287e-06	9.612165178571432e-06	9.682924107142862e-06	8.414955357142862e-06	8.60368303571429e-06	9.77511160714286e-06	9.868470982142863e-06	7.3059151785714326e-06	2.3733258928571432e-06	3.616071428571428e-08	0.0	1.1112723214285713e-06	5.862053571428572e-06	9.739229910714295e-06	9.980078125000004e-06	9.98431919642858e-06	9.991517857142862e-06	9.99118303571429e-06	9.98119419642858e-06
6600	1.0000000000000003e-05	1.0000000000000003e-05	9.996305418719216e-06	9.98509852216749e-06	9.961083743842368e-06	9.93737684729064e-06	9.944581280788179e-06	7.261884236453204e-06	2.3290640394088666e-06	4.6674876847290643e-08	0.0	1.037253694581281e-06	5.358559113300494e-06	7.607697044334977e-06	8.006711822660099e-06	9.654433497536947e-06	9.90634236453202e-06	9.88503694581281e-06	9.795812807881776e-06
6700	1.0000000000000004e-05	9.99256912442397e-06	9.980645161290327e-06	9.988076036866363e-06	9.988824884792631e-06	9.915437788018438e-06	9.896774193548391e-06	7.802073732718897e-06	2.888594470046084e-06	5.668202764976959e-08	0.0	1.558870967741936e-06	4.9966589861751165e-06	5.724078341013825e-06	6.7652649769585265e-06	9.406105990783412e-06	9.891474654377882e-06	9.872004608294931e-06	9.801094470046086e-06
6800	1.0000000000000004e-05	9.967370129870137e-06	9.903679653679658e-06	9.932629870129874e-06	9.983495670995677e-06	9.906764069264072e-06	9.860389610389614e-06	7.324188311688315e-06	2.4039502164502162e-06	2.0562770562770563e-08	0.0	1.2231601731601733e-06	5.95438311688312e-06	9.61406926406927e-06	9.80010822510823e-06	9.909036796536803e-06	9.987445887445895e-06	9.983982683982693e-06	9.97207792207793e-06
6900	9.951845238095246e-06	9.950178571428577e-06	9.903452380952385e-06	9.926726190476192e-06	9.988333333333336e-06	9.924583333333336e-06	9.814285714285718e-06	6.692083333333334e-06	1.8088690476190477e-06	0.0	0.0	1.045357142857143e-06	5.6940476190476194e-06	7.801428571428572e-06	7.184404761904762e-06	8.96577380952381e-06	9.904226190476192e-06	9.310297619047622e-06	7.393750000000004e-06
7000	9.862890625000004e-06	9.906863839285718e-06	9.89972098214286e-06	9.930859375000003e-06	9.984486607142865e-06	9.912332589285718e-06	9.298995535714288e-06	5.212667410714287e-06	8.385044642857143e-07	0.0	0.0	1.251283482142857e-06	6.002064732142857e-06	8.176729910714287e-06	7.855747767857144e-06	9.362946428571433e-06	9.887946428571432e-06	6.990625000000002e-06	2.1864955357142865e-06
7100	9.85636160714286e-06	9.911607142857149e-06	9.900613839285718e-06	9.924888392857146e-06	9.989899553571433e-06	9.922265625000005e-06	9.29458705357143e-06	5.258984375000001e-06	8.925781250000001e-07	0.0	0.0	1.0734375000000003e-06	5.806250000000003e-06	7.501004464285716e-06	6.875334821428573e-06	6.3142857142857155e-06	6.484263392857144e-06	6.305022321428572e-06	2.027901785714286e-06
7200	9.968260368663599e-06	9.520103686635946e-06	9.223559907834106e-06	9.644009216589866e-06	9.894930875576041e-06	9.751900921658987e-06	8.78577188940092e-06	4.603341013824885e-06	6.468317972350231e-07	0.0	0.0	1.126036866359447e-06	5.796255760368666e-06	9.550633640552998e-06	9.77062211981567e-06	9.827073732718896e-06	8.710887096774196e-06	5.1533986175115215e-06	3.24573732718894e-06
7300	9.969913419913426e-06	9.663906926406931e-06	9.418290043290047e-06	9.685389610389615e-06	9.890043290043293e-06	9.838257575757576e-06	8.915097402597401e-06	4.723268398268398e-06	7.147727272727274e-07	0.0	0.0	9.206168831168832e-07	5.539502164502167e-06	9.373376623376627e-06	9.498538961038962e-06	9.533170995670997e-06	8.40800865800866e-06	4.8353354978354985e-06	2.6801948051948043e-06
7400	9.943630952380955e-06	9.409107142857148e-06	7.009761904761905e-06	7.2565476190476184e-06	9.58714285714286e-06	9.780119047619049e-06	9.141428571428576e-06	4.8820238095238106e-06	6.398809523809523e-07	0.0	0.0	1.2816666666666667e-06	4.8973809523809525e-06	4.391666666666666e-06	9.173809523809527e-07	1.2096428571428571e-06	5.637619047619049e-06	9.444464285714287e-06	9.744107142857141e-06
7500	9.918721198156686e-06	8.899596774193551e-06	5.77713133640553e-06	6.489343317972352e-06	9.562615207373276e-06	9.790264976958526e-06	9.082603686635946e-06	4.925230414746545e-06	7.432027649769587e-07	0.0	0.0	1.260253456221198e-06	5.3548963133640554e-06	5.646025345622121e-06	1.865322580645161e-06	6.675691244239632e-07	3.378629032258065e-06	7.664976958525346e-06	9.354838709677418e-06
7600	9.970591517857146e-06	9.142857142857147e-06	5.734040178571428e-06	6.2376116071428585e-06	9.556082589285716e-06	9.779966517857146e-06	8.61808035714286e-06	4.242689732142858e-06	5.24330357142857e-07	0.0	0.0	9.633928571428574e-07	5.048995535714283e-06	4.852232142857144e-06	7.666294642857141e-07	5.150669642857143e-08	3.3445870535714292e-06	8.29084821428572e-06	9.994977678571435e-06
7700	9.813750000000002e-06	8.877976190476192e-06	5.474702380952381e-06	6.071666666666668e-06	9.531309523809528e-06	9.91916666666667e-06	8.300238095238097e-06	3.7128571428571425e-06	3.6642857142857134e-07	0.0	0.0	1.033095238095238e-06	5.4200595238095244e-06	6.581428571428574e-06	4.172083333333333e-06	3.3351190476190475e-06	5.026785714285715e-06	8.59339285714286e-06	9.870535714285717e-06
7800	9.991741071428577e-06	9.842187500000003e-06	9.73364955357143e-06	9.785044642857145e-06	9.80524553571429e-06	9.870424107142861e-06	8.510937500000003e-06	3.826953125000001e-06	2.8024553571428567e-07	0.0	0.0	1.1746651785714286e-06	5.117131696428573e-06	4.322209821428571e-06	3.797433035714286e-07	7.885044642857143e-08	3.4048549107142867e-06	8.260212053571433e-06	9.897935267857147e-06
7900	9.957834101382494e-06	9.305760368663596e-06	8.875518433179726e-06	9.436175115207373e-06	9.790898617511522e-06	9.79677419354839e-06	7.5338133640553015e-06	2.658640552995392e-06	2.488479262672811e-08	0.0	0.0	1.242799539170507e-06	5.115264976958525e-06	4.415264976958525e-06	5.427995391705068e-07	6.232718894009216e-08	3.0769009216589865e-06	7.897004608294934e-06	9.755702764976963e-06
8000	9.966488095238098e-06	9.745773809523813e-06	9.55541666666667e-06	9.67119047619048e-06	9.797559523809527e-06	9.70476190476191e-06	7.098392857142858e-06	2.3470833333333337e-06	4.499999999999999e-08	0.0	0.0	7.910714285714288e-07	5.0765476190476215e-06	4.872261904761906e-06	5.867857142857143e-07	9.642857142857142e-09	2.92875e-06	7.770892857142862e-06	9.735714285714288e-06
8100	9.92399553571429e-06	9.374274553571432e-06	7.372154017857143e-06	7.6095424107142885e-06	9.581919642857149e-06	9.811886160714292e-06	7.586383928571432e-06	2.7276785714285716e-06	4.21875e-08	0.0	0.0	1.2511160714285713e-06	5.1902343750000014e-06	4.414508928571429e-06	4.75390625e-07	7.873883928571428e-08	3.311774553571429e-06	8.167243303571431e-06	9.895145089285717e-06
8200	9.89508928571429e-06	8.381529017857147e-06	6.730747767857143e-06	8.019754464285716e-06	9.667912946428576e-06	9.871093750000004e-06	8.982310267857149e-06	4.575111607142858e-06	5.574776785714284e-07	0.0	0.0	1.2849888392857142e-06	4.919866071428573e-06	4.208761160714286e-06	5.738839285714285e-07	2.7232142857142855e-08	3.157700892857143e-06	8.069921875000005e-06	9.900390625000005e-06
8300	9.865736607142862e-06	9.004743303571434e-06	7.047377232142857e-06	7.563560267857144e-06	9.553850446428576e-06	9.869810267857148e-06	8.859430803571435e-06	4.478013392857144e-06	5.785714285714285e-07	0.0	0.0	1.0571986607142858e-06	5.085044642857145e-06	4.761551339285715e-06	7.337053571428571e-07	6.372767857142857e-08	3.4209263392857136e-06	8.295647321428574e-06	9.904966517857148e-06
8400	4.344988479262673e-06	3.0512096774193545e-06	3.054608294930875e-06	2.911751152073733e-06	3.976209677419355e-06	8.012730414746546e-06	5.941762672811061e-06	1.1615783410138248e-06	0.0	0.0	0.0	1.1494239631336404e-06	5.890149769585255e-06	9.734447004608298e-06	9.992914746543781e-06	9.988767281105996e-06	9.987903225806456e-06	9.998329493087562e-06	1.0000000000000004e-05
8500	8.510368663594473e-06	4.439976958525347e-06	2.202304147465438e-06	2.3707949308755753e-06	4.374539170506913e-06	8.236002304147467e-06	6.044585253456222e-06	1.2463133640552994e-06	0.0	0.0	0.0	1.0359447004608294e-06	5.775460829493088e-06	9.731797235023044e-06	9.990149769585254e-06	9.957430875576043e-06	9.94084101382489e-06	9.968605990783414e-06	9.952764976958529e-06
8600	8.845292207792211e-06	5.0593614718614764e-06	2.907792207792208e-06	2.9573593073593064e-06	4.7218614718614725e-06	8.216450216450216e-06	5.91504329004329e-06	1.3056277056277057e-06	0.0	0.0	0.0	9.098484848484847e-07	5.540422077922078e-06	9.620454545454549e-06	9.986038961038963e-06	9.933062770562776e-06	9.903841991341995e-06	9.94415584415585e-06	9.91498917748918e-06
8700	8.245703125000002e-06	4.825948660714286e-06	2.8145089285714284e-06	2.8606584821428576e-06	4.299720982142856e-06	7.975111607142857e-06	6.106975446428573e-06	1.2795200892857145e-06	0.0	0.0	0.0	1.0252232142857145e-06	5.665457589285714e-06	9.631026785714288e-06	9.98839285714286e-06	9.929520089285721e-06	9.902399553571431e-06	9.954575892857148e-06	9.936662946428576e-06
8800	8.675576036866363e-06	4.475230414746545e-06	1.9379032258064514e-06	2.2769585253456214e-06	4.27286866359447e-06	7.963997695852537e-06	5.978744239631338e-06	1.3015552995391703e-06	0.0	0.0	0.0	1.1016129032258066e-06	5.7943548387096804e-06	9.668375576036867e-06	9.965437788018436e-06	9.923559907834104e-06	9.904723502304153e-06	9.952073732718899e-06	9.929262672811061e-06
8900	8.431682027649771e-06	4.850345622119817e-06	2.987442396313363e-06	3.220334101382488e-06	4.912845622119816e-06	8.05967741935484e-06	5.48680875576037e-06	8.295506912442397e-07	0.0	0.0	0.0	8.025345622119813e-07	5.003225806451614e-06	9.19423963133641e-06	9.979896313364062e-06	9.909735023041478e-06	9.907200460829495e-06	9.983813364055304e-06	1.0000000000000004e-05
9000	8.211751152073738e-06	4.9827188940092165e-06	2.492281105990784e-06	2.5728686635944696e-06	5.1435483870967755e-06	8.524423963133641e-06	5.941705069124426e-06	1.1672235023041474e-06	0.0	0.0	0.0	8.678571428571428e-07	5.386232718894012e-06	9.480241935483873e-06	9.94850230414747e-06	9.914746543778807e-06	9.907200460829495e-06	9.979089861751155e-06	1.0000000000000004e-05
9100	9.938273809523813e-06	9.982916666666669e-06	1.0000000000000003e-05	9.999226190476192e-06	9.952380952380957e-06	9.660833333333336e-06	5.637619047619048e-06	9.299404761904762e-07	0.0	0.0	0.0	7.682142857142858e-07	5.003392857142858e-06	9.226964285714287e-06	9.977976190476198e-06	9.912440476190479e-06	9.90279761904762e-06	9.975714285714288e-06	9.999166666666669e-06
9200	9.292626728110603e-06	9.822811059907839e-06	9.994470046082955e-06	9.98928571428572e-06	9.932200460829498e-06	9.644585253456225e-06	5.980702764976961e-06	1.2790322580645162e-06	0.0	0.0	0.0	7.495391705069125e-07	5.1150345622119835e-06	9.360138248847928e-06	9.99464285714286e-06	1.0000000000000004e-05	1.0000000000000004e-05	1.0000000000000004e-05	1.0000000000000004e-05
9300	7.908333333333332e-06	9.47786796536797e-06	9.986742424242427e-06	9.999783549783554e-06	9.947240259740263e-06	9.681872294372297e-06	6.246699134199135e-06	1.5122835497835498e-06	0.0	0.0	0.0	9.295454545454547e-07	5.38896103896104e-06	9.446212121212125e-06	9.986796536796539e-06	1.0000000000000004e-05	1.0000000000000004e-05	1.0000000000000004e-05	1.0000000000000004e-05
9400	9.779974489795923e-06	9.881377551020408e-06	9.97544642857143e-06	9.992346938775513e-06	9.951658163265304e-06	9.81906887755102e-06	6.078507653061225e-06	1.2171556122448979e-06	0.0	0.0	0.0	9.625e-07	5.7225765306122475e-06	9.754846938775509e-06	9.931887755102044e-06	9.918367346938776e-06	9.98125e-06	1e-05	1e-05
9500	9.762388392857146e-06	9.88337053571429e-06	9.88225446428572e-06	9.802790178571435e-06	9.851897321428576e-06	9.44592633928572e-06	5.337444196428572e-06	8.441964285714286e-07	0.0	0.0	0.0	1.6465401785714293e-06	6.444363839285716e-06	9.781975446428576e-06	9.903459821428573e-06	9.834430803571433e-06	9.89592633928572e-06	9.980803571428575e-06	1.0000000000000004e-05
9600	1.0000000000000004e-05	1.0000000000000004e-05	1.0000000000000004e-05	9.999423963133643e-06	9.95529953917051e-06	9.612500000000002e-06	5.8672811059907855e-06	1.2106566820276496e-06	0.0	0.0	0.0	0.0	2.0417626728110597e-06	6.9483870967741975e-06	9.901152073732722e-06	9.92776497695853e-06	9.90547235023042e-06	9.972235023041476e-06	1.0000000000000004e-05
9700	9.975115207373277e-06	9.909619815668208e-06	9.92488479262673e-06	9.989919354838713e-06	9.953110599078348e-06	9.679550691244242e-06	5.766244239631337e-06	1.0402649769585254e-06	0.0	0.0	0.0	0.0	9.892857142857144e-07	5.670967741935487e-06	9.681682027649773e-06	1.0000000000000004e-05	1.0000000000000004e-05	9.995622119815671e-06	9.989861751152078e-06
9800	9.976171875000002e-06	9.910937500000005e-06	9.923828125000004e-06	9.988783482142858e-06	9.957533482142862e-06	9.603180803571433e-06	5.576841517857143e-06	9.314732142857143e-07	0.0	0.0	0.0	0.0	1.0099330357142857e-06	5.6812500000000026e-06	9.671316964285718e-06	1.0000000000000004e-05	1.0000000000000004e-05	1.0000000000000004e-05	1.0000000000000004e-05
9900	9.965783410138251e-06	9.896198156682028e-06	9.607546082949308e-06	9.547407834101385e-06	9.807891705069128e-06	9.662615207373275e-06	5.931854838709678e-06	1.2154953917050691e-06	0.0	0.0	0.0	0.0	7.79320276497696e-07	5.298099078341013e-06	9.512903225806454e-06	9.924654377880188e-06	9.84124423963134e-06	9.874020737327192e-06	9.963306451612907e-06
10000	9.979870129870134e-06	9.896645021645023e-06	9.835281385281388e-06	9.90205627705628e-06	9.664231601731607e-06	6.601839826839829e-06	2.181222943722943e-06	2.60064935064935e-07	0.0	0.0	0.0	0.0	5.601731601731602e-07	5.000000000000003e-06	9.439826839826843e-06	1.0000000000000004e-05	1.0000000000000004e-05	1.0000000000000004e-05	1.0000000000000004e-05
