	site
generation	50	100	150	200	250	300	350	400	450	500	550	600	650	700	750	800	850	900	950
0	1.0000000000000004e-05	1.0000000000000004e-05	1.0000000000000004e-05	1.0000000000000004e-05	1.0000000000000004e-05	1.0000000000000004e-05	1.0000000000000004e-05	1.0000000000000004e-05	1.0000000000000004e-05	1.0000000000000004e-05	1.0000000000000004e-05	1.0000000000000004e-05	1.0000000000000004e-05	1.0000000000000004e-05	1.0000000000000004e-05	1.0000000000000004e-05	1.0000000000000004e-05	1.0000000000000004e-05	1.0000000000000004e-05
100	1.0000000000000004e-05	9.99704241071429e-06	9.98549107142858e-06	9.987332589285718e-06	9.998883928571432e-06	1.0000000000000004e-05	1.0000000000000004e-05	9.976841517857148e-06	9.910546875000004e-06	9.92315848214286e-06	9.989453125000004e-06	1.0000000000000004e-05	9.984821428571435e-06	9.913113839285719e-06	9.915178571428575e-06	9.98688616071429e-06	1.0000000000000004e-05	1.0000000000000004e-05	1.0000000000000004e-05
200	1.0000000000000004e-05	1.0000000000000004e-05	1.0000000000000004e-05	1.0000000000000004e-05	1.0000000000000004e-05	1.0000000000000004e-05	1.0000000000000004e-05	9.983984375000006e-06	9.917075892857149e-06	9.89508928571429e-06	9.939453125000005e-06	9.977176339285718e-06	9.982756696428575e-06	9.910156250000006e-06	9.916964285714291e-06	9.989843750000004e-06	1.0000000000000004e-05	9.998939732142862e-06	9.993359375000006e-06
300	9.999753694581286e-06	9.996674876847295e-06	9.99679802955665e-06	9.999876847290643e-06	1.0000000000000003e-05	1.0000000000000003e-05	1.0000000000000003e-05	9.983374384236456e-06	9.915024630541875e-06	9.90972906403941e-06	9.978078817733991e-06	1.0000000000000003e-05	9.982881773399016e-06	9.907820197044338e-06	9.917118226600986e-06	9.992179802955667e-06	1.0000000000000003e-05	1.0000000000000003e-05	1.0000000000000003e-05
400	1.0000000000000003e-05	9.999261083743845e-06	9.965517241379316e-06	9.902216748768477e-06	9.934482758620692e-06	9.998522167487688e-06	1.0000000000000003e-05	9.976046798029558e-06	9.917179802955668e-06	9.923953201970446e-06	9.982820197044336e-06	9.981465517241383e-06	9.893349753694583e-06	9.827832512315276e-06	9.906650246305419e-06	9.977278325123158e-06	9.955295566502468e-06	9.961699507389165e-06	9.992980295566505e-06
500	9.884792626728113e-06	9.911808755760372e-06	9.936923963133645e-06	9.902016129032262e-06	9.944412442396315e-06	9.998387096774197e-06	1.0000000000000004e-05	9.97834101382489e-06	9.909792626728113e-06	9.921658986175118e-06	9.989170506912445e-06	9.98133640552996e-06	9.956509216589869e-06	9.909043778801847e-06	9.921947004608299e-06	9.985253456221202e-06	9.965207373271894e-06	9.897983870967746e-06	9.882027649769586e-06
600	9.900390625000005e-06	9.907366071428575e-06	9.923828125000004e-06	9.900502232142862e-06	9.949944196428575e-06	9.999776785714289e-06	1.0000000000000004e-05	9.984933035714294e-06	9.915569196428578e-06	9.915066964285717e-06	9.984430803571432e-06	1.0000000000000004e-05	9.981305803571433e-06	9.91032366071429e-06	9.872265625000006e-06	9.890736607142863e-06	9.918191964285717e-06	9.906529017857147e-06	9.896763392857144e-06
700	1.0000000000000003e-05	1.0000000000000003e-05	1.0000000000000003e-05	1.0000000000000003e-05	9.999702380952381e-06	9.99071428571429e-06	9.98696428571429e-06	9.935357142857145e-06	9.820000000000003e-06	9.86059523809524e-06	9.980000000000003e-06	1.0000000000000003e-05	9.987857142857147e-06	9.911130952380955e-06	9.854821428571429e-06	9.853511904761905e-06	9.86375e-06	9.935357142857145e-06	9.993571428571432e-06
800	1.0000000000000004e-05	1.0000000000000004e-05	9.997377232142863e-06	9.996875000000006e-06	9.999497767857145e-06	1.0000000000000004e-05	1.0000000000000004e-05	9.976116071428579e-06	9.912444196428576e-06	9.923883928571432e-06	9.98755580357143e-06	1.0000000000000004e-05	9.988671875000005e-06	9.913783482142861e-06	9.854910714285719e-06	9.81489955357143e-06	9.369921875000004e-06	9.269084821428575e-06	9.720089285714288e-06
900	1.0000000000000004e-05	1.0000000000000004e-05	1.0000000000000004e-05	1.0000000000000004e-05	1.0000000000000004e-05	1.0000000000000004e-05	1.0000000000000004e-05	9.976843317972355e-06	9.914112903225811e-06	9.923156682027654e-06	9.985887096774198e-06	1.0000000000000004e-05	9.985541474654384e-06	9.909792626728113e-06	9.859504608294934e-06	8.088882488479268e-06	6.429838709677418e-06	8.153225806451612e-06	9.819412442396317e-06
1000	1.000000000000001e-05	1.000000000000001e-05	1.000000000000001e-05	1.000000000000001e-05	1.000000000000001e-05	1.000000000000001e-05	9.98986344537816e-06	9.902468487394961e-06	9.825630252100846e-06	9.876733193277316e-06	9.949579831932782e-06	9.985504201680683e-06	9.999632352941186e-06	9.999212184873957e-06	9.99705882352942e-06	9.993750000000007e-06	9.861134453781522e-06	9.78550420168068e-06	9.894012605042024e-06
1100	1.0000000000000003e-05	1.0000000000000003e-05	1.0000000000000003e-05	1.0000000000000003e-05	1.0000000000000003e-05	1.0000000000000003e-05	9.987202380952387e-06	9.898809523809529e-06	9.821964285714288e-06	9.835238095238095e-06	9.888511904761906e-06	9.90904761904762e-06	9.902261904761907e-06	9.920535714285717e-06	9.90261904761905e-06	9.93636904761905e-06	9.98041666666667e-06	9.901607142857147e-06	9.847202380952385e-06
1200	9.996819196428576e-06	9.999609375000001e-06	9.99274553571429e-06	9.804241071428576e-06	9.616183035714288e-06	9.79575892857143e-06	9.991071428571431e-06	9.97287946428572e-06	9.905859375000004e-06	9.86534598214286e-06	9.890680803571433e-06	9.90178571428572e-06	9.903404017857147e-06	9.91668526785715e-06	9.903404017857147e-06	9.943191964285716e-06	9.971316964285722e-06	9.428404017857146e-06	8.541238839285716e-06
1300	9.996915584415588e-06	9.999621212121217e-06	9.996428571428575e-06	9.908441558441562e-06	9.812445887445891e-06	9.897619047619052e-06	9.997186147186152e-06	9.969913419913426e-06	9.828192640692647e-06	9.764231601731606e-06	9.869751082251084e-06	9.909848484848489e-06	9.90205627705628e-06	9.920779220779225e-06	9.901839826839832e-06	9.926785714285719e-06	9.905140692640697e-06	9.797727272727274e-06	9.765963203463206e-06
1400	1.0000000000000004e-05	1.0000000000000004e-05	9.997177419354842e-06	9.892741935483876e-06	9.829147465437792e-06	9.933064516129035e-06	9.99948156682028e-06	9.694470046082953e-06	6.68283410138249e-06	4.872177419354839e-06	7.8440668202765e-06	9.897235023041478e-06	9.89291474654378e-06	9.907373271889403e-06	9.893663594470052e-06	9.869700460829498e-06	9.823790322580648e-06	9.795967741935487e-06	9.807488479262672e-06
1500	9.992542016806732e-06	9.997794117647069e-06	9.999264705882361e-06	9.992752100840349e-06	9.988970588235303e-06	9.995483193277321e-06	1.000000000000001e-05	9.739653361344546e-06	6.988340336134456e-06	4.9794117647058826e-06	7.680357142857146e-06	9.90005252100841e-06	9.901838235294124e-06	9.902310924369755e-06	9.858035714285722e-06	9.821060924369753e-06	9.803413865546222e-06	9.772794117647063e-06	9.762500000000002e-06
1600	1.0000000000000004e-05	9.982031250000006e-06	9.942243303571433e-06	9.938002232142861e-06	9.940011160714291e-06	9.961216517857146e-06	9.966127232142862e-06	9.904743303571434e-06	8.647154017857149e-06	8.049107142857146e-06	9.294363839285719e-06	9.892243303571432e-06	9.838671875000003e-06	9.870368303571432e-06	9.897544642857148e-06	9.890066964285715e-06	9.916796875000004e-06	9.848604910714287e-06	9.762332589285716e-06
1700	9.996607142857144e-06	9.96869047619048e-06	9.903035714285717e-06	9.885892857142863e-06	9.886250000000002e-06	9.931666666666667e-06	9.997380952380956e-06	9.968452380952385e-06	7.245714285714286e-06	4.843749999999999e-06	7.519285714285715e-06	9.871607142857148e-06	9.805000000000005e-06	9.747321428571432e-06	8.26619047619048e-06	8.269642857142858e-06	9.849166666666669e-06	9.884821428571434e-06	9.77821428571429e-06
1800	9.978341013824887e-06	7.997523041474659e-06	5.076785714285716e-06	6.998732718894011e-06	9.863421658986178e-06	9.939055299539173e-06	9.99948156682028e-06	9.866186635944706e-06	6.857373271889405e-06	5.1342165898617525e-06	7.962096774193552e-06	9.727707373271895e-06	9.78882488479263e-06	9.821486175115211e-06	9.805126728110605e-06	9.856854838709681e-06	9.978629032258068e-06	9.881105990783415e-06	9.768778801843323e-06
1900	1.0000000000000004e-05	1.0000000000000004e-05	9.99959677419355e-06	9.951382488479266e-06	9.901555299539175e-06	9.948502304147468e-06	9.995852534562216e-06	9.950172811059914e-06	7.703110599078341e-06	5.726036866359448e-06	7.784619815668205e-06	9.713940092165902e-06	9.797119815668207e-06	9.8219470046083e-06	9.80731566820277e-06	9.86082949308756e-06	9.94953917050692e-06	8.293087557603688e-06	5.0380184331797244e-06
2000	9.845535714285718e-06	9.825654761904765e-06	9.852083333333338e-06	9.90761904761905e-06	9.952261904761906e-06	9.964285714285718e-06	9.952083333333341e-06	9.565654761904767e-06	6.395178571428571e-06	3.711785714285714e-06	5.89517857142857e-06	8.887142857142858e-06	9.796428571428577e-06	9.82886904761905e-06	9.808690476190482e-06	9.854583333333335e-06	9.97369047619048e-06	9.224404761904764e-06	7.783988095238095e-06
2100	9.717610837438428e-06	9.777032019704435e-06	9.90646551724138e-06	9.984729064039411e-06	9.934113300492611e-06	9.88435960591133e-06	9.877401477832515e-06	8.858066502463056e-06	5.147229064039408e-06	4.5949507389162574e-06	7.267795566502462e-06	8.75098522167488e-06	9.600431034482764e-06	9.701908866995074e-06	9.910283251231526e-06	9.939532019704435e-06	9.986884236453207e-06	9.998275862068968e-06	1.0000000000000003e-05
2200	9.71779953917051e-06	9.755126728110601e-06	9.890034562211984e-06	9.94746543778802e-06	9.824135944700465e-06	9.82108294930876e-06	9.817857142857145e-06	8.841820276497699e-06	5.225576036866359e-06	4.059792626728111e-06	6.23565668202765e-06	8.36849078341014e-06	9.909907834101386e-06	9.959447004608296e-06	9.994815668202773e-06	9.96543778801844e-06	9.966244239631342e-06	9.995852534562216e-06	1.0000000000000004e-05
2300	9.983441558441564e-06	9.91222943722944e-06	9.916558441558446e-06	9.934469696969703e-06	9.832088744588748e-06	9.822294372294373e-06	9.808874458874462e-06	8.831439393939394e-06	4.994534632034631e-06	4.35487012987013e-06	7.600703463203465e-06	9.197943722943726e-06	9.848647186147192e-06	9.928571428571432e-06	9.986309523809526e-06	9.939393939393946e-06	9.924621212121216e-06	9.92408008658009e-06	9.917045454545459e-06
2400	1.0000000000000003e-05	1.0000000000000003e-05	1.0000000000000003e-05	1.0000000000000003e-05	1.0000000000000003e-05	9.979741379310347e-06	9.867672413793105e-06	8.627832512315272e-06	5.241440886699508e-06	4.740086206896553e-06	6.7173645320197045e-06	7.988669950738918e-06	8.298953201970444e-06	8.736637931034484e-06	9.942918719211827e-06	9.970320197044337e-06	9.967302955665027e-06	9.967302955665029e-06	9.941071428571432e-06
2500	1.0000000000000003e-05	9.971366995073894e-06	9.902894088669953e-06	9.892980295566501e-06	9.901539408866998e-06	9.873460591133006e-06	9.810960591133005e-06	8.458435960591133e-06	4.939716748768474e-06	4.785529556650245e-06	6.3786330049261095e-06	7.839100985221674e-06	9.797229064039412e-06	9.9067118226601e-06	9.996059113300496e-06	9.993534482758624e-06	9.98793103448276e-06	9.992672413793106e-06	9.998830049261089e-06
2600	9.996230158730159e-06	9.92017195767196e-06	9.814550264550267e-06	9.853439153439157e-06	9.904497354497354e-06	9.880092592592595e-06	9.814087301587307e-06	8.610582010582014e-06	5.309391534391538e-06	5.983333333333334e-06	9.376190476190477e-06	9.899074074074075e-06	9.927182539682539e-06	9.93174603174603e-06	9.898611111111111e-06	9.962301587301589e-06	1e-05	1e-05	1e-05
2700	9.998701298701303e-06	9.950216450216459e-06	9.88138528138529e-06	9.893506493506499e-06	9.902435064935068e-06	9.880681818181822e-06	9.818885281385288e-06	8.586850649350655e-06	5.095129870129871e-06	5.585714285714289e-06	8.716017316017319e-06	9.247510822510823e-06	9.719480519480524e-06	9.925811688311693e-06	9.900703463203467e-06	9.956114718614724e-06	9.97889610389611e-06	9.977002164502172e-06	9.989069264069273e-06
2800	9.996309523809526e-06	9.921666666666672e-06	9.805714285714288e-06	9.854047619047622e-06	9.855416666666669e-06	8.743333333333337e-06	8.074642857142859e-06	7.78232142857143e-06	5.305178571428572e-06	6.0050595238095265e-06	9.021785714285718e-06	9.59446428571429e-06	9.824523809523814e-06	9.863630952380954e-06	9.832261904761908e-06	9.890297619047622e-06	9.866607142857145e-06	9.892083333333335e-06	9.961488095238096e-06
2900	9.999296536796539e-06	9.960010822510829e-06	9.8711038961039e-06	9.860984848484857e-06	9.842153679653684e-06	9.161255411255411e-06	8.693235930735934e-06	8.515530303030306e-06	5.766829004329005e-06	5.543181818181822e-06	8.47440476190477e-06	9.145995670995675e-06	9.519155844155848e-06	9.83928571428572e-06	9.816450216450218e-06	9.881655844155848e-06	9.838690476190475e-06	9.877326839826844e-06	9.961201298701305e-06
3000	9.986463133640558e-06	9.979089861751158e-06	9.924942396313369e-06	9.855760368663598e-06	9.43168202764977e-06	7.226324884792628e-06	5.606797235023043e-06	6.763824884792629e-06	5.426670506912442e-06	5.711866359447006e-06	9.050576036866362e-06	9.804089861751152e-06	9.890264976958527e-06	9.857085253456227e-06	9.802016129032262e-06	9.862327188940095e-06	9.85979262672811e-06	9.877937788018434e-06	9.941820276497698e-06
3100	1.0000000000000004e-05	1.0000000000000004e-05	9.97991071428572e-06	9.902901785714292e-06	9.835658482142858e-06	8.708147321428576e-06	7.53917410714286e-06	7.174832589285714e-06	5.244029017857145e-06	6.145145089285714e-06	8.217912946428575e-06	8.235881696428571e-06	9.338895089285717e-06	9.84592633928572e-06	9.802232142857148e-06	9.874330357142862e-06	9.854017857142859e-06	9.879073660714289e-06	9.946037946428574e-06
3200	1.0000000000000003e-05	1.0000000000000003e-05	9.998645320197046e-06	9.990270935960596e-06	9.991009852216751e-06	9.999384236453205e-06	9.972783251231531e-06	9.180295566502464e-06	5.679802955665025e-06	5.410406403940887e-06	7.648953201970443e-06	7.718349753694581e-06	8.986453201970445e-06	9.849876847290643e-06	9.810652709359613e-06	9.835036945812811e-06	9.802339901477832e-06	9.865701970443351e-06	9.949445812807885e-06
3300	9.995703125000003e-06	9.906919642857148e-06	9.765178571428575e-06	9.716908482142863e-06	9.839118303571434e-06	9.97321428571429e-06	9.956808035714288e-06	9.941629464285719e-06	9.96741071428572e-06	9.818415178571435e-06	9.622767857142862e-06	9.777287946428575e-06	9.987388392857146e-06	9.992522321428576e-06	9.969419642857148e-06	9.969977678571433e-06	9.968247767857148e-06	9.910435267857148e-06	9.896205357142859e-06
3400	9.998273809523814e-06	9.920178571428577e-06	9.500892857142864e-06	8.612261904761907e-06	9.017500000000005e-06	9.984226190476193e-06	1.0000000000000003e-05	1.0000000000000003e-05	9.983452380952384e-06	9.893928571428572e-06	9.825654761904763e-06	9.906071428571431e-06	9.99089285714286e-06	1.0000000000000003e-05	1.0000000000000003e-05	1.0000000000000003e-05	9.980773809523813e-06	9.932083333333336e-06	9.91857142857143e-06
3500	9.991991341991347e-06	8.340097402597406e-06	5.846374458874461e-06	7.190854978354978e-06	9.626515151515154e-06	9.864880952380955e-06	9.913095238095244e-06	9.98484848484849e-06	9.982683982683988e-06	9.894913419913425e-06	9.82900432900433e-06	9.905086580086583e-06	9.988311688311693e-06	1.0000000000000004e-05	1.0000000000000004e-05	1.0000000000000004e-05	9.974729437229443e-06	9.865530303030307e-06	9.771753246753249e-06
3600	9.997440476190479e-06	8.318273809523812e-06	5.676369047619048e-06	7.134047619047619e-06	9.728154761904764e-06	9.874940476190478e-06	9.914702380952384e-06	9.989404761904764e-06	9.98821428571429e-06	9.904285714285718e-06	9.827619047619051e-06	9.892619047619048e-06	9.980833333333334e-06	9.999761904761909e-06	1.0000000000000003e-05	9.981904761904767e-06	9.778571428571431e-06	9.457142857142861e-06	9.374761904761909e-06
3700	9.942678571428574e-06	7.841488095238097e-06	5.302142857142857e-06	7.17547619047619e-06	9.633630952380953e-06	9.733750000000003e-06	9.818988095238098e-06	9.964583333333336e-06	9.986726190476193e-06	9.899523809523813e-06	9.760833333333338e-06	9.800476190476195e-06	9.95244047619048e-06	1.0000000000000003e-05	9.999107142857143e-06	9.994523809523811e-06	9.994226190476195e-06	9.998809523809526e-06	1.0000000000000003e-05
3800	9.985080645161297e-06	7.919700460829496e-06	4.763306451612904e-06	6.578513824884794e-06	9.656566820276503e-06	9.80218894009217e-06	9.872465437788022e-06	9.97701612903226e-06	9.979781105990788e-06	9.849135944700462e-06	7.844297235023044e-06	7.368375576036869e-06	9.350576036866363e-06	9.950230414746549e-06	9.990898617511522e-06	9.962730414746546e-06	9.944124423963139e-06	9.979205069124429e-06	1.0000000000000004e-05
3900	9.540205627705633e-06	6.3875541125541154e-06	4.200432900432901e-06	4.89237012987013e-06	6.8518939393939395e-06	9.388257575757578e-06	9.905844155844162e-06	9.987121212121216e-06	9.984469696969701e-06	9.858170995671003e-06	7.885443722943725e-06	7.330898268398269e-06	9.31796536796537e-06	9.998809523809528e-06	1.0000000000000004e-05	1.0000000000000004e-05	1.0000000000000004e-05	9.968993506493515e-06	9.895941558441566e-06
4000	9.696543778801843e-06	6.483986175115209e-06	3.2782258064516126e-06	3.226497695852535e-06	5.502131336405531e-06	8.679550691244243e-06	9.817741935483873e-06	9.947004608294933e-06	9.879377880184339e-06	9.795161290322583e-06	7.4860023041474675e-06	5.556797235023041e-06	7.947695852534565e-06	9.996486175115212e-06	1.0000000000000004e-05	1.0000000000000004e-05	1.0000000000000004e-05	9.967338709677426e-06	9.895334101382493e-06
4100	9.687500000000003e-06	6.812867647058825e-06	3.5528361344537823e-06	2.60126050420168e-06	5.049002100840338e-06	8.799737394957988e-06	9.831932773109252e-06	9.96785714285715e-06	9.898529411764711e-06	9.722689075630255e-06	7.245483193277312e-06	5.052836134453782e-06	7.595273109243703e-06	9.90845588235295e-06	9.912079831932781e-06	9.970483193277322e-06	9.91817226890757e-06	9.86491596638656e-06	9.85010504201681e-06
4200	8.502083333333333e-06	6.4704761904761904e-06	3.670357142857142e-06	3.523035714285714e-06	4.805059523809524e-06	7.1906547619047635e-06	9.292976190476193e-06	9.97303571428572e-06	9.905000000000004e-06	9.798214285714286e-06	7.704583333333336e-06	5.639166666666668e-06	7.705952380952383e-06	9.619642857142862e-06	9.707797619047621e-06	9.981369047619051e-06	9.999880952380953e-06	9.95101190476191e-06	9.876726190476196e-06
4300	1.0000000000000003e-05	1.0000000000000003e-05	1.0000000000000003e-05	9.999876847290643e-06	9.933497536945814e-06	9.819581280788178e-06	9.866502463054188e-06	9.952894088669951e-06	9.884298029556653e-06	9.482635467980296e-06	9.177955665024631e-06	9.593041871921188e-06	9.90757389162562e-06	9.756034482758625e-06	9.761822660098526e-06	9.905849753694585e-06	9.975246305418722e-06	9.996982758620694e-06	1.0000000000000003e-05
4400	9.266428571428572e-06	8.900000000000001e-06	8.92892857142857e-06	9.618809523809526e-06	9.89827380952381e-06	9.831785714285719e-06	9.886726190476194e-06	9.967559523809525e-06	9.898035714285717e-06	9.463273809523812e-06	9.045892857142859e-06	9.485892857142861e-06	9.808750000000003e-06	8.419107142857143e-06	8.066309523809526e-06	9.464404761904764e-06	9.994345238095242e-06	1.0000000000000003e-05	1.0000000000000003e-05
4500	1.0000000000000004e-05	1.0000000000000004e-05	1.0000000000000004e-05	9.99976958525346e-06	9.942108294930881e-06	9.814458525345623e-06	9.857891705069127e-06	9.968605990783412e-06	9.793605990783414e-06	7.252822580645163e-06	5.982373271889404e-06	8.523790322580649e-06	9.90725806451613e-06	9.208870967741938e-06	8.836002304147465e-06	9.48991935483871e-06	9.85259216589862e-06	9.839516129032263e-06	9.876958525345625e-06
4600	6.6982718894009234e-06	7.561175115207376e-06	7.347638248847929e-06	8.501382488479264e-06	9.85898617511521e-06	9.810541474654381e-06	9.788248847926269e-06	9.751209677419357e-06	9.512154377880186e-06	7.291359447004608e-06	6.527361751152075e-06	8.891129032258067e-06	9.900806451612904e-06	9.140149769585255e-06	8.869470046082953e-06	9.613940092165903e-06	9.894758064516132e-06	9.879032258064516e-06	9.91376728110599e-06
4700	1.0000000000000004e-05	1.0000000000000004e-05	1.0000000000000004e-05	9.999827188940097e-06	9.706739631336408e-06	8.587269585253456e-06	8.759562211981568e-06	9.809216589861752e-06	8.921889400921661e-06	5.250115207373273e-06	5.185426267281105e-06	8.906797235023045e-06	9.112154377880188e-06	8.014458525345625e-06	8.865841013824887e-06	9.983928571428575e-06	1.0000000000000004e-05	1.0000000000000004e-05	1.0000000000000004e-05
4800	1.0000000000000003e-05	1.0000000000000003e-05	1.0000000000000003e-05	9.999880952380953e-06	9.646666666666669e-06	7.402083333333335e-06	7.51952380952381e-06	9.710059523809523e-06	9.175476190476193e-06	5.40386904761905e-06	4.765714285714286e-06	8.563750000000002e-06	9.116488095238098e-06	7.5493452380952385e-06	8.376130952380955e-06	9.971011904761907e-06	1.0000000000000003e-05	1.0000000000000003e-05	1.0000000000000003e-05
4900	1.0000000000000003e-05	1.0000000000000003e-05	9.995416666666673e-06	9.94196428571429e-06	9.808869047619053e-06	9.084226190476193e-06	9.088809523809526e-06	9.777738095238096e-06	9.217857142857142e-06	6.025714285714286e-06	4.503392857142857e-06	7.743928571428574e-06	9.8102380952381e-06	9.740238095238097e-06	9.878750000000003e-06	9.98654761904762e-06	9.996666666666669e-06	9.999642857142861e-06	1.0000000000000003e-05
5000	1.0000000000000004e-05	1.0000000000000004e-05	9.984469696969701e-06	9.920670995671001e-06	9.498106060606064e-06	7.679761904761907e-06	7.991504329004331e-06	9.81369047619048e-06	8.852218614718616e-06	4.883982683982684e-06	4.7659632034632044e-06	8.684686147186147e-06	9.725270562770567e-06	9.721482683982685e-06	9.873376623376625e-06	9.986634199134203e-06	1.0000000000000004e-05	1.0000000000000004e-05	1.0000000000000004e-05
5100	1.0000000000000004e-05	1.0000000000000004e-05	9.978627232142859e-06	9.91155133928572e-06	9.637779017857146e-06	7.855245535714289e-06	7.952734375000003e-06	9.679520089285718e-06	6.530859375e-06	2.097265625000001e-06	3.998883928571429e-06	8.433816964285717e-06	9.502790178571431e-06	9.052678571428576e-06	9.414676339285716e-06	9.972488839285722e-06	9.954631696428576e-06	9.95368303571429e-06	9.98526785714286e-06
5200	1.0000000000000004e-05	1.0000000000000004e-05	1.0000000000000004e-05	9.999884792626732e-06	9.52206221198157e-06	6.332258064516131e-06	6.334965437788018e-06	9.151958525345624e-06	5.772004608294932e-06	1.4900345622119814e-06	3.974193548387098e-06	8.629089861751154e-06	1.0000000000000004e-05	1.0000000000000004e-05	1.0000000000000004e-05	1.0000000000000004e-05	1.0000000000000004e-05	1.0000000000000004e-05	1.0000000000000004e-05
5300	1.0000000000000003e-05	1.0000000000000003e-05	9.982321428571434e-06	9.91607142857143e-06	9.896785714285717e-06	9.826428571428575e-06	9.770000000000003e-06	9.519523809523808e-06	5.957559523809524e-06	1.9336309523809523e-06	4.720000000000001e-06	9.131011904761908e-06	1.0000000000000003e-05	1.0000000000000003e-05	9.999285714285715e-06	9.994345238095239e-06	9.99404761904762e-06	9.998988095238098e-06	1.0000000000000003e-05
5400	9.86405529953917e-06	9.944585253456224e-06	9.987442396313369e-06	9.911463133640554e-06	9.81779953917051e-06	9.744297235023045e-06	9.752073732718897e-06	9.175460829493088e-06	5.268375576036866e-06	2.197004608294931e-06	5.640437788018435e-06	9.334619815668204e-06	9.747983870967744e-06	9.770334101382493e-06	9.905126728110605e-06	9.986175115207376e-06	1.0000000000000004e-05	1.0000000000000004e-05	1.0000000000000004e-05
5500	9.860483870967744e-06	9.949654377880186e-06	9.978513824884796e-06	9.893202764976962e-06	9.813824884792629e-06	9.742857142857147e-06	9.745967741935487e-06	9.484850230414749e-06	5.809965437788018e-06	2.6104262672811054e-06	5.45697004608295e-06	8.97402073732719e-06	9.75374423963134e-06	9.746658986175118e-06	9.886059907834107e-06	9.988824884792631e-06	9.993548387096779e-06	9.997868663594471e-06	1.0000000000000004e-05
5600	9.860833333333336e-06	9.95011904761905e-06	9.979702380952386e-06	9.8927380952381e-06	9.690476190476191e-06	6.448571428571431e-06	5.8813690476190474e-06	8.94184523809524e-06	6.291785714285715e-06	2.5552976190476183e-06	4.641904761904763e-06	8.500000000000003e-06	7.622023809523809e-06	5.783154761904764e-06	8.006011904761906e-06	9.98440476190477e-06	9.990059523809529e-06	9.997321428571432e-06	1.0000000000000003e-05
5700	9.886830357142864e-06	9.952566964285721e-06	9.976841517857148e-06	9.91422991071429e-06	9.756584821428578e-06	7.122879464285714e-06	5.749386160714285e-06	7.935379464285716e-06	5.720312500000001e-06	2.4400111607142853e-06	5.211104910714286e-06	7.916629464285717e-06	4.569252232142856e-06	3.6858258928571434e-06	7.956250000000004e-06	9.926562500000005e-06	9.960323660714293e-06	9.905078125000005e-06	9.917410714285718e-06
5800	9.898828125000004e-06	9.963002232142862e-06	9.985156250000004e-06	9.907645089285719e-06	9.707310267857146e-06	6.952511160714286e-06	5.451506696428573e-06	7.900167410714286e-06	6.109151785714286e-06	2.839787946428571e-06	5.4964285714285716e-06	7.729799107142858e-06	4.501004464285715e-06	4.190680803571429e-06	8.19933035714286e-06	9.924441964285719e-06	9.957533482142864e-06	9.903738839285717e-06	9.916238839285719e-06
5900	9.989039408866997e-06	9.988546798029559e-06	9.996428571428573e-06	1.0000000000000003e-05	1.0000000000000003e-05	9.998091133004925e-06	9.940578817733994e-06	9.4439039408867e-06	5.793903940886699e-06	2.6025862068965514e-06	5.576354679802958e-06	8.266995073891628e-06	4.570197044334976e-06	3.6195812807881776e-06	7.979987684729065e-06	9.92543103448276e-06	9.96206896551724e-06	9.906650246305422e-06	9.915517241379311e-06
6000	9.744897959183674e-06	9.852168367346942e-06	9.979719387755102e-06	1e-05	1e-05	9.998852040816324e-06	9.941454081632655e-06	9.573660714285717e-06	5.979974489795918e-06	2.568048469387755e-06	5.29375e-06	8.601977040816326e-06	6.162882653061225e-06	4.2273596938775505e-06	7.486288265306123e-06	9.826594387755104e-06	9.849362244897962e-06	9.839668367346943e-06	9.896938775510204e-06
6100	9.744354838709682e-06	9.839919354838714e-06	9.96082949308756e-06	9.918145161290325e-06	9.913767281105993e-06	9.978456221198162e-06	9.931912442396318e-06	8.885599078341016e-06	4.387442396313365e-06	2.0671082949308755e-06	6.095967741935487e-06	9.326670506912445e-06	7.265898617511521e-06	5.1338133640553e-06	7.656278801843319e-06	9.925691244239635e-06	9.963824884792629e-06	9.904896313364058e-06	9.913133640553e-06
6200	1.0000000000000004e-05	1.0000000000000004e-05	9.971486175115211e-06	9.860771889400925e-06	9.867223502304152e-06	9.977188940092168e-06	9.944988479262678e-06	9.084907834101384e-06	4.755011520737328e-06	1.794758064516129e-06	5.191532258064519e-06	8.878917050691246e-06	7.601555299539174e-06	5.485426267281106e-06	7.671428571428573e-06	9.918029953917055e-06	9.960253456221205e-06	9.9043202764977e-06	9.914919354838714e-06
6300	1.0000000000000004e-05	1.0000000000000004e-05	1.0000000000000004e-05	1.0000000000000004e-05	1.0000000000000004e-05	9.97960829493088e-06	9.838652073732722e-06	9.018433179723503e-06	4.732315668202765e-06	2.1873271889400915e-06	2.9205645161290324e-06	3.278110599078341e-06	2.486808755760369e-06	2.9887672811059916e-06	7.4007488479262695e-06	9.925172811059912e-06	9.96710829493088e-06	9.898675115207376e-06	9.880933179723504e-06
6400	9.995504926108376e-06	9.998583743842367e-06	1.0000000000000003e-05	1.0000000000000003e-05	1.0000000000000003e-05	9.985036945812813e-06	9.851785714285717e-06	8.74778325123153e-06	4.396490147783252e-06	1.5262931034482754e-06	1.942241379310345e-06	3.222721674876848e-06	2.817487684729064e-06	3.4399630541871914e-06	7.84107142857143e-06	9.923029556650248e-06	9.847475369458133e-06	9.80689655172414e-06	9.955172413793107e-06
6500	1.0000000000000004e-05	1.0000000000000004e-05	1.0000000000000004e-05	1.0000000000000004e-05	1.0000000000000004e-05	9.985937500000003e-06	9.850837053571432e-06	8.621763392857147e-06	4.377287946428571e-06	1.2713169642857139e-06	1.7326450892857145e-06	4.1197544642857134e-06	3.386104910714286e-06	1.6457589285714284e-06	5.930189732142858e-06	9.61194196428572e-06	9.979185267857146e-06	9.985100446428578e-06	9.949051339285722e-06
6600	1.0000000000000004e-05	1.0000000000000004e-05	1.0000000000000004e-05	1.0000000000000004e-05	1.0000000000000004e-05	9.89508928571429e-06	7.508258928571431e-06	5.207533482142856e-06	2.916741071428572e-06	1.1088727678571424e-06	1.652790178571428e-06	4.016908482142857e-06	3.303459821428571e-06	2.494252232142857e-06	7.0101562500000006e-06	9.644642857142864e-06	9.974218750000007e-06	9.977566964285715e-06	9.920647321428574e-06
6700	9.99794372294373e-06	9.938798701298708e-06	9.89015151515152e-06	9.94908008658009e-06	9.999783549783554e-06	9.905140692640698e-06	7.426406926406929e-06	6.19047619047619e-06	4.3826839826839835e-06	1.8150974025974025e-06	2.0876623376623374e-06	3.2350649350649345e-06	2.3729437229437228e-06	1.5323593073593074e-06	6.0598484848484866e-06	9.637012987012991e-06	9.985606060606064e-06	1.0000000000000004e-05	1.0000000000000004e-05
6800	9.936405529953925e-06	9.922177419354845e-06	9.910483870967747e-06	9.908986175115212e-06	9.903859447004614e-06	9.824884792626731e-06	7.858928571428576e-06	6.453225806451612e-06	3.935944700460829e-06	1.780241935483871e-06	2.3233870967741935e-06	3.2882488479262678e-06	2.4185483870967745e-06	1.959389400921659e-06	6.654550691244241e-06	9.839458525345624e-06	9.99706221198157e-06	9.993605990783416e-06	9.982085253456227e-06
6900	9.850167410714291e-06	9.912220982142862e-06	9.934933035714291e-06	9.91847098214286e-06	9.888169642857146e-06	9.723660714285715e-06	7.075334821428576e-06	5.710825892857144e-06	3.875167410714287e-06	1.580022321428571e-06	2.0625e-06	3.2607700892857152e-06	2.6968750000000003e-06	2.3089285714285716e-06	6.767745535714288e-06	9.727176339285718e-06	9.81707589285715e-06	9.842243303571433e-06	9.821037946428571e-06
7000	9.703625541125546e-06	9.81769480519481e-06	9.90075757575758e-06	9.884036796536801e-06	9.819426406926412e-06	9.721590909090914e-06	7.1541125541125515e-06	4.9751623376623386e-06	3.1360389610389613e-06	1.2074675324675324e-06	1.7020021645021643e-06	4.120508658008658e-06	3.273755411255412e-06	2.3765151515151515e-06	7.1454545454545494e-06	9.905140692640697e-06	9.995779220779225e-06	9.994155844155851e-06	9.998160173160178e-06
7100	6.619009216589862e-06	8.607142857142859e-06	9.899539170506916e-06	9.88657834101383e-06	9.813997695852538e-06	9.709389400921664e-06	6.907949308755762e-06	4.8047235023041465e-06	3.225057603686636e-06	1.3705069124423963e-06	1.6175115207373272e-06	3.583755760368663e-06	3.6566820276497698e-06	2.960599078341014e-06	7.054838709677422e-06	9.908582949308761e-06	9.931624423963137e-06	9.916820276497698e-06	9.974078341013826e-06
7200	9.352343750000005e-06	9.763895089285719e-06	9.898381696428573e-06	9.883928571428574e-06	9.802790178571431e-06	9.642243303571431e-06	6.333482142857143e-06	4.305078124999999e-06	3.281584821428571e-06	1.7206473214285706e-06	2.1211495535714283e-06	3.022879464285714e-06	2.138225446428572e-06	1.792578125e-06	6.6625000000000035e-06	9.915569196428578e-06	9.87176339285715e-06	9.83225446428572e-06	9.942522321428573e-06
7300	9.805165816326536e-06	9.89279336734694e-06	9.917410714285715e-06	9.908227040816327e-06	9.836734693877552e-06	9.646747448979596e-06	6.319132653061224e-06	4.6190688775510195e-06	3.7675382653061225e-06	2.0288903061224483e-06	2.2223852040816317e-06	2.142219387755101e-06	1.2526147959183672e-06	1.6732142857142857e-06	6.614732142857145e-06	9.954719387755103e-06	9.988329081632651e-06	9.985841836734698e-06	9.996938775510205e-06
7400	9.996486175115212e-06	9.945622119815674e-06	9.903513824884794e-06	9.943894009216594e-06	9.907776497695858e-06	9.708064516129036e-06	5.981739631336407e-06	3.503110599078342e-06	2.9395161290322575e-06	1.530414746543779e-06	1.8165898617511519e-06	2.7373271889400914e-06	1.8414746543778799e-06	2.079665898617511e-06	7.00967741935484e-06	9.948675115207377e-06	1.0000000000000004e-05	1.0000000000000004e-05	1.0000000000000004e-05
7500	9.792321428571431e-06	9.898928571428573e-06	9.838273809523812e-06	9.854464285714288e-06	9.874523809523812e-06	9.708035714285715e-06	6.296369047619048e-06	3.5089880952380954e-06	2.468511904761904e-06	1.2183928571428569e-06	1.4528571428571428e-06	2.973214285714285e-06	2.327142857142857e-06	1.9648809523809526e-06	6.800000000000003e-06	9.868154761904765e-06	9.856428571428576e-06	9.828273809523813e-06	9.950238095238098e-06
7600	9.502559523809527e-06	9.718452380952383e-06	9.784107142857144e-06	9.84404761904762e-06	9.796607142857148e-06	8.955833333333333e-06	4.8219047619047635e-06	3.28172619047619e-06	3.391011904761905e-06	1.61375e-06	1.5460714285714286e-06	2.1985714285714276e-06	1.513928571428571e-06	1.5680952380952386e-06	6.440000000000003e-06	9.937202380952384e-06	9.920000000000003e-06	9.915178571428575e-06	9.983333333333337e-06
7700	2.068663594470046e-06	6.93450460829493e-06	9.767626728110598e-06	9.849596774193549e-06	9.804608294930878e-06	8.740322580645163e-06	4.589861751152076e-06	3.2161290322580637e-06	3.0950460829493085e-06	2.03479262672811e-06	2.5600230414746532e-06	2.9986175115207364e-06	1.969009216589861e-06	2.3096774193548386e-06	7.19677419354839e-06	9.951497695852541e-06	9.913421658986178e-06	9.916474654377883e-06	9.986578341013828e-06
7800	2.1502705627705625e-06	6.875919913419915e-06	9.764448051948057e-06	9.847997835497839e-06	9.816612554112557e-06	8.835173160173162e-06	5.049458874458874e-06	3.1118506493506477e-06	2.562608225108225e-06	1.3386904761904759e-06	1.5399350649350642e-06	2.8577922077922077e-06	2.2237012987012982e-06	2.0294372294372298e-06	6.8424242424242445e-06	9.889772727272736e-06	9.916017316017321e-06	9.916720779220785e-06	9.983982683982688e-06
7900	7.985773809523815e-06	9.167678571428574e-06	9.821785714285715e-06	9.892261904761907e-06	9.798750000000003e-06	8.823511904761906e-06	4.606607142857143e-06	3.1144642857142846e-06	3.204583333333333e-06	7.172023809523808e-07	2.667857142857142e-07	1.7517857142857135e-06	1.5332142857142856e-06	1.7705357142857144e-06	6.666666666666668e-06	9.933154761904765e-06	9.952083333333334e-06	9.954523809523812e-06	9.991250000000002e-06
8000	4.690149769585254e-06	8.007661290322584e-06	9.809216589861754e-06	9.725460829493091e-06	9.387442396313368e-06	8.767453917050691e-06	4.881970046082952e-06	2.467050691244239e-06	2.4355990783410128e-06	6.814516129032256e-07	4.3859447004608285e-07	2.8547811059907843e-06	3.885483870967742e-06	4.041532258064516e-06	7.543663594470049e-06	9.971428571428574e-06	9.974193548387103e-06	9.951612903225812e-06	9.977419354838713e-06
8100	3.901036866359446e-06	7.85253456221198e-06	9.833006912442399e-06	9.37465437788019e-06	8.351094470046085e-06	8.623502304147468e-06	5.710023041474656e-06	1.0112903225806451e-06	0.0	0.0	3.017281105990783e-07	3.7729262672811065e-06	7.845737327188942e-06	8.358467741935487e-06	8.965437788018437e-06	9.981509216589866e-06	1.0000000000000004e-05	1.0000000000000004e-05	1.0000000000000004e-05
8200	1.9357738095238098e-06	6.6384523809523815e-06	9.755595238095235e-06	9.424404761904762e-06	8.636964285714285e-06	8.871666666666667e-06	6.199404761904762e-06	1.4324999999999998e-06	0.0	0.0	2.2499999999999994e-07	3.893214285714286e-06	8.066547619047621e-06	8.488690476190478e-06	9.06511904761905e-06	9.974761904761908e-06	1.0000000000000003e-05	1.0000000000000003e-05	1.0000000000000003e-05
8300	1.952142857142857e-06	6.819642857142859e-06	9.751964285714287e-06	9.493154761904766e-06	8.989821428571431e-06	9.219226190476191e-06	6.769404761904764e-06	1.9313095238095238e-06	0.0	0.0	3.342857142857142e-07	4.052678571428571e-06	8.068750000000001e-06	8.35952380952381e-06	8.911011904761909e-06	9.901130952380955e-06	9.999285714285717e-06	1.0000000000000003e-05	1.0000000000000003e-05
8400	9.883426339285719e-06	9.964341517857148e-06	9.988671875000005e-06	9.131863839285718e-06	7.878292410714286e-06	8.474944196428571e-06	6.273660714285715e-06	1.5338169642857145e-06	0.0	0.0	5.695312499999999e-07	4.250725446428573e-06	8.680468750000004e-06	9.974162946428577e-06	9.845647321428573e-06	9.825223214285719e-06	9.954352678571433e-06	9.999888392857148e-06	1.0000000000000004e-05
8500	9.93799261083744e-06	9.984174876847293e-06	9.990701970443354e-06	9.100307881773401e-06	7.873460591133009e-06	7.875677339901478e-06	5.139285714285714e-06	1.027463054187192e-06	0.0	0.0	3.491379310344827e-07	4.09704433497537e-06	8.743965517241381e-06	9.958128078817736e-06	9.85689655172414e-06	9.83866995073892e-06	9.943103448275865e-06	9.991440886699509e-06	9.973706896551729e-06
8600	9.922433035714289e-06	9.900334821428577e-06	9.875279017857145e-06	9.228683035714287e-06	8.383035714285715e-06	8.162053571428576e-06	4.949051339285715e-06	8.889508928571426e-07	0.0	0.0	1.6874999999999997e-07	3.382477678571429e-06	8.209375000000003e-06	9.956250000000007e-06	9.841852678571435e-06	9.839676339285718e-06	9.958147321428574e-06	9.978627232142864e-06	9.92589285714286e-06
8700	9.79047619047619e-06	9.840297619047619e-06	9.887023809523813e-06	9.287202380952387e-06	8.47375e-06	8.23357142857143e-06	4.695059523809525e-06	6.042857142857142e-07	0.0	0.0	1.9285714285714282e-07	3.1972023809523808e-06	8.000476190476194e-06	9.85886904761905e-06	7.686785714285716e-06	7.540952380952383e-06	9.716547619047622e-06	9.242797619047625e-06	7.183630952380956e-06
8800	9.794698660714289e-06	9.838113839285718e-06	9.894531250000004e-06	9.023437500000005e-06	8.218359375e-06	8.421930803571435e-06	5.240848214285716e-06	9.793526785714285e-07	0.0	0.0	3.284598214285713e-07	3.938169642857144e-06	8.605915178571431e-06	9.955412946428576e-06	9.839006696428575e-06	9.840904017857147e-06	9.950390625000004e-06	9.933649553571434e-06	9.835546875000005e-06
8900	9.808986175115209e-06	9.828225806451614e-06	9.876497695852538e-06	8.062442396313364e-06	6.3801267281106e-06	6.049078341013824e-06	2.7795506912442403e-06	6.221198156682027e-09	0.0	0.0	1.4930875576036865e-07	3.5728686635944707e-06	8.418433179723504e-06	9.991877880184337e-06	9.973387096774202e-06	9.90178571428572e-06	9.913536866359448e-06	9.826728110599083e-06	9.403686635944701e-06
9000	9.8e-06	9.842364532019706e-06	9.897229064039413e-06	9.309051724137933e-06	8.54495073891626e-06	6.606896551724138e-06	2.441871921182266e-06	3.657635467980295e-08	0.0	0.0	0.0	1.4876231527093595e-06	6.423953201970444e-06	9.8826354679803e-06	9.733497536945816e-06	9.690332512315275e-06	9.827709359605914e-06	9.899692118226601e-06	9.953571428571434e-06
9100	9.87297619047619e-06	9.928750000000002e-06	9.97946428571429e-06	8.56964285714286e-06	5.9364880952380946e-06	4.420595238095238e-06	2.0710119047619046e-06	6.428571428571428e-09	0.0	0.0	0.0	1.678988095238095e-06	6.633333333333335e-06	9.954345238095241e-06	9.98910714285715e-06	9.907678571428575e-06	9.833333333333336e-06	9.892321428571433e-06	9.977559523809527e-06
9200	9.87047991071429e-06	9.93376116071429e-06	9.955803571428576e-06	8.501674107142857e-06	6.019029017857143e-06	4.436383928571427e-06	1.9718191964285712e-06	1.5066964285714285e-08	0.0	0.0	0.0	1.325558035714286e-06	6.163225446428573e-06	9.836941964285719e-06	9.988337053571434e-06	9.90876116071429e-06	9.835044642857143e-06	9.894363839285716e-06	9.97901785714286e-06
9300	9.870218894009218e-06	9.92661290322581e-06	9.980357142857147e-06	8.394354838709678e-06	5.708179723502304e-06	4.657834101382488e-06	2.3693548387096772e-06	1.5552995391705068e-08	0.0	0.0	0.0	1.1216013824884792e-06	5.8259792626728145e-06	9.630529953917053e-06	9.891013824884797e-06	9.873099078341018e-06	9.832891705069127e-06	9.9102534562212e-06	9.985599078341017e-06
9400	9.869642857142859e-06	9.915209359605914e-06	9.844704433497537e-06	8.259359605911331e-06	5.813977832512316e-06	4.965024630541871e-06	2.556588669950739e-06	9.97536945812808e-09	0.0	0.0	0.0	1.3152709359605911e-06	6.12826354679803e-06	9.738177339901482e-06	9.902647783251235e-06	9.925677339901482e-06	9.901539408866998e-06	9.94501231527094e-06	9.991687192118229e-06
9500	9.900115207373274e-06	9.915725806451615e-06	9.906970046082953e-06	8.556048387096776e-06	6.33099078341014e-06	5.089976958525346e-06	2.3895737327188946e-06	6.221198156682027e-09	0.0	0.0	0.0	1.5372695852534566e-06	6.344700460829493e-06	9.727361751152076e-06	9.863536866359449e-06	9.58369815668203e-06	9.411405529953919e-06	9.753225806451616e-06	9.973271889400926e-06
9600	1.0000000000000004e-05	9.993191964285717e-06	9.916908482142861e-06	8.006640625e-06	5.997600446428574e-06	5.203738839285716e-06	2.301116071428572e-06	1.2053571428571428e-08	0.0	0.0	0.0	9.214285714285715e-07	5.503794642857145e-06	9.454966517857145e-06	9.663392857142863e-06	9.476506696428574e-06	9.527232142857145e-06	9.828348214285717e-06	9.986830357142861e-06
9700	1.0000000000000003e-05	1.0000000000000003e-05	9.974226190476193e-06	8.253571428571431e-06	5.598869047619046e-06	5.146785714285715e-06	2.836904761904762e-06	9.642857142857142e-09	0.0	0.0	0.0	1.523988095238095e-06	6.308035714285715e-06	9.782678571428574e-06	9.998630952380956e-06	1.0000000000000003e-05	1.0000000000000003e-05	1.0000000000000003e-05	1.0000000000000003e-05
9800	9.969182027649775e-06	9.992223502304151e-06	9.999423963133643e-06	8.6830069124424e-06	6.244930875576036e-06	3.6460253456221197e-06	1.084677419354839e-06	0.0	0.0	0.0	0.0	6.594470046082948e-07	4.967281105990784e-06	9.15276497695853e-06	9.740034562211988e-06	9.545737327188946e-06	9.415725806451614e-06	9.707373271889405e-06	9.852995391705074e-06
9900	9.977304147465442e-06	9.994585253456224e-06	9.999596774193554e-06	8.676670506912445e-06	6.157546082949312e-06	3.4846198156682027e-06	1.004147465437788e-06	0.0	0.0	0.0	0.0	1.7553571428571428e-06	6.667741935483873e-06	9.912384792626732e-06	1.0000000000000004e-05	1.0000000000000004e-05	9.999827188940097e-06	9.940668202764982e-06	9.819873271889404e-06
10000	9.852995391705074e-06	9.946543778801848e-06	9.99193548387097e-06	8.516877880184338e-06	5.123387096774191e-06	2.237960829493087e-06	6.32258064516129e-07	0.0	0.0	0.0	0.0	1.365610599078341e-06	6.148790322580648e-06	9.782776497695855e-06	9.999596774193554e-06	9.999654377880188e-06	9.980184331797236e-06	9.923387096774197e-06	9.885253456221202e-06
