	site
generation	50	100	150	200	250	300	350	400	450	500	550	600	650	700	750	800	850	900	950
0	1.0000000000000004e-05	1.0000000000000004e-05	1.0000000000000004e-05	1.0000000000000004e-05	1.0000000000000004e-05	1.0000000000000004e-05	1.0000000000000004e-05	1.0000000000000004e-05	1.0000000000000004e-05	1.0000000000000004e-05	1.0000000000000004e-05	1.0000000000000004e-05	1.0000000000000004e-05	1.0000000000000004e-05	1.0000000000000004e-05	1.0000000000000004e-05	1.0000000000000004e-05	1.0000000000000004e-05	1.0000000000000004e-05
100	1.0000000000000004e-05	1.0000000000000004e-05	1.0000000000000004e-05	1.0000000000000004e-05	1.0000000000000004e-05	1.0000000000000004e-05	1.0000000000000004e-05	9.99837662337663e-06	9.996969696969703e-06	9.998593073593077e-06	9.999512987012991e-06	9.992045454545459e-06	9.991396103896109e-06	9.99886363636364e-06	1.0000000000000004e-05	1.0000000000000004e-05	1.0000000000000004e-05	1.0000000000000004e-05	1.0000000000000004e-05
200	9.90245535714286e-06	9.966629464285717e-06	1.0000000000000004e-05	1.0000000000000004e-05	9.991796875000002e-06	9.916015625000003e-06	9.83610491071429e-06	9.877734375000004e-06	9.965848214285719e-06	1.0000000000000004e-05	9.984988839285719e-06	9.910881696428575e-06	9.91501116071429e-06	9.97366071428572e-06	9.90954241071429e-06	9.909207589285718e-06	9.984207589285718e-06	1.0000000000000004e-05	1.0000000000000004e-05
300	9.922678571428574e-06	9.976250000000003e-06	9.986726190476193e-06	9.919107142857147e-06	9.904761904761907e-06	9.849940476190481e-06	9.751130952380955e-06	9.837619047619053e-06	9.964047619047621e-06	1.0000000000000003e-05	9.982559523809528e-06	9.911130952380955e-06	9.91744047619048e-06	9.972619047619053e-06	9.92291666666667e-06	9.929583333333337e-06	9.98607142857143e-06	9.942202380952385e-06	9.88107142857143e-06
400	9.78623271889401e-06	9.911866359447008e-06	9.974596774193552e-06	9.913191244239633e-06	9.907834101382493e-06	9.844700460829495e-06	9.744585253456224e-06	9.851728110599083e-06	9.972868663594472e-06	9.996831797235027e-06	9.98058755760369e-06	9.910195852534565e-06	9.860311059907835e-06	9.865783410138249e-06	9.863709677419358e-06	9.920794930875579e-06	9.98870967741936e-06	9.934331797235027e-06	9.856854838709676e-06
500	9.874523809523812e-06	9.87994047619048e-06	9.903452380952382e-06	9.89839285714286e-06	9.903333333333336e-06	9.841190476190479e-06	9.740654761904764e-06	9.805119047619048e-06	9.878035714285718e-06	9.943690476190478e-06	9.977857142857147e-06	9.912261904761905e-06	9.85297619047619e-06	9.802261904761908e-06	9.78761904761905e-06	9.898809523809525e-06	9.991785714285717e-06	1.0000000000000003e-05	1.0000000000000003e-05
600	9.844700460829495e-06	9.88087557603687e-06	9.899711981566824e-06	9.875979262672816e-06	9.790552995391708e-06	9.586002304147468e-06	9.57620967741936e-06	9.808237327188943e-06	9.880069124423967e-06	9.912615207373276e-06	9.949251152073736e-06	9.906221198156688e-06	9.857603686635948e-06	9.863652073732723e-06	9.830817972350232e-06	9.811981566820277e-06	9.795334101382492e-06	9.847407834101386e-06	9.965034562211986e-06
700	9.900833333333339e-06	9.881011904761908e-06	9.90339285714286e-06	9.890535714285717e-06	9.166666666666668e-06	5.348988095238097e-06	4.8820833333333335e-06	8.708511904761907e-06	9.865714285714289e-06	9.898511904761907e-06	9.088154761904765e-06	5.141964285714285e-06	5.320654761904764e-06	9.177440476190479e-06	9.775833333333334e-06	9.901428571428572e-06	9.988630952380956e-06	9.942916666666673e-06	9.865416666666669e-06
800	9.796601382488481e-06	9.854665898617515e-06	9.911808755760372e-06	9.879723502304152e-06	9.249193548387101e-06	5.433179723502305e-06	5.321370967741935e-06	9.15126728110599e-06	9.874884792626729e-06	9.86013824884793e-06	9.08496543778802e-06	6.903629032258066e-06	7.345852534562214e-06	9.537096774193551e-06	9.850403225806456e-06	9.928801843317978e-06	9.986520737327195e-06	9.903168202764983e-06	9.791013824884795e-06
900	9.813839285714289e-06	9.835881696428576e-06	9.909151785714288e-06	9.845814732142862e-06	9.801283482142862e-06	9.862779017857148e-06	9.840178571428573e-06	9.835491071428575e-06	9.861551339285718e-06	9.854743303571431e-06	9.775837053571434e-06	9.708761160714287e-06	9.74938616071429e-06	9.780915178571433e-06	9.735435267857145e-06	9.792075892857144e-06	9.865736607142862e-06	9.850781250000003e-06	9.839062500000001e-06
1000	9.811635944700464e-06	9.83058755760369e-06	9.907085253456223e-06	9.851036866359452e-06	9.796831797235027e-06	9.855702764976959e-06	9.844239631336407e-06	9.839804147465444e-06	9.857834101382492e-06	9.85080645161291e-06	9.787960829493095e-06	9.716877880184335e-06	9.740380184331802e-06	9.772119815668204e-06	9.738594470046086e-06	9.788421658986176e-06	9.856048387096776e-06	9.854550691244242e-06	9.84360599078341e-06
1100	9.95391705069125e-06	9.958064516129037e-06	9.97603686635945e-06	9.957718894009222e-06	9.950748847926273e-06	9.910944700460834e-06	9.643894009216592e-06	9.631394009216594e-06	9.848271889400925e-06	9.849078341013826e-06	9.783813364055303e-06	9.73116359447005e-06	9.769930875576041e-06	9.777649769585257e-06	9.606624423963136e-06	9.618490783410141e-06	9.809735023041476e-06	9.857315668202768e-06	9.83940092165899e-06
1200	9.647023809523808e-06	9.559464285714286e-06	9.787738095238098e-06	9.853988095238099e-06	9.79809523809524e-06	9.810952380952384e-06	9.746071428571435e-06	9.76184523809524e-06	9.76934523809524e-06	8.622619047619047e-06	7.368869047619049e-06	8.464464285714291e-06	9.75761904761905e-06	9.77184523809524e-06	9.739523809523813e-06	9.817976190476193e-06	9.887678571428575e-06	9.887857142857146e-06	9.873452380952384e-06
1300	9.605022321428572e-06	8.854966517857146e-06	8.910881696428574e-06	7.836272321428575e-06	7.540680803571432e-06	9.369029017857144e-06	9.744419642857146e-06	9.77087053571429e-06	9.490625000000004e-06	7.969252232142858e-06	6.95546875e-06	8.422656250000005e-06	9.762555803571433e-06	9.759207589285718e-06	9.730301339285717e-06	9.798046875000004e-06	9.845312500000001e-06	9.84419642857143e-06	9.84391741071429e-06
1400	7.165122767857146e-06	7.296986607142859e-06	8.949162946428574e-06	9.554408482142861e-06	9.780468750000007e-06	9.831696428571433e-06	9.742131696428576e-06	9.780078125e-06	9.782421875000004e-06	7.947544642857144e-06	5.8202008928571415e-06	7.579520089285716e-06	9.725055803571434e-06	9.763616071428572e-06	9.74224330357143e-06	9.781584821428575e-06	9.84620535714286e-06	9.853069196428573e-06	9.842187500000001e-06
1500	1.0000000000000004e-05	9.998329493087562e-06	9.995449308755764e-06	9.994239631336409e-06	9.993605990783411e-06	9.990725806451617e-06	9.988479262672817e-06	9.991301843317976e-06	9.981451612903227e-06	9.26612903225807e-06	6.735426267281107e-06	3.852649769585253e-06	6.0846198156682e-06	9.549251152073735e-06	9.740956221198158e-06	9.7991935483871e-06	9.850979262672813e-06	9.857315668202766e-06	9.844642857142855e-06
1600	9.774285714285716e-06	9.857083333333336e-06	9.921309523809527e-06	9.897619047619052e-06	9.942738095238097e-06	9.999702380952384e-06	1.0000000000000003e-05	1.0000000000000003e-05	9.994166666666673e-06	8.849583333333336e-06	5.477202380952381e-06	3.3299404761904773e-06	6.405773809523812e-06	9.52351190476191e-06	8.752321428571432e-06	8.67904761904762e-06	9.676488095238096e-06	9.841369047619048e-06	9.84011904761905e-06
1700	9.748939732142861e-06	9.799162946428574e-06	9.84034598214286e-06	9.862946428571433e-06	9.940792410714288e-06	9.999107142857146e-06	9.997600446428577e-06	9.996875000000006e-06	9.99045758928572e-06	8.694140625000002e-06	5.356417410714286e-06	2.381640625e-06	4.939174107142858e-06	8.203013392857147e-06	4.805803571428573e-06	4.808091517857144e-06	8.896875000000004e-06	9.76847098214286e-06	9.754296875000001e-06
1800	9.737023809523812e-06	9.79095238095238e-06	9.838928571428577e-06	9.869345238095241e-06	9.946726190476192e-06	9.999285714285717e-06	1.0000000000000003e-05	1.0000000000000003e-05	9.989523809523814e-06	8.906666666666669e-06	5.822023809523809e-06	2.5953571428571426e-06	4.952083333333334e-06	7.968452380952384e-06	4.02827380952381e-06	3.066309523809523e-06	7.612380952380952e-06	9.726904761904763e-06	9.740357142857146e-06
1900	9.731854838709681e-06	9.784965437788023e-06	9.83922811059908e-06	9.873502304147468e-06	9.944815668202767e-06	9.989343317972357e-06	9.99366359447005e-06	1.0000000000000004e-05	9.987500000000006e-06	9.101785714285717e-06	6.402073732718895e-06	2.9684907834101386e-06	4.829089861751153e-06	7.628801843317972e-06	3.7168202764976967e-06	2.3584677419354832e-06	6.933698156682029e-06	9.54723502304148e-06	9.459101382488486e-06
2000	9.746859605911337e-06	9.794211822660098e-06	9.843780788177338e-06	9.87998768472906e-06	9.94778325123153e-06	9.960837438423644e-06	9.904125615763548e-06	9.932697044334976e-06	9.980849753694582e-06	8.138916256157639e-06	4.520566502463055e-06	2.0250615763546792e-06	4.7375615763546795e-06	6.3431650246305405e-06	2.526724137931034e-06	3.9679802955665026e-06	8.677647783251234e-06	8.427463054187194e-06	6.613977832512316e-06
2100	1.0000000000000004e-05	1.0000000000000004e-05	1.0000000000000004e-05	1.0000000000000004e-05	1.0000000000000004e-05	9.980189732142863e-06	9.922991071428576e-06	9.935435267857146e-06	9.979241071428579e-06	8.162053571428573e-06	4.296428571428572e-06	1.7599888392857141e-06	4.806417410714286e-06	6.8819754464285745e-06	2.9737165178571432e-06	4.069475446428572e-06	8.801785714285718e-06	7.931863839285716e-06	4.296428571428574e-06
2200	9.994239631336409e-06	9.995276497695857e-06	9.998156682027653e-06	1.0000000000000004e-05	1.0000000000000004e-05	9.973156682027654e-06	9.906854838709682e-06	9.923617511520741e-06	9.978513824884794e-06	7.702534562211982e-06	3.0250000000000024e-06	1.0118663594470047e-06	5.0616935483870975e-06	7.1775345622119845e-06	3.0623847926267277e-06	4.241877880184332e-06	8.971774193548392e-06	6.9134216589861795e-06	2.093317972350232e-06
2300	9.968214285714287e-06	9.98607142857143e-06	1.0000000000000003e-05	9.999880952380953e-06	9.996904761904762e-06	9.965416666666671e-06	9.90744047619048e-06	9.93136904761905e-06	9.978214285714288e-06	8.126785714285716e-06	4.455535714285713e-06	1.6375595238095234e-06	4.304166666666668e-06	6.541488095238093e-06	2.9330952380952372e-06	4.079464285714287e-06	8.665654761904764e-06	7.113511904761904e-06	2.3151785714285717e-06
2400	9.858986175115209e-06	9.947983870967744e-06	9.999711981566823e-06	9.999596774193554e-06	9.996774193548392e-06	9.969066820276502e-06	9.909850230414747e-06	9.924769585253458e-06	9.978052995391709e-06	7.982373271889405e-06	3.526152073732719e-06	1.1767857142857141e-06	4.899423963133641e-06	7.040149769585254e-06	3.1153225806451615e-06	4.2853110599078345e-06	8.913767281105994e-06	6.957776497695854e-06	2.4630760368663598e-06
2500	9.93283410138249e-06	9.968778801843323e-06	9.957718894009219e-06	9.949366359447009e-06	9.984216589861754e-06	9.983352534562217e-06	9.92350230414747e-06	9.925230414746545e-06	9.89735023041475e-06	7.33951612903226e-06	2.7695852534562224e-06	1.2531682027649768e-06	5.386290322580647e-06	7.645334101382489e-06	3.434447004608296e-06	4.389458525345623e-06	9.055414746543782e-06	9.45334101382489e-06	8.730933179723503e-06
2600	8.366244239631342e-06	9.57816820276498e-06	9.937211981566825e-06	9.992569124423966e-06	1.0000000000000004e-05	9.96843317972351e-06	9.905069124423968e-06	9.893145161290325e-06	9.536751152073738e-06	5.9416474654377895e-06	1.361405529953917e-06	5.99078341013825e-07	4.7372695852534564e-06	6.582373271889401e-06	2.7427995391705064e-06	4.083006912442398e-06	8.750000000000004e-06	7.05639400921659e-06	2.4018433179723497e-06
2700	1.0000000000000003e-05	1.0000000000000003e-05	1.0000000000000003e-05	1.0000000000000003e-05	1.0000000000000003e-05	9.971130952380955e-06	9.905357142857144e-06	9.883750000000002e-06	9.704761904761904e-06	6.771785714285714e-06	2.016547619047619e-06	7.113095238095239e-07	5.087500000000001e-06	7.047023809523809e-06	2.908690476190477e-06	4.138809523809524e-06	8.87714285714286e-06	7.047380952380955e-06	2.3926190476190484e-06
2800	9.95645161290323e-06	9.982315668202768e-06	9.9844470046083e-06	9.98243087557604e-06	9.991013824884793e-06	9.914746543778807e-06	9.806221198156682e-06	9.849827188940095e-06	9.584331797235027e-06	6.33807603686636e-06	1.7132488479262674e-06	5.695276497695852e-07	4.8525921658986174e-06	6.624481566820278e-06	2.6089285714285713e-06	4.0191820276497705e-06	8.707200460829497e-06	7.085887096774196e-06	2.2858870967741947e-06
2900	9.967299107142859e-06	9.92672991071429e-06	9.898716517857148e-06	9.914676339285718e-06	9.933091517857145e-06	9.92667410714286e-06	9.852064732142864e-06	9.862611607142865e-06	9.650892857142859e-06	6.341127232142858e-06	1.6502232142857144e-06	7.521763392857143e-07	5.091350446428572e-06	7.006082589285716e-06	2.9260602678571433e-06	3.947600446428573e-06	8.666629464285716e-06	7.271819196428574e-06	2.896316964285714e-06
3000	9.999445812807884e-06	9.996366995073895e-06	9.990332512315277e-06	9.969334975369461e-06	9.965209359605912e-06	9.659913793103452e-06	8.996859605911329e-06	9.312315270935963e-06	9.721059113300494e-06	6.262068965517242e-06	1.5270935960591132e-06	3.429802955665025e-07	4.069827586206897e-06	6.5302955665024635e-06	3.351600985221674e-06	4.488362068965518e-06	8.88860837438424e-06	6.963854679802956e-06	2.5203817733990155e-06
3100	1.0000000000000004e-05	9.999827188940097e-06	9.942165898617515e-06	9.812845622119821e-06	9.85731566820277e-06	8.696428571428577e-06	6.481970046082948e-06	7.705760368663598e-06	9.641417050691248e-06	6.420622119815669e-06	1.7126152073732715e-06	4.419354838709677e-07	4.238306451612903e-06	6.723156682027649e-06	3.2316244239631335e-06	4.301382488479264e-06	8.961175115207377e-06	6.989631336405534e-06	2.497350230414746e-06
3200	1.0000000000000004e-05	9.99972098214286e-06	9.940736607142866e-06	9.808537946428576e-06	9.857868303571431e-06	8.913895089285717e-06	7.093917410714287e-06	8.082979910714286e-06	9.603348214285718e-06	6.560491071428572e-06	1.8697544642857142e-06	5.941964285714286e-07	4.702678571428573e-06	7.000892857142862e-06	3.109375e-06	4.223214285714287e-06	9.000446428571433e-06	9.994196428571433e-06	1.0000000000000004e-05
3300	9.840892857142862e-06	9.859226190476193e-06	9.547678571428574e-06	8.274880952380954e-06	7.2302380952380955e-06	8.543809523809527e-06	9.894761904761907e-06	9.885654761904764e-06	9.685416666666669e-06	6.6773214285714286e-06	1.943690476190476e-06	2.9672619047619047e-07	4.085595238095238e-06	6.185059523809522e-06	2.6694047619047612e-06	4.04732142857143e-06	8.77166666666667e-06	9.997559523809527e-06	1.0000000000000003e-05
3400	9.489631336405535e-06	9.059331797235024e-06	7.622465437788018e-06	4.972580645161288e-06	4.222868663594469e-06	7.279377880184334e-06	9.866877880184335e-06	9.964055299539177e-06	9.603283410138249e-06	6.094009216589863e-06	1.4547811059907833e-06	6.010944700460828e-07	4.854838709677422e-06	9.25374423963134e-06	1.0000000000000004e-05	1.0000000000000004e-05	1.0000000000000004e-05	9.994988479262677e-06	9.974827188940096e-06
3500	9.854166666666668e-06	9.943154761904763e-06	9.999702380952384e-06	9.998988095238097e-06	9.996666666666669e-06	9.997678571428574e-06	1.0000000000000003e-05	9.963988095238098e-06	9.59416666666667e-06	6.186011904761905e-06	1.5558333333333332e-06	3.5434523809523803e-07	4.206666666666667e-06	6.506607142857144e-06	2.904999999999999e-06	3.9758333333333335e-06	8.721666666666668e-06	9.983809523809529e-06	9.945595238095244e-06
3600	9.821428571428574e-06	9.845119047619049e-06	9.576428571428574e-06	7.143392857142858e-06	6.258154761904762e-06	8.694345238095241e-06	9.642321428571432e-06	9.63464285714286e-06	9.704107142857146e-06	6.876369047619047e-06	2.1021428571428573e-06	4.161309523809523e-07	4.428511904761905e-06	6.448035714285713e-06	2.7098214285714284e-06	4.167261904761905e-06	8.831785714285715e-06	9.931904761904765e-06	9.993214285714289e-06
3700	9.83294930875576e-06	9.859677419354838e-06	9.729089861751152e-06	7.352073732718893e-06	6.080760368663593e-06	8.466647465437789e-06	9.814400921658991e-06	9.807834101382494e-06	9.656797235023044e-06	6.3413594470046095e-06	1.6300691244239632e-06	2.603110599078341e-07	3.874193548387098e-06	8.613364055299541e-06	9.915380184331803e-06	9.778283410138253e-06	9.808352534562215e-06	9.940552995391708e-06	9.991705069124427e-06
3800	9.892857142857145e-06	9.90166666666667e-06	9.563988095238097e-06	7.22517857142857e-06	6.921249999999998e-06	9.279404761904763e-06	9.892678571428575e-06	9.858928571428577e-06	9.42607142857143e-06	5.834880952380952e-06	1.3496428571428573e-06	4.5630952380952384e-07	4.640000000000001e-06	9.182857142857145e-06	9.90130952380953e-06	9.804880952380954e-06	9.898690476190478e-06	9.995952380952385e-06	1.0000000000000003e-05
3900	9.812039170506918e-06	9.832085253456225e-06	9.573444700460832e-06	7.113824884792628e-06	6.112730414746545e-06	8.569527649769588e-06	9.639919354838713e-06	9.661520737327192e-06	9.645564516129036e-06	6.581797235023042e-06	1.880011520737327e-06	1.284562211981567e-07	3.7360023041474657e-06	8.528398617511524e-06	9.909158986175117e-06	9.988306451612906e-06	1.0000000000000004e-05	1.0000000000000004e-05	1.0000000000000004e-05
4000	9.6977380952381e-06	9.795119047619051e-06	9.24047619047619e-06	7.194166666666668e-06	7.837142857142858e-06	9.88869047619048e-06	9.902500000000002e-06	9.924761904761905e-06	7.770119047619048e-06	2.998095238095238e-06	1.832142857142857e-07	1.2857142857142856e-08	2.0175e-06	6.793571428571429e-06	8.147738095238096e-06	6.047142857142857e-06	7.624761904761907e-06	9.936428571428574e-06	1.0000000000000003e-05
4100	9.702500000000004e-06	9.797857142857145e-06	7.904226190476193e-06	4.49172619047619e-06	6.262797619047619e-06	9.690178571428576e-06	9.901964285714285e-06	9.834761904761908e-06	6.743214285714286e-06	1.8668452380952381e-06	0.0	6.75e-08	3.1027380952380956e-06	8.015833333333336e-06	9.980595238095241e-06	9.993095238095243e-06	9.912797619047622e-06	9.827500000000005e-06	9.854226190476194e-06
4200	9.689732142857149e-06	9.785825892857146e-06	8.541183035714286e-06	4.03130580357143e-06	4.277511160714287e-06	8.786328125000002e-06	9.880859375000002e-06	9.900558035714289e-06	7.043638392857147e-06	2.101897321428572e-06	0.0	1.5066964285714285e-08	2.6423549107142864e-06	7.61305803571429e-06	9.985379464285718e-06	9.93928571428572e-06	9.81495535714286e-06	9.778459821428575e-06	9.850167410714288e-06
4300	9.705357142857146e-06	9.81324884792627e-06	9.934965437788023e-06	9.937672811059912e-06	9.89464285714286e-06	9.819182027649774e-06	9.809447004608301e-06	9.90518433179724e-06	7.943433179723504e-06	3.1942396313364056e-06	2.146313364055299e-07	3.7327188940092163e-08	2.092914746543779e-06	6.852764976958527e-06	7.96319124423963e-06	4.569527649769586e-06	6.055933179723504e-06	9.625576036866363e-06	9.970276497695854e-06
4400	9.996490147783252e-06	9.989655172413796e-06	9.993165024630543e-06	1.0000000000000003e-05	9.998029556650252e-06	9.94137931034483e-06	9.902032019704435e-06	9.92524630541872e-06	8.382327586206898e-06	3.7782019704433496e-06	3.624384236453201e-07	4.322660098522167e-08	2.4366995073891624e-06	7.187746305418719e-06	7.757389162561577e-06	4.518103448275863e-06	6.260283251231528e-06	9.672413793103452e-06	9.960960591133007e-06
4500	9.942745535714292e-06	9.898325892857147e-06	9.87550223214286e-06	9.915178571428575e-06	9.980412946428575e-06	9.946875000000006e-06	9.901004464285718e-06	9.917243303571431e-06	8.536718750000002e-06	3.892131696428572e-06	3.1941964285714277e-07	3.3147321428571426e-08	2.266852678571429e-06	6.923549107142857e-06	7.346093750000001e-06	4.451729910714286e-06	6.568080357142859e-06	9.74782366071429e-06	9.975223214285717e-06
4600	9.982380952380957e-06	9.964880952380956e-06	9.966071428571434e-06	9.97214285714286e-06	9.981547619047622e-06	9.983571428571434e-06	9.984285714285718e-06	9.951250000000006e-06	8.13452380952381e-06	3.3920833333333334e-06	2.121428571428571e-07	4.178571428571428e-08	2.6492857142857146e-06	7.463750000000002e-06	7.498273809523809e-06	4.861488095238095e-06	6.9696428571428556e-06	9.722976190476193e-06	9.972797619047621e-06
4700	9.76529017857143e-06	9.762834821428575e-06	9.837053571428576e-06	9.846205357142861e-06	9.865569196428575e-06	9.880970982142861e-06	9.913225446428578e-06	9.955580357142862e-06	8.974218750000006e-06	4.571372767857143e-06	5.695312500000001e-07	0.0	2.3922991071428574e-06	7.371875000000003e-06	9.979575892857145e-06	1.0000000000000004e-05	1.0000000000000004e-05	1.0000000000000004e-05	1.0000000000000004e-05
4800	1.0000000000000004e-05	1.0000000000000004e-05	9.988798701298707e-06	9.918452380952386e-06	9.90411255411256e-06	9.89880952380953e-06	9.87094155844156e-06	9.89042207792208e-06	8.02478354978355e-06	3.346861471861472e-06	2.659090909090909e-07	2.62987012987013e-08	1.6957251082251083e-06	6.476731601731604e-06	9.807305194805198e-06	1.0000000000000004e-05	1.0000000000000004e-05	1.0000000000000004e-05	1.0000000000000004e-05
4900	1.0000000000000004e-05	1.0000000000000004e-05	1.0000000000000004e-05	1.0000000000000004e-05	9.996601382488484e-06	9.928225806451617e-06	9.903398617511525e-06	9.93145161290323e-06	8.23214285714286e-06	3.5306451612903235e-06	2.5817972350230414e-07	0.0	1.866705069124424e-06	6.754665898617512e-06	9.843951612903227e-06	9.955011520737328e-06	9.999020737327193e-06	1.0000000000000004e-05	1.0000000000000004e-05
5000	9.971323529411774e-06	9.99233193277312e-06	1.000000000000001e-05	1.000000000000001e-05	1.000000000000001e-05	1.000000000000001e-05	1.000000000000001e-05	9.954044117647066e-06	8.221743697478996e-06	3.6959558823529422e-06	4.282563025210083e-07	0.0	1.7685399159663868e-06	6.679044117647061e-06	9.858560924369754e-06	9.947426470588246e-06	9.999369747899169e-06	1.000000000000001e-05	1.000000000000001e-05
5100	1.0000000000000004e-05	1.0000000000000004e-05	9.996428571428573e-06	9.967569124423967e-06	9.956970046082954e-06	9.96226958525346e-06	9.965956221198165e-06	9.943548387096781e-06	8.469124423963138e-06	3.8137096774193553e-06	2.986175115207373e-07	0.0	1.5232718894009215e-06	6.317972350230416e-06	9.748041474654381e-06	9.926555299539174e-06	9.909043778801847e-06	9.92321428571429e-06	9.987384792626733e-06
5200	9.972695852534568e-06	9.906394009216593e-06	9.927304147465443e-06	9.993548387096777e-06	9.99706221198157e-06	9.996831797235027e-06	9.999711981566823e-06	9.954781105990787e-06	8.038479262672812e-06	3.3387672811059913e-06	2.550691244239631e-07	1.5841013824884796e-08	1.891647465437788e-06	6.807603686635946e-06	9.903225806451616e-06	9.96993087557604e-06	9.995622119815671e-06	9.996947004608297e-06	9.999827188940097e-06
5300	9.942261904761908e-06	9.814404761904767e-06	9.852976190476193e-06	9.983809523809524e-06	9.995833333333337e-06	9.997380952380954e-06	9.996666666666669e-06	9.96601190476191e-06	8.605952380952383e-06	3.88875e-06	2.5071428571428566e-07	5.142857142857142e-08	3.3633333333333343e-06	8.195654761904765e-06	9.25434523809524e-06	9.232797619047622e-06	9.801964285714288e-06	9.933452380952383e-06	9.99369047619048e-06
5400	9.794404761904767e-06	9.789107142857145e-06	7.621607142857145e-06	7.369880952380954e-06	9.596369047619053e-06	9.903333333333336e-06	9.83107142857143e-06	9.837559523809525e-06	8.665714285714288e-06	4.115119047619048e-06	3.7488095238095237e-07	4.8214285714285705e-08	2.969107142857143e-06	7.77220238095238e-06	9.212500000000004e-06	9.273333333333333e-06	9.843154761904762e-06	9.917678571428573e-06	9.962857142857148e-06
5500	9.821428571428574e-06	9.849251152073734e-06	9.879377880184334e-06	9.825403225806453e-06	9.842511520737329e-06	9.808582949308762e-06	9.738364055299542e-06	9.820852534562212e-06	8.24815668202765e-06	3.548905529953917e-06	2.3387096774193546e-07	4.6658986175115204e-08	2.512615207373272e-06	7.343375576036867e-06	8.628974654377882e-06	8.54251152073733e-06	9.701670506912446e-06	9.896486175115211e-06	9.985771889400926e-06
5600	1.0000000000000003e-05	9.995000000000003e-06	9.824940476190479e-06	9.609345238095237e-06	9.741488095238098e-06	9.828035714285717e-06	9.749940476190482e-06	9.802976190476192e-06	8.83511904761905e-06	4.334642857142856e-06	4.1851190476190474e-07	1.9285714285714284e-08	3.278809523809525e-06	8.140476190476192e-06	9.56559523809524e-06	9.584464285714289e-06	9.84029761904762e-06	9.935773809523813e-06	9.995297619047622e-06
5700	1.0000000000000004e-05	9.983122119815675e-06	9.844182027649773e-06	9.741762672811063e-06	9.852764976958531e-06	9.836405529953922e-06	9.758064516129036e-06	9.815207373271892e-06	8.37188940092166e-06	3.778341013824885e-06	3.2793778801843316e-07	5.910138248847926e-08	2.981797235023042e-06	7.710829493087562e-06	8.651785714285718e-06	8.659216589861753e-06	9.735599078341014e-06	9.928917050691246e-06	9.988882488479265e-06
5800	9.984761904761908e-06	9.982976190476194e-06	9.742976190476196e-06	9.412380952380958e-06	9.48857142857143e-06	9.153035714285714e-06	9.178392857142861e-06	9.781904761904765e-06	8.049940476190476e-06	3.210059523809525e-06	8.678571428571426e-08	4.499999999999999e-08	3.137678571428572e-06	7.481488095238097e-06	6.903869047619048e-06	6.614404761904763e-06	9.05357142857143e-06	9.944940476190476e-06	9.987738095238096e-06
5900	1.0000000000000004e-05	9.996753246753251e-06	9.985768398268401e-06	9.988095238095244e-06	9.99908008658009e-06	9.996428571428578e-06	9.927110389610396e-06	9.90351731601732e-06	8.68165584415585e-06	4.209145021645022e-06	5.003246753246753e-07	5.551948051948051e-08	2.6739177489177495e-06	6.355194805194808e-06	4.704978354978355e-06	5.290313852813854e-06	9.261742424242426e-06	9.917153679653684e-06	9.977543290043293e-06
6000	1.0000000000000003e-05	9.980833333333336e-06	9.311845238095238e-06	8.485238095238096e-06	9.083333333333335e-06	9.656488095238096e-06	8.174940476190478e-06	8.348035714285718e-06	8.092797619047623e-06	3.5360714285714296e-06	3.4375000000000004e-07	2.2499999999999996e-08	2.130833333333333e-06	5.5695833333333325e-06	3.933809523809523e-06	4.816666666666667e-06	9.269226190476192e-06	9.891428571428574e-06	9.963333333333335e-06
6100	1.0000000000000003e-05	9.987142857142861e-06	9.374047619047623e-06	8.664345238095238e-06	9.206547619047618e-06	9.666607142857145e-06	8.35119047619048e-06	8.507857142857146e-06	8.581369047619051e-06	4.047380952380953e-06	3.6017857142857145e-07	2.2499999999999996e-08	2.901547619047619e-06	5.678452380952383e-06	3.4070238095238086e-06	4.569464285714286e-06	8.897559523809527e-06	9.893095238095239e-06	9.954404761904762e-06
6200	1.0000000000000003e-05	9.990332512315273e-06	9.174137931034486e-06	8.261822660098522e-06	9.00905172413793e-06	9.496613300492614e-06	7.717179802955666e-06	8.077955665024632e-06	8.833866995073894e-06	4.297413793103449e-06	3.899014778325124e-07	0.0	1.0492610837438423e-06	2.620689655172414e-06	2.9774630541871916e-06	6.014778325123154e-06	9.582512315270941e-06	9.95110837438424e-06	9.971182266009853e-06
6300	1.0000000000000004e-05	9.982430875576043e-06	9.394585253456228e-06	8.725576036866365e-06	9.220794930875579e-06	9.425403225806456e-06	8.331278801843322e-06	8.730414746543781e-06	8.226324884792631e-06	3.6103686635944703e-06	3.012096774193548e-07	5.910138248847926e-08	2.319527649769585e-06	6.3753456221198165e-06	4.9260944700460835e-06	5.1002304147465455e-06	9.213076036866361e-06	9.888076036866362e-06	9.961175115207376e-06
6400	1.0000000000000003e-05	9.98448275862069e-06	9.348583743842368e-06	8.627709359605912e-06	9.182697044334978e-06	9.568965517241383e-06	7.879679802955663e-06	8.06650246305419e-06	8.456896551724139e-06	4.035098522167488e-06	4.149014778325123e-07	3.3251231527093597e-08	2.6692733990147788e-06	6.852401477832513e-06	5.142179802955665e-06	4.995812807881775e-06	9.060960591133007e-06	9.99094827586207e-06	1.0000000000000003e-05
6500	1.0000000000000004e-05	9.979781105990786e-06	9.459504608294933e-06	8.869354838709679e-06	9.297695852534564e-06	9.637903225806454e-06	8.804665898617518e-06	9.002649769585259e-06	7.951900921658987e-06	3.2006336405529956e-06	1.765552995391705e-07	4.976958525345622e-08	2.206451612903226e-06	6.596140552995392e-06	5.176152073732721e-06	4.793951612903226e-06	9.043087557603688e-06	9.934504608294934e-06	9.859389400921662e-06
6600	1.0000000000000004e-05	9.984430803571434e-06	9.22795758928572e-06	8.225390625000001e-06	8.046037946428572e-06	4.796428571428572e-06	3.0111607142857145e-06	7.055189732142862e-06	8.389453125000004e-06	4.129185267857143e-06	5.16015625e-07	0.0	8.52232142857143e-07	4.842410714285715e-06	4.913504464285715e-06	5.055245535714287e-06	9.120591517857147e-06	9.93655133928572e-06	9.86975446428572e-06
6700	1.0000000000000004e-05	9.985937500000006e-06	9.172209821428576e-06	8.049944196428575e-06	7.93013392857143e-06	4.55161830357143e-06	5.342633928571427e-07	3.548604910714287e-06	6.217299107142859e-06	2.8545200892857147e-06	1.3671875000000001e-07	0.0	9.19419642857143e-07	4.453125e-06	3.7430803571428576e-06	2.4883928571428568e-06	7.23722098214286e-06	9.897544642857148e-06	9.836104910714285e-06
6800	9.99001116071429e-06	9.981417410714291e-06	9.432254464285718e-06	8.724888392857144e-06	8.34810267857143e-06	4.638950892857144e-06	6.064174107142856e-07	3.1170758928571435e-06	5.9801339285714296e-06	2.973549107142858e-06	7.059151785714286e-08	0.0	5.435825892857144e-07	4.224720982142858e-06	4.093917410714287e-06	3.107589285714287e-06	7.646930803571433e-06	9.89391741071429e-06	9.84972098214286e-06
6900	9.967559523809525e-06	9.920238095238099e-06	9.823571428571432e-06	9.768214285714287e-06	7.99125e-06	3.2208333333333336e-06	2.0297619047619047e-07	3.5703571428571418e-06	6.681785714285715e-06	3.4263095238095243e-06	2.179761904761905e-07	0.0	6.913095238095239e-07	3.906309523809524e-06	3.6553571428571422e-06	2.632440476190476e-06	7.146309523809525e-06	9.884523809523814e-06	9.805297619047617e-06
7000	9.984562211981573e-06	9.922638248847932e-06	9.767223502304151e-06	9.596658986175115e-06	7.490092165898617e-06	2.824769585253456e-06	1.245967741935484e-07	3.1392281105990794e-06	5.786463133640551e-06	2.7220622119815668e-06	4.6658986175115204e-08	3.4216589861751156e-08	8.227534562211984e-07	3.785368663594469e-06	3.6740207373271885e-06	3.4962557603686634e-06	7.777419354838712e-06	9.958352534562215e-06	1.0000000000000004e-05
7100	9.902797619047626e-06	9.905416666666668e-06	9.828095238095239e-06	9.771309523809522e-06	8.209464285714286e-06	3.5024404761904757e-06	2.351190476190476e-07	3.3995833333333346e-06	5.218571428571429e-06	1.8837500000000002e-06	0.0	6.547619047619048e-09	7.768452380952381e-07	4.249702380952381e-06	4.069821428571431e-06	3.0703571428571427e-06	7.460000000000001e-06	9.980059523809527e-06	1.0000000000000003e-05
7200	8.482440476190476e-06	9.617083333333335e-06	9.817619047619048e-06	9.770357142857144e-06	7.554940476190478e-06	2.7723214285714287e-06	1.418452380952381e-07	3.073928571428572e-06	4.6745833333333326e-06	1.6460714285714285e-06	0.0	0.0	6.427976190476192e-07	3.507619047619047e-06	3.1605357142857146e-06	2.7324999999999997e-06	7.416666666666669e-06	9.979880952380957e-06	1.0000000000000003e-05
7300	8.1612012987013e-06	9.513798701298706e-06	9.708495670995674e-06	9.447997835497841e-06	7.976948051948057e-06	3.4752164502164503e-06	2.2857142857142847e-07	3.4051948051948063e-06	5.246753246753246e-06	1.8948051948051949e-06	0.0	0.0	6.571428571428571e-07	4.255519480519481e-06	3.951948051948052e-06	2.9730519480519487e-06	7.554545454545457e-06	9.9310064935065e-06	9.987824675324681e-06
7400	5.457949308755759e-06	8.67304147465438e-06	8.588824884792628e-06	5.715956221198155e-06	5.742338709677419e-06	3.7811059907834106e-06	1.5253456221198154e-07	3.712442396313364e-06	5.272350230414747e-06	1.6004608294930878e-06	0.0	0.0	6.832949308755762e-07	4.017223502304148e-06	3.5392857142857146e-06	6.091589861751152e-07	4.716129032258067e-06	9.310599078341016e-06	9.995391705069129e-06
7500	4.74660138248848e-06	8.266417050691248e-06	9.035599078341016e-06	7.461866359447006e-06	6.5290898617511525e-06	3.308352534562212e-06	1.4619815668202763e-07	1.8682603686635942e-06	2.4391705069124423e-06	5.83352534562212e-07	0.0	0.0	6.349078341013825e-07	3.6621543778801844e-06	3.4005760368663593e-06	1.1569700460829492e-06	5.164170506912444e-06	9.318778801843324e-06	9.814400921658991e-06
7600	8.739006696428575e-06	9.625111607142861e-06	9.467522321428575e-06	8.73677455357143e-06	6.004854910714288e-06	2.1416852678571433e-06	7.11160714285714e-07	2.6638392857142867e-06	3.18515625e-06	8.889508928571429e-07	0.0	1.2053571428571428e-08	2.0806361607142867e-06	4.828683035714287e-06	2.9193638392857145e-06	1.3135044642857143e-06	5.762165178571433e-06	9.542020089285718e-06	9.819698660714288e-06
7700	1.0000000000000003e-05	1.0000000000000003e-05	1.0000000000000003e-05	9.905357142857144e-06	6.873333333333335e-06	2.1158333333333344e-06	3.6964285714285714e-07	2.748214285714286e-06	3.5903571428571424e-06	1.0639285714285714e-06	0.0	5.142857142857142e-08	2.6683333333333338e-06	5.1954761904761925e-06	2.5850000000000007e-06	7.269047619047618e-07	5.159464285714286e-06	9.369047619047622e-06	9.808035714285717e-06
7800	9.996071428571432e-06	9.993333333333336e-06	9.997261904761909e-06	9.884404761904765e-06	6.873333333333335e-06	2.316785714285714e-06	7.296428571428572e-07	2.4942857142857144e-06	3.0503571428571425e-06	9.578571428571429e-07	0.0	3.535714285714286e-08	2.0066666666666672e-06	4.307976190476191e-06	2.336666666666666e-06	1.682142857142857e-07	3.8375e-06	8.59154761904762e-06	9.800238095238098e-06
7900	9.96299261083744e-06	9.990701970443352e-06	1.0000000000000003e-05	9.878263546798032e-06	6.327586206896553e-06	2.0478448275862067e-06	1.316748768472906e-06	3.321798029556651e-06	3.710837438423646e-06	1.1072660098522166e-06	0.0	1.9950738916256156e-08	1.818349753694581e-06	3.5352216748768486e-06	1.736822660098522e-06	3.386699507389164e-08	3.3580049261083746e-06	8.256465517241383e-06	9.812253694581287e-06
8000	9.959043778801848e-06	9.990725806451617e-06	1.0000000000000004e-05	9.90051843317973e-06	6.635483870967745e-06	2.151785714285714e-06	8.86520737327189e-07	3.132373271889402e-06	3.816705069124425e-06	1.154032258064516e-06	0.0	6.532258064516129e-08	2.371947004608295e-06	4.4799539170506914e-06	2.176440092165899e-06	9.395161290322582e-08	3.6573732718894003e-06	8.233870967741938e-06	8.757200460829494e-06
8100	9.857467532467535e-06	9.89967532467533e-06	9.918777056277062e-06	9.887445887445893e-06	8.384794372294372e-06	3.5640692640692646e-06	1.4025974025974024e-07	1.7899350649350648e-06	2.2856060606060603e-06	5.161255411255412e-07	0.0	0.0	6.127164502164501e-07	2.2969696969696973e-06	1.6842532467532466e-06	1.7424242424242428e-07	3.9000541125541126e-06	5.778463203463201e-06	2.490963203463203e-06
8200	2.528940886699507e-06	7.3125000000000016e-06	9.895812807881774e-06	9.880049261083746e-06	8.31958128078818e-06	3.485283251231528e-06	9.975369458128078e-08	2.1560960591133006e-06	2.9965517241379313e-06	8.404556650246306e-07	0.0	0.0	5.20935960591133e-07	2.4242610837438425e-06	1.9066502463054187e-06	1.0726600985221674e-07	3.7939039408867e-06	5.7348522167487714e-06	2.3774014778325123e-06
8300	2.420183982683983e-06	7.077759740259744e-06	9.896049783549788e-06	9.890963203463205e-06	8.18896103896104e-06	3.3699134199134206e-06	1.2564935064935064e-07	1.8885822510822508e-06	2.642424242424243e-06	7.538419913419914e-07	0.0	0.0	5.32900432900433e-07	2.618614718614719e-06	2.0974025974025973e-06	6.179653679653679e-08	3.43430735930736e-06	5.601731601731598e-06	2.363636363636365e-06
8400	4.04765625e-06	7.916964285714288e-06	9.894140625000004e-06	9.800781250000005e-06	6.664453125000001e-06	1.8114955357142855e-06	1.5066964285714285e-08	1.6727678571428573e-06	2.1880580357142857e-06	5.303571428571428e-07	0.0	0.0	6.70033482142857e-07	2.365625e-06	1.6955915178571427e-06	1.2187500000000002e-07	3.676562499999999e-06	5.685267857142858e-06	2.4319196428571426e-06
8500	1.6160119047619047e-06	6.354047619047622e-06	9.646130952380957e-06	9.715476190476193e-06	6.314523809523812e-06	1.507142857142857e-06	0.0	1.3942261904761908e-06	1.993333333333333e-06	5.991071428571428e-07	0.0	0.0	5.906547619047617e-07	2.5833333333333325e-06	2.1593452380952372e-06	4.141666666666668e-07	3.624285714285715e-06	5.896666666666666e-06	3.0079761904761893e-06
8600	1.8595982142857146e-06	6.690792410714288e-06	9.719754464285718e-06	9.673828125000005e-06	6.233147321428575e-06	1.4478794642857144e-06	0.0	1.290066964285714e-06	1.875e-06	5.849330357142857e-07	0.0	0.0	6.894531250000001e-07	2.8813616071428566e-06	2.194921875e-06	3.984375e-08	3.4528459821428584e-06	5.463169642857143e-06	2.047154017857143e-06
8700	1.942633928571429e-06	6.68839285714286e-06	9.646372767857145e-06	9.67940848214286e-06	6.245368303571431e-06	1.4665736607142858e-06	6.026785714285714e-09	2.419029017857142e-06	3.2127232142857143e-06	7.997209821428571e-07	0.0	0.0	6.25892857142857e-07	2.7062499999999997e-06	2.0803571428571433e-06	6.662946428571428e-08	3.5504464285714285e-06	5.048995535714286e-06	1.5651785714285715e-06
8800	9.99976958525346e-06	9.95374423963134e-06	9.901152073732722e-06	9.806797235023044e-06	6.811981566820277e-06	1.9523617511520737e-06	0.0	3.5149769585253447e-07	5.225806451612903e-07	1.7108294930875576e-07	0.0	0.0	6.84331797235023e-07	2.612903225806451e-06	1.9285714285714285e-06	9.72926267281106e-08	3.6019585253456214e-06	5.351094470046084e-06	1.8464285714285711e-06
8900	9.393939393939396e-06	9.540692640692645e-06	9.774891774891779e-06	9.742748917748923e-06	6.25844155844156e-06	1.4468614718614716e-06	0.0	2.2207792207792207e-07	3.2727272727272723e-07	1.0519480519480518e-07	0.0	0.0	5.708333333333333e-07	2.13030303030303e-06	1.5594696969696965e-06	6.845238095238096e-08	3.2731060606060627e-06	5.213365800865803e-06	2.0087121212121214e-06
9000	1.0000000000000004e-05	9.97379032258065e-06	9.89735023041475e-06	9.672983870967744e-06	5.722004608294932e-06	9.725806451612903e-07	0.0	3.452764976958524e-07	5.225806451612903e-07	1.773041474654378e-07	0.0	0.0	3.4527649769585247e-07	1.5677419354838701e-06	1.222465437788018e-06	1.0720046082949307e-07	3.2551267281106e-06	5.154089861751153e-06	2.0061635944700463e-06
9100	9.999888392857145e-06	9.963337053571433e-06	9.896484375000002e-06	9.02276785714286e-06	4.4130022321428584e-06	3.232700892857143e-07	0.0	6.569196428571428e-07	1.0125e-06	3.555803571428571e-07	0.0	0.0	7.533482142857142e-07	2.6969866071428568e-06	1.9466517857142854e-06	1.6473214285714288e-07	3.6836495535714294e-06	5.1164062499999994e-06	1.5944754464285714e-06
9200	9.996255760368668e-06	9.958755760368667e-06	9.897523041474658e-06	9.000979262672815e-06	4.408928571428572e-06	3.45852534562212e-07	0.0	3.452764976958524e-07	5.225806451612903e-07	1.773041474654378e-07	0.0	0.0	7.032258064516129e-07	2.62258064516129e-06	1.9193548387096773e-06	1.3485023041474654e-07	3.580472350230414e-06	4.965149769585254e-06	1.5195276497695856e-06
9300	1.0000000000000004e-05	9.972177419354844e-06	9.900288018433183e-06	9.289976958525348e-06	4.922292626728113e-06	5.60426267281106e-07	0.0	0.0	0.0	0.0	0.0	0.0	5.289170506912442e-07	2.1e-06	1.5710829493087555e-06	4.435483870967743e-08	3.1674539170506926e-06	5.2233870967741945e-06	2.10028801843318e-06
9400	9.962561576354687e-06	9.930972906403945e-06	9.866748768472906e-06	8.94624384236453e-06	4.528448275862069e-06	5.020935960591131e-07	0.0	4.821428571428572e-07	7.448275862068966e-07	2.626847290640394e-07	0.0	0.0	2.294334975369458e-07	5.586206896551723e-07	3.2918719211822656e-07	1.6502463054187193e-07	3.629248768472907e-06	5.283251231527093e-06	1.819027093596059e-06
9500	9.996915584415588e-06	9.999621212121217e-06	9.973376623376631e-06	8.988419913419919e-06	4.275108225108226e-06	2.60064935064935e-07	0.0	5.522727272727272e-07	8.181818181818181e-07	2.659090909090909e-07	0.0	0.0	1.7240259740259739e-07	4.909090909090909e-07	3.185064935064935e-07	5.0108225108225105e-08	3.4501082251082274e-06	5.231709956709957e-06	1.8317099567099568e-06
9600	9.868415178571433e-06	9.951729910714288e-06	9.968080357142864e-06	9.16149553571429e-06	4.756529017857144e-06	5.635044642857141e-07	0.0	4.309151785714286e-07	6.749999999999999e-07	2.440848214285714e-07	0.0	0.0	1.1149553571428572e-07	3.3749999999999995e-07	2.2600446428571425e-07	8.549107142857143e-08	3.2904575892857143e-06	5.183258928571429e-06	1.9782924107142855e-06
9700	9.805714285714288e-06	9.803869047619052e-06	9.843928571428574e-06	8.867559523809526e-06	4.3636904761904765e-06	4.371428571428571e-07	0.0	2.3464285714285717e-07	3.5999999999999994e-07	1.2535714285714283e-07	0.0	0.0	0.0	0.0	0.0	2.1880952380952384e-07	2.4561904761904774e-06	2.341190476190477e-06	1.038095238095238e-07
9800	9.757629870129873e-06	9.642207792207798e-06	9.7318722943723e-06	8.931222943722944e-06	4.45633116883117e-06	4.616883116883116e-07	0.0	2.1915584415584416e-07	3.2727272727272723e-07	1.0811688311688311e-07	0.0	0.0	0.0	0.0	0.0	7.916666666666667e-08	2.1563311688311684e-06	2.3814393939393937e-06	3.0427489177489175e-07
9900	9.637121212121213e-06	9.237500000000006e-06	9.459361471861477e-06	9.13062770562771e-06	4.71417748917749e-06	5.318181818181818e-07	0.0	1.1396103896103897e-07	1.6363636363636361e-07	4.967532467532466e-08	0.0	0.0	0.0	0.0	0.0	7.943722943722944e-08	1.8378787878787882e-06	2.056926406926407e-06	2.9848484848484846e-07
10000	9.634101382488482e-06	9.207603686635947e-06	9.416244239631337e-06	8.945564516129036e-06	4.6727534562211985e-06	6.563364055299539e-07	0.0	1.1509216589861749e-07	1.7419354838709676e-07	5.910138248847926e-08	0.0	0.0	0.0	0.0	0.0	1.7010368663594469e-07	2.4291474654377884e-06	2.4718317972350235e-06	2.1278801843317972e-07
