	site
generation	50	100	150	200	250	300	350	400	450	500	550	600	650	700	750	800	850	900	950
0	1.0000000000000004e-05	1.0000000000000004e-05	1.0000000000000004e-05	1.0000000000000004e-05	1.0000000000000004e-05	1.0000000000000004e-05	1.0000000000000004e-05	1.0000000000000004e-05	1.0000000000000004e-05	1.0000000000000004e-05	1.0000000000000004e-05	1.0000000000000004e-05	1.0000000000000004e-05	1.0000000000000004e-05	1.0000000000000004e-05	1.0000000000000004e-05	1.0000000000000004e-05	1.0000000000000004e-05	1.0000000000000004e-05
100	1.0000000000000004e-05	1.0000000000000004e-05	9.999366359447008e-06	9.994758064516133e-06	9.994182027649773e-06	9.998790322580649e-06	1.0000000000000004e-05	1.0000000000000004e-05	1.0000000000000004e-05	1.0000000000000004e-05	1.0000000000000004e-05	9.999251152073736e-06	9.99464285714286e-06	9.994297235023046e-06	9.998905529953921e-06	1.0000000000000004e-05	1.0000000000000004e-05	1.0000000000000004e-05	1.0000000000000004e-05
200	1.0000000000000004e-05	1.0000000000000004e-05	1.0000000000000004e-05	1.0000000000000004e-05	1.0000000000000004e-05	9.965898617511523e-06	9.902246543778805e-06	9.934101382488483e-06	9.997753456221201e-06	1.0000000000000004e-05	1.0000000000000004e-05	1.0000000000000004e-05	9.960944700460833e-06	9.892511520737332e-06	9.91935483870968e-06	9.914228110599081e-06	9.888824884792629e-06	9.894066820276502e-06	9.882718894009219e-06
300	1.0000000000000004e-05	1.0000000000000004e-05	1.0000000000000004e-05	1.0000000000000004e-05	9.999675324675328e-06	9.950432900432906e-06	9.901515151515157e-06	9.949567099567104e-06	9.998809523809528e-06	1.0000000000000004e-05	1.0000000000000004e-05	1.0000000000000004e-05	9.95752164502165e-06	9.834307359307362e-06	9.845508658008662e-06	9.968722943722948e-06	1.0000000000000004e-05	1.0000000000000004e-05	1.0000000000000004e-05
400	1.0000000000000004e-05	1.0000000000000004e-05	1.0000000000000004e-05	9.994758064516133e-06	9.990034562211987e-06	9.946716589861755e-06	9.904377880184336e-06	9.952073732718897e-06	9.99821428571429e-06	9.974308755760374e-06	9.913767281105991e-06	9.86422811059908e-06	9.877880184331797e-06	9.82914746543779e-06	9.844758064516132e-06	9.96779953917051e-06	1.0000000000000004e-05	1.0000000000000004e-05	1.0000000000000004e-05
500	1.0000000000000004e-05	9.999888392857145e-06	9.995814732142865e-06	9.993861607142863e-06	9.997377232142861e-06	9.903125000000005e-06	9.80368303571429e-06	9.896875000000003e-06	9.94626116071429e-06	9.900000000000003e-06	9.920982142857148e-06	9.902232142857147e-06	9.87979910714286e-06	9.82483258928572e-06	9.849441964285717e-06	9.96077008928572e-06	9.984765625000005e-06	9.996540178571433e-06	1.0000000000000004e-05
600	1.0000000000000004e-05	1.0000000000000004e-05	9.995622119815671e-06	9.98433179723503e-06	9.987903225806454e-06	9.935368663594475e-06	9.878110599078345e-06	9.89648617511521e-06	9.912154377880189e-06	9.94510368663595e-06	9.974135944700465e-06	9.915668202764981e-06	9.873847926267284e-06	9.884389400921663e-06	9.894700460829497e-06	9.938652073732723e-06	9.983525345622123e-06	1.0000000000000004e-05	1.0000000000000004e-05
700	1.0000000000000004e-05	1.0000000000000004e-05	9.998329493087562e-06	9.993548387096779e-06	9.995046082949314e-06	9.948041474654381e-06	9.898963133640557e-06	9.893145161290325e-06	9.901209677419357e-06	9.958813364055302e-06	9.974596774193557e-06	9.904089861751157e-06	9.882258064516133e-06	9.820622119815669e-06	9.78001152073733e-06	9.888191244239633e-06	9.976036866359448e-06	1.0000000000000004e-05	1.0000000000000004e-05
800	1.0000000000000004e-05	9.998381696428577e-06	9.959486607142863e-06	9.899051339285716e-06	9.903962053571432e-06	9.494140625000005e-06	8.12243303571429e-06	8.536997767857147e-06	9.899386160714287e-06	9.924553571428575e-06	9.928906250000003e-06	9.847600446428576e-06	8.453683035714289e-06	6.925613839285715e-06	8.234765625000001e-06	9.845535714285718e-06	9.96925223214286e-06	1.0000000000000004e-05	1.0000000000000004e-05
900	9.886488095238097e-06	9.96386904761905e-06	1.0000000000000003e-05	1.0000000000000003e-05	1.0000000000000003e-05	9.9514880952381e-06	9.89875e-06	9.885476190476193e-06	9.901250000000003e-06	9.963035714285715e-06	9.97101190476191e-06	9.902678571428574e-06	9.647976190476194e-06	8.034285714285716e-06	8.141785714285715e-06	9.796369047619052e-06	9.972559523809526e-06	1.0000000000000003e-05	1.0000000000000003e-05
1000	1.0000000000000004e-05	1.0000000000000004e-05	1.0000000000000004e-05	1.0000000000000004e-05	9.992299107142861e-06	9.916406250000006e-06	9.844810267857146e-06	9.88376116071429e-06	9.962890625000003e-06	9.999832589285719e-06	1.0000000000000004e-05	1.0000000000000004e-05	1.0000000000000004e-05	9.98270089285715e-06	9.909542410714291e-06	9.91729910714286e-06	9.990457589285717e-06	1.0000000000000004e-05	1.0000000000000004e-05
1100	1.0000000000000004e-05	9.987442396313369e-06	9.919758064516134e-06	9.912442396313367e-06	9.969239631336408e-06	9.914228110599081e-06	9.843721198156683e-06	9.882776497695852e-06	9.964055299539172e-06	9.999884792626732e-06	9.993260368663598e-06	9.931278801843322e-06	9.90673963133641e-06	9.93657834101383e-06	9.903686635944703e-06	9.93214285714286e-06	9.995046082949312e-06	9.996774193548392e-06	9.99804147465438e-06
1200	1.0000000000000004e-05	1.0000000000000004e-05	1.0000000000000004e-05	1.0000000000000004e-05	9.991935483870975e-06	9.915898617511524e-06	9.83796082949309e-06	9.884216589861752e-06	9.968836405529956e-06	9.95247695852535e-06	9.889055299539175e-06	9.872465437788023e-06	9.905760368663597e-06	9.941647465437793e-06	9.905126728110601e-06	9.926843317972352e-06	9.994873271889405e-06	1.0000000000000004e-05	1.0000000000000004e-05
1300	9.881970046082952e-06	9.928398617511526e-06	9.988824884792631e-06	1.0000000000000004e-05	9.987442396313367e-06	9.909619815668208e-06	9.841244239631335e-06	9.890437788018433e-06	9.971313364055302e-06	9.950230414746547e-06	9.896658986175115e-06	9.88796082949309e-06	9.903341013824888e-06	9.923963133640556e-06	9.839055299539177e-06	9.837788018433183e-06	9.960944700460833e-06	9.993145161290327e-06	9.97010368663595e-06
1400	9.86266741071429e-06	9.93766741071429e-06	9.996875000000004e-06	1.0000000000000004e-05	9.993359375000005e-06	9.91858258928572e-06	9.845703125000004e-06	9.881529017857146e-06	9.960937500000002e-06	9.958593750000004e-06	9.892801339285719e-06	9.87243303571429e-06	9.897154017857148e-06	9.855468750000004e-06	9.740904017857146e-06	9.805803571428576e-06	9.959765625000006e-06	9.98911830357143e-06	9.963002232142862e-06
1500	9.91691176470589e-06	9.964023109243707e-06	9.999842436974799e-06	1.000000000000001e-05	9.995745798319337e-06	9.930724789915973e-06	9.852941176470592e-06	9.87226890756303e-06	9.954254201680682e-06	9.968697478991604e-06	9.895168067226896e-06	9.8514705882353e-06	9.894065126050429e-06	9.476418067226896e-06	9.125420168067231e-06	9.576890756302526e-06	9.958876050420178e-06	9.989548319327738e-06	9.955409663865553e-06
1600	9.776440092165904e-06	9.871428571428574e-06	9.879493087557604e-06	9.844988479262673e-06	9.907603686635947e-06	9.90858294930876e-06	9.858294930875577e-06	9.892626728110599e-06	9.96307603686636e-06	9.924251152073739e-06	9.823099078341022e-06	9.80927419354839e-06	9.723502304147466e-06	9.00172811059908e-06	9.074135944700465e-06	9.858064516129036e-06	9.972811059907837e-06	9.982891705069129e-06	9.94832949308756e-06
1700	1.0000000000000004e-05	1.0000000000000004e-05	1.0000000000000004e-05	1.0000000000000004e-05	1.0000000000000004e-05	1.0000000000000004e-05	9.996807359307363e-06	9.993939393939399e-06	9.997132034632039e-06	1.0000000000000004e-05	1.0000000000000004e-05	1.0000000000000004e-05	1.0000000000000004e-05	1.0000000000000004e-05	1.0000000000000004e-05	1.0000000000000004e-05	9.9978354978355e-06	9.993939393939399e-06	9.9961038961039e-06
1800	9.9631157635468e-06	9.901662561576356e-06	9.93146551724138e-06	9.989839901477835e-06	9.993103448275864e-06	9.996921182266015e-06	9.966009852216752e-06	9.862746305418722e-06	9.824261083743845e-06	9.92580049261084e-06	9.995381773399015e-06	9.96083743842365e-06	9.904679802955668e-06	9.942610837438425e-06	9.999322660098527e-06	1.0000000000000003e-05	9.996982758620694e-06	9.935591133004929e-06	9.855480295566505e-06
1900	9.97232142857144e-06	9.903991596638662e-06	9.925472689075638e-06	9.984558823529419e-06	9.9904411764706e-06	9.999684873949589e-06	9.970273109243704e-06	9.872478991596644e-06	9.794065126050423e-06	9.826313025210089e-06	9.924474789915976e-06	9.933718487394966e-06	9.897321428571432e-06	9.952783613445388e-06	9.999159663865556e-06	1.000000000000001e-05	1.000000000000001e-05	1.000000000000001e-05	1.000000000000001e-05
2000	9.967223502304153e-06	9.90276497695853e-06	9.932776497695855e-06	9.997235023041479e-06	1.0000000000000004e-05	1.0000000000000004e-05	9.97667050691245e-06	9.867223502304152e-06	9.780126728110601e-06	9.833467741935486e-06	9.941993087557604e-06	9.94498847926268e-06	9.891877880184334e-06	9.944642857142861e-06	9.998847926267286e-06	9.994700460829496e-06	9.994239631336409e-06	9.99308755760369e-06	9.98571428571429e-06
2100	9.967083333333337e-06	9.903750000000003e-06	9.932916666666668e-06	9.996250000000003e-06	1.0000000000000003e-05	1.0000000000000003e-05	9.972857142857144e-06	9.876904761904765e-06	9.788095238095239e-06	9.82386904761905e-06	9.937440476190478e-06	9.945178571428574e-06	9.897142857142862e-06	9.947380952380957e-06	9.997797619047622e-06	1.0000000000000003e-05	9.999940476190478e-06	9.99351190476191e-06	9.984642857142866e-06
2200	9.881336405529958e-06	9.914228110599081e-06	9.952131336405532e-06	9.71993087557604e-06	9.663709677419358e-06	9.855069124423965e-06	9.858640552995396e-06	9.852073732718896e-06	9.822235023041476e-06	9.836175115207376e-06	9.926094470046084e-06	8.784792626728115e-06	5.914804147465439e-06	6.988421658986176e-06	9.860253456221201e-06	9.986117511520741e-06	1.0000000000000004e-05	1.0000000000000004e-05	1.0000000000000004e-05
2300	9.859166666666669e-06	9.897559523809526e-06	9.948095238095239e-06	9.847619047619051e-06	9.810476190476195e-06	9.86678571428572e-06	9.844761904761903e-06	9.849940476190478e-06	9.821071428571431e-06	9.83309523809524e-06	9.930178571428572e-06	8.654345238095242e-06	5.841369047619047e-06	7.07357142857143e-06	9.897321428571432e-06	9.996845238095243e-06	9.965952380952386e-06	9.866011904761907e-06	9.756071428571434e-06
2400	9.850000000000004e-06	9.901244588744593e-06	9.96109307359308e-06	9.861255411255418e-06	9.768885281385285e-06	9.804924242424244e-06	9.837337662337665e-06	9.842424242424246e-06	9.823430735930738e-06	9.849567099567103e-06	9.772564935064941e-06	7.15459956709957e-06	3.495400432900433e-06	5.512500000000001e-06	9.325865800865805e-06	9.97830086580087e-06	9.935822510822515e-06	9.899458874458879e-06	9.958116883116887e-06
2500	1.0000000000000004e-05	1.0000000000000004e-05	1.0000000000000004e-05	1.0000000000000004e-05	1.0000000000000004e-05	1.0000000000000004e-05	1.0000000000000004e-05	9.968750000000005e-06	9.863895089285721e-06	9.833258928571432e-06	9.837890625000005e-06	6.9224330357142864e-06	2.7127232142857136e-06	4.814955357142858e-06	9.110491071428576e-06	9.985602678571433e-06	9.998214285714291e-06	9.996875000000006e-06	9.998660714285719e-06
2600	9.987321428571432e-06	9.991785714285719e-06	9.998511904761908e-06	1.0000000000000003e-05	1.0000000000000003e-05	1.0000000000000003e-05	1.0000000000000003e-05	9.953750000000006e-06	9.859761904761903e-06	9.84702380952381e-06	9.810952380952382e-06	6.949226190476192e-06	2.5297023809523812e-06	4.8110714285714284e-06	9.34625e-06	9.93827380952381e-06	9.902559523809527e-06	9.947321428571432e-06	9.997440476190479e-06
2700	9.926227678571434e-06	9.954743303571434e-06	9.884263392857147e-06	9.769587053571429e-06	9.753404017857147e-06	9.775948660714288e-06	9.862332589285717e-06	9.939676339285717e-06	9.852287946428576e-06	9.83125e-06	9.836272321428576e-06	7.248102678571431e-06	3.023772321428571e-06	4.991071428571429e-06	9.306417410714288e-06	9.949051339285719e-06	9.90401785714286e-06	9.938560267857145e-06	9.995982142857148e-06
2800	9.946037946428578e-06	9.960993303571432e-06	9.884654017857146e-06	9.762890625000005e-06	9.747042410714289e-06	9.779520089285717e-06	9.854185267857148e-06	9.932924107142861e-06	9.856975446428575e-06	9.82427455357143e-06	9.36685267857143e-06	5.696372767857143e-06	1.8982700892857145e-06	5.135267857142857e-06	9.485770089285717e-06	9.942020089285721e-06	9.902008928571433e-06	9.944587053571433e-06	9.997991071428576e-06
2900	9.989069264069273e-06	9.982034632034637e-06	9.990259740259744e-06	1.0000000000000004e-05	1.0000000000000004e-05	9.997943722943729e-06	9.942153679653686e-06	9.906547619047622e-06	9.915963203463208e-06	9.848051948051952e-06	7.570670995670995e-06	2.8807900432900436e-06	6.750541125541125e-07	4.263311688311688e-06	8.708549783549785e-06	9.790313852813858e-06	9.807846320346324e-06	9.931222943722947e-06	9.997943722943727e-06
3000	9.994124423963137e-06	9.983870967741943e-06	9.989746543778806e-06	1.0000000000000004e-05	1.0000000000000004e-05	9.997695852534567e-06	9.918087557603694e-06	9.865437788018437e-06	9.695737327188943e-06	9.645276497695857e-06	8.431566820276499e-06	4.01094470046083e-06	1.1242511520737328e-06	5.123214285714287e-06	9.459965437788022e-06	9.928686635944704e-06	9.922004608294934e-06	9.980357142857146e-06	1.0000000000000004e-05
3100	9.999020737327193e-06	9.996774193548392e-06	9.997753456221201e-06	1.0000000000000004e-05	1.0000000000000004e-05	9.997868663594475e-06	9.932891705069129e-06	9.872350230414751e-06	9.822523041474656e-06	9.806163594470048e-06	8.172811059907834e-06	3.317165898617512e-06	6.597926267281104e-07	4.943778801843319e-06	9.333179723502306e-06	9.914400921658992e-06	9.840264976958528e-06	9.883755760368668e-06	9.974020737327193e-06
3200	9.983410138248852e-06	9.949654377880192e-06	9.961751152073738e-06	9.975115207373276e-06	9.908755760368669e-06	9.911059907834106e-06	9.7793202764977e-06	9.016186635944707e-06	8.103398617511522e-06	8.65126728110599e-06	9.459619815668205e-06	6.222523041474657e-06	1.8656682027649773e-06	4.173790322580645e-06	8.825172811059912e-06	9.982027649769591e-06	9.929838709677424e-06	9.905472350230416e-06	9.970161290322582e-06
3300	9.974880952380956e-06	9.901428571428577e-06	9.925119047619048e-06	9.98261904761905e-06	9.836071428571435e-06	9.810357142857147e-06	9.836309523809529e-06	9.726130952380954e-06	9.540416666666671e-06	9.534583333333335e-06	9.296071428571432e-06	5.241547619047622e-06	1.0645238095238096e-06	4.690119047619048e-06	9.396607142857145e-06	9.980535714285718e-06	9.94154761904762e-06	9.902678571428573e-06	9.958452380952382e-06
3400	1.0000000000000003e-05	1.0000000000000003e-05	9.999630541871925e-06	9.970012315270939e-06	9.84064039408867e-06	9.735960591133008e-06	9.722352216748773e-06	9.742672413793104e-06	8.957820197044338e-06	8.769581280788177e-06	9.389963054187197e-06	6.136945812807884e-06	2.0766625615763547e-06	4.759174876847291e-06	9.116379310344829e-06	9.989100985221676e-06	1.0000000000000003e-05	1.0000000000000003e-05	1.0000000000000003e-05
3500	1.0000000000000003e-05	1.0000000000000003e-05	9.998333333333336e-06	9.98119047619048e-06	9.83964285714286e-06	9.723809523809528e-06	9.712559523809525e-06	9.729761904761912e-06	8.703333333333337e-06	8.466547619047622e-06	8.857559523809524e-06	4.978690476190477e-06	1.459761904761905e-06	5.256488095238096e-06	9.555476190476193e-06	9.989642857142858e-06	9.98630952380953e-06	9.980535714285718e-06	9.993690476190478e-06
3600	9.974330357142863e-06	9.907031250000002e-06	9.928794642857149e-06	9.988337053571434e-06	9.91657366071429e-06	9.904631696428576e-06	9.980301339285718e-06	9.935435267857146e-06	9.374218750000006e-06	9.20295758928572e-06	8.903069196428573e-06	4.586607142857145e-06	8.789620535714286e-07	4.703404017857143e-06	9.251729910714291e-06	9.957254464285717e-06	9.911383928571432e-06	9.914341517857146e-06	9.980636160714289e-06
3700	9.865357142857146e-06	9.857857142857146e-06	9.922321428571428e-06	9.978035714285718e-06	9.909702380952385e-06	9.911904761904764e-06	9.984940476190477e-06	9.314166666666668e-06	5.6614880952380955e-06	5.155238095238096e-06	7.989404761904763e-06	5.050595238095238e-06	1.322440476190476e-06	4.407321428571429e-06	8.943333333333336e-06	9.976428571428575e-06	9.904583333333337e-06	9.808750000000002e-06	9.790059523809526e-06
3800	9.992559523809526e-06	9.998511904761908e-06	1.0000000000000003e-05	1.0000000000000003e-05	1.0000000000000003e-05	9.99333333333334e-06	9.990000000000003e-06	9.929404761904767e-06	9.479107142857146e-06	9.34309523809524e-06	9.08434523809524e-06	4.720833333333332e-06	7.616071428571429e-07	4.456130952380953e-06	9.108273809523811e-06	9.959702380952383e-06	9.897380952380954e-06	9.838333333333334e-06	9.878452380952386e-06
3900	9.930580357142861e-06	9.96194196428572e-06	9.985546875000005e-06	9.998828125000003e-06	1.0000000000000004e-05	1.0000000000000004e-05	1.0000000000000004e-05	9.946261160714292e-06	7.682031250000002e-06	6.487109375000001e-06	8.184877232142858e-06	5.426004464285715e-06	1.5411272321428566e-06	4.711941964285714e-06	9.15133928571429e-06	9.972712053571435e-06	9.90066964285715e-06	9.833035714285718e-06	9.861216517857148e-06
4000	9.730059523809528e-06	9.81886904761905e-06	9.934702380952384e-06	9.997678571428574e-06	1.0000000000000003e-05	1.0000000000000003e-05	1.0000000000000003e-05	9.948928571428576e-06	8.649940476190479e-06	8.266964285714288e-06	8.916904761904764e-06	5.2107738095238114e-06	1.5606547619047617e-06	5.024642857142859e-06	9.299821428571432e-06	9.888273809523812e-06	9.809404761904761e-06	9.816607142857146e-06	9.86291666666667e-06
4100	9.883869047619051e-06	9.894702380952384e-06	9.918154761904766e-06	9.961726190476196e-06	9.991904761904765e-06	1.0000000000000003e-05	1.0000000000000003e-05	9.942916666666673e-06	9.171607142857146e-06	8.665833333333334e-06	8.687380952380952e-06	4.984583333333334e-06	1.2263095238095235e-06	4.669940476190477e-06	9.155119047619052e-06	9.238809523809527e-06	8.480357142857143e-06	9.133452380952382e-06	9.86119047619048e-06
4200	9.861607142857146e-06	9.920416666666667e-06	9.90244047619048e-06	9.930416666666667e-06	9.997500000000002e-06	1.0000000000000003e-05	1.0000000000000003e-05	9.940535714285722e-06	9.223750000000005e-06	8.998154761904764e-06	9.09404761904762e-06	6.204642857142858e-06	3.4324404761904764e-06	5.967440476190475e-06	9.345178571428573e-06	9.719523809523811e-06	9.421011904761907e-06	9.603154761904765e-06	9.85154761904762e-06
4300	9.998690476190478e-06	9.991130952380956e-06	9.984761904761907e-06	9.992202380952383e-06	9.999880952380957e-06	1.0000000000000003e-05	9.989404761904766e-06	9.495535714285718e-06	8.01904761904762e-06	7.461488095238097e-06	8.03136904761905e-06	4.9963095238095245e-06	1.6530952380952383e-06	5.093333333333334e-06	9.335416666666669e-06	9.342083333333337e-06	8.661964285714289e-06	9.222142857142862e-06	9.870000000000002e-06
4400	1.0000000000000004e-05	1.0000000000000004e-05	9.999944196428575e-06	9.99715401785715e-06	9.996930803571434e-06	9.99972098214286e-06	9.960156250000005e-06	9.885546875000005e-06	9.871372767857147e-06	9.893303571428576e-06	9.94659598214286e-06	9.999274553571432e-06	1.0000000000000004e-05	1.0000000000000004e-05	1.0000000000000004e-05	9.998046875000004e-06	9.995256696428577e-06	9.995703125000006e-06	9.998493303571433e-06
4500	9.994761904761908e-06	9.997738095238097e-06	1.0000000000000003e-05	1.0000000000000003e-05	1.0000000000000003e-05	1.0000000000000003e-05	9.969404761904766e-06	9.891488095238098e-06	8.71982142857143e-06	7.952023809523812e-06	9.144107142857147e-06	9.97166666666667e-06	9.91166666666667e-06	9.911488095238096e-06	9.981011904761905e-06	9.994285714285718e-06	9.993988095238098e-06	9.999047619047621e-06	1.0000000000000003e-05
4600	9.857976190476194e-06	9.881904761904764e-06	9.896666666666666e-06	9.961428571428573e-06	9.999404761904766e-06	1.0000000000000003e-05	9.966904761904766e-06	9.896904761904765e-06	8.251488095238095e-06	7.063809523809525e-06	8.731250000000002e-06	9.924880952380955e-06	9.815952380952385e-06	9.856607142857145e-06	9.974404761904764e-06	9.997797619047622e-06	9.993630952380955e-06	9.86589285714286e-06	9.708571428571434e-06
4700	9.991933497536952e-06	9.92832512315271e-06	9.895689655172416e-06	9.852401477832514e-06	9.81582512315271e-06	9.91927339901478e-06	9.967056650246309e-06	9.898275862068968e-06	8.005049261083745e-06	6.598337438423647e-06	8.516995073891627e-06	9.934298029556656e-06	9.797352216748773e-06	9.774692118226605e-06	9.90320197044335e-06	9.987500000000002e-06	1.0000000000000003e-05	1.0000000000000003e-05	1.0000000000000003e-05
4800	9.990290178571436e-06	9.932868303571431e-06	9.908761160714286e-06	9.85993303571429e-06	9.817522321428577e-06	9.919698660714288e-06	9.948270089285721e-06	9.880859375000005e-06	9.85837053571429e-06	9.848437500000003e-06	9.873660714285717e-06	9.955078125000003e-06	1.0000000000000004e-05	1.0000000000000004e-05	1.0000000000000004e-05	9.958816964285718e-06	9.841964285714291e-06	9.84118303571429e-06	9.958035714285718e-06
4900	9.903906250000006e-06	9.447209821428576e-06	9.331305803571433e-06	9.704241071428576e-06	9.846037946428575e-06	9.939285714285719e-06	9.962611607142863e-06	9.891796875000006e-06	9.854408482142858e-06	9.852901785714287e-06	9.881305803571433e-06	9.955301339285717e-06	1.0000000000000004e-05	1.0000000000000004e-05	9.988337053571436e-06	9.933203125000003e-06	9.827343750000005e-06	9.833761160714289e-06	9.940122767857149e-06
5000	9.991607142857148e-06	9.876130952380958e-06	9.800059523809524e-06	9.821904761904766e-06	9.82077380952381e-06	9.911428571428573e-06	9.953511904761907e-06	9.854523809523814e-06	9.170059523809523e-06	8.385416666666663e-06	9.020476190476192e-06	9.910059523809526e-06	1.0000000000000003e-05	1.0000000000000003e-05	1.0000000000000003e-05	9.988333333333337e-06	9.93827380952381e-06	9.901011904761908e-06	9.918333333333335e-06
5100	9.954377880184336e-06	9.634792626728115e-06	9.374942396313366e-06	9.433525345622121e-06	9.435426267281107e-06	9.693145161290325e-06	9.95120967741936e-06	9.833755760368667e-06	9.745967741935487e-06	9.79660138248848e-06	9.887327188940094e-06	9.96002304147466e-06	9.993894009216592e-06	9.999942396313369e-06	1.0000000000000004e-05	1.0000000000000004e-05	1.0000000000000004e-05	1.0000000000000004e-05	1.0000000000000004e-05
5200	9.964861751152079e-06	9.904781105990788e-06	9.92332949308756e-06	9.608582949308756e-06	9.462500000000003e-06	9.835023041474658e-06	9.955990783410143e-06	9.836002304147469e-06	9.717453917050696e-06	9.704781105990786e-06	9.827476958525348e-06	9.962442396313368e-06	1.0000000000000004e-05	1.0000000000000004e-05	1.0000000000000004e-05	1.0000000000000004e-05	9.992741935483879e-06	9.98058755760369e-06	9.979205069124426e-06
5300	9.964224137931037e-06	9.90086206896552e-06	9.924630541871923e-06	9.886022167487687e-06	9.821674876847294e-06	9.92001231527094e-06	9.956157635467983e-06	9.835160098522172e-06	9.713608374384238e-06	9.703940886699508e-06	9.826600985221678e-06	9.960899014778328e-06	1.0000000000000003e-05	1.0000000000000003e-05	1.0000000000000003e-05	1.0000000000000003e-05	9.99507389162562e-06	9.989655172413796e-06	9.994581280788182e-06
5400	9.962220982142863e-06	9.900781250000002e-06	9.926395089285716e-06	9.891964285714289e-06	9.816015625000002e-06	9.900334821428575e-06	9.941517857142861e-06	9.574944196428576e-06	8.88722098214286e-06	9.194475446428576e-06	9.929129464285717e-06	9.999107142857146e-06	9.959486607142863e-06	9.902120535714291e-06	9.940513392857147e-06	9.998772321428573e-06	1.0000000000000004e-05	1.0000000000000004e-05	1.0000000000000004e-05
5500	9.959902597402603e-06	9.870779220779224e-06	9.832359307359309e-06	9.818614718614724e-06	9.811309523809527e-06	9.910551948051952e-06	9.956601731601737e-06	9.48003246753247e-06	5.865530303030302e-06	4.732142857142859e-06	8.350270562770567e-06	9.901731601731606e-06	9.897402597402604e-06	9.899621212121216e-06	9.909848484848489e-06	9.90481601731602e-06	9.928896103896107e-06	9.993831168831173e-06	1.0000000000000004e-05
5600	1.0000000000000004e-05	1.0000000000000004e-05	9.971158008658014e-06	8.469967532467535e-06	7.964718614718618e-06	9.463365800865804e-06	9.115259740259743e-06	5.3374458874458875e-06	2.218181818181818e-06	4.704545454545455e-06	8.60611471861472e-06	9.812337662337668e-06	9.864826839826844e-06	9.898484848484853e-06	9.904166666666672e-06	9.895508658008662e-06	9.934361471861475e-06	9.997132034632039e-06	1.0000000000000004e-05
5700	1.0000000000000004e-05	1.0000000000000004e-05	9.587834821428574e-06	5.975781250000003e-06	5.747042410714287e-06	9.355468750000003e-06	9.069810267857149e-06	5.802901785714285e-06	2.9648995535714272e-06	4.7520647321428565e-06	8.412388392857149e-06	9.814787946428576e-06	9.864062500000003e-06	9.899609375000004e-06	9.916462053571432e-06	9.903850446428574e-06	9.937500000000004e-06	9.995535714285719e-06	1.0000000000000004e-05
5800	1.0000000000000004e-05	1.0000000000000004e-05	9.534598214285718e-06	7.177957589285718e-06	7.43683035714286e-06	9.743638392857145e-06	9.083426339285714e-06	6.160993303571429e-06	3.285212053571427e-06	4.502845982142858e-06	8.150055803571433e-06	9.816294642857146e-06	9.872042410714288e-06	9.900055803571431e-06	9.89983258928572e-06	9.900055803571437e-06	9.934877232142861e-06	9.995033482142862e-06	1.0000000000000004e-05
5900	1.0000000000000004e-05	1.0000000000000004e-05	9.336147186147192e-06	5.351298701298701e-06	5.630032467532468e-06	9.56396103896104e-06	8.9344696969697e-06	6.826569264069262e-06	4.708441558441557e-06	4.086363636363637e-06	7.101136363636364e-06	9.814015151515154e-06	9.850811688311691e-06	9.854816017316021e-06	9.892424242424244e-06	9.896753246753252e-06	9.900324675324681e-06	9.942748917748923e-06	9.980032467532475e-06
6000	1.0000000000000004e-05	1.0000000000000004e-05	9.167165898617516e-06	5.547407834101384e-06	5.836751152073732e-06	9.412557603686639e-06	9.056336405529956e-06	6.109677419354838e-06	3.794585253456222e-06	4.075691244239631e-06	7.18283410138249e-06	9.815552995391707e-06	9.839688940092165e-06	9.860253456221203e-06	9.904262672811066e-06	9.901094470046085e-06	9.937730414746547e-06	9.997119815668206e-06	1.0000000000000004e-05
6100	9.99619815668203e-06	9.990668202764981e-06	9.294239631336407e-06	5.3294930875576064e-06	5.3832949308755795e-06	9.327073732718897e-06	9.18260368663595e-06	7.191935483870968e-06	5.143663594470047e-06	4.062154377880184e-06	6.7899193548387105e-06	9.461175115207374e-06	9.396082949308757e-06	9.767857142857146e-06	9.90587557603687e-06	9.902592165898622e-06	9.937154377880188e-06	9.992396313364059e-06	9.990552995391707e-06
6200	1.0000000000000004e-05	1.0000000000000004e-05	9.562053571428578e-06	5.566350446428573e-06	5.292075892857145e-06	9.239341517857145e-06	8.58560267857143e-06	6.298325892857142e-06	5.2071428571428585e-06	3.6781808035714293e-06	4.941294642857144e-06	8.67600446428572e-06	9.417131696428575e-06	9.47706473214286e-06	9.927287946428576e-06	9.995982142857148e-06	9.980803571428578e-06	9.924944196428576e-06	9.903738839285717e-06
6300	1.0000000000000003e-05	1.0000000000000003e-05	9.24476190476191e-06	6.253452380952382e-06	6.666904761904764e-06	9.626250000000001e-06	9.254166666666667e-06	5.812202380952383e-06	2.6875e-06	3.4703571428571423e-06	6.3124999999999984e-06	8.492678571428573e-06	7.627738095238096e-06	7.989404761904762e-06	9.821607142857145e-06	9.901904761904766e-06	9.914285714285717e-06	9.931964285714288e-06	9.901130952380957e-06
6400	9.93885281385282e-06	9.980952380952387e-06	9.442532467532474e-06	5.363636363636367e-06	4.857467532467534e-06	8.9340367965368e-06	9.902867965367969e-06	9.317207792207798e-06	5.727435064935066e-06	3.2445346320346317e-06	6.824729437229439e-06	9.851515151515154e-06	9.8094696969697e-06	9.826623376623383e-06	9.971861471861476e-06	1.0000000000000004e-05	9.984090909090917e-06	9.919264069264074e-06	9.883766233766242e-06
6500	9.97234848484849e-06	9.976893939393945e-06	9.006980519480523e-06	4.745292207792209e-06	5.2225108225108244e-06	9.445400432900438e-06	8.272402597402598e-06	3.8991341991341985e-06	5.708333333333333e-07	1.1284632034632035e-06	4.259361471861471e-06	8.070887445887448e-06	9.880465367965372e-06	9.940043290043294e-06	9.999567099567103e-06	1.0000000000000004e-05	9.992370129870136e-06	9.94058441558442e-06	9.894101731601735e-06
6600	9.955849753694585e-06	9.968226600985224e-06	8.791440886699507e-06	4.9511699507389166e-06	5.816564039408869e-06	9.633990147783252e-06	7.80862068965517e-06	3.008743842364532e-06	1.5578817733990154e-07	1.7232142857142856e-06	4.579556650246306e-06	7.196674876847289e-06	9.27247536945813e-06	9.931834975369459e-06	9.998399014778329e-06	9.934236453201972e-06	9.892302955665025e-06	9.893288177339903e-06	9.865701970443354e-06
6700	9.935656682027653e-06	9.981739631336407e-06	9.355069124423966e-06	4.934792626728113e-06	3.144642857142857e-06	7.4480990783410165e-06	9.72263824884793e-06	8.977188940092171e-06	5.4389400921659e-06	3.431048387096774e-06	6.992569124423966e-06	9.752649769585258e-06	9.813882488479266e-06	9.912211981566822e-06	9.916993087557609e-06	9.90529953917051e-06	9.976555299539174e-06	1.0000000000000004e-05	1.0000000000000004e-05
6800	9.929821428571431e-06	9.980416666666669e-06	9.040238095238097e-06	4.386309523809525e-06	2.6619642857142855e-06	7.223452380952379e-06	9.778273809523811e-06	9.341845238095243e-06	5.892857142857144e-06	3.7589880952380947e-06	7.1863095238095255e-06	9.736726190476194e-06	9.81511904761905e-06	9.915000000000002e-06	9.903928571428574e-06	9.823928571428573e-06	9.891309523809524e-06	9.983750000000004e-06	1.0000000000000003e-05
6900	9.901060267857146e-06	9.95641741071429e-06	9.254464285714292e-06	4.750669642857145e-06	1.6669642857142858e-06	5.844921874999999e-06	8.588002232142859e-06	6.049051339285715e-06	2.8917968749999998e-06	2.8085379464285712e-06	5.985491071428574e-06	8.581752232142856e-06	9.573437500000001e-06	9.923995535714288e-06	9.814508928571433e-06	9.675390625000006e-06	9.842187500000005e-06	9.991350446428575e-06	1.0000000000000004e-05
7000	9.834821428571431e-06	9.887500000000005e-06	9.330412946428575e-06	5.205747767857143e-06	1.750558035714286e-06	5.409988839285715e-06	7.882087053571429e-06	3.811662946428572e-06	5.900111607142856e-07	2.2820870535714284e-06	6.757198660714285e-06	9.233314732142859e-06	9.485825892857143e-06	9.869029017857146e-06	9.909654017857149e-06	9.839955357142861e-06	9.901116071428575e-06	9.98610491071429e-06	1.0000000000000004e-05
7100	9.830603448275862e-06	9.89144088669951e-06	9.319827586206899e-06	5.220689655172415e-06	1.3597906403940889e-06	4.626477832512316e-06	8.985467980295565e-06	8.6067118226601e-06	4.688854679802956e-06	1.7533866995073894e-06	2.1475369458128076e-06	5.667179802955665e-06	9.28823891625616e-06	9.933928571428572e-06	9.985899014778329e-06	9.99162561576355e-06	9.999014778325126e-06	1.0000000000000003e-05	1.0000000000000003e-05
7200	9.98889508928572e-06	9.99235491071429e-06	9.189787946428576e-06	4.70083705357143e-06	8.588169642857144e-07	4.527734375000001e-06	9.044698660714286e-06	8.917801339285719e-06	5.111662946428571e-06	1.1752232142857143e-06	1.6205915178571427e-06	5.983537946428573e-06	9.34754464285715e-06	9.804408482142859e-06	9.794475446428575e-06	9.82014508928572e-06	9.94587053571429e-06	9.920926339285718e-06	9.876450892857146e-06
7300	1.0000000000000004e-05	1.0000000000000004e-05	9.546875000000003e-06	5.184375000000002e-06	9.505580357142858e-07	4.386551339285715e-06	8.833482142857145e-06	8.189787946428572e-06	4.506584821428573e-06	1.0767857142857142e-06	9.08091517857143e-07	5.432366071428572e-06	9.413448660714288e-06	9.841796875000005e-06	9.814899553571429e-06	9.807087053571435e-06	9.925725446428577e-06	9.914843750000002e-06	9.875334821428574e-06
7400	1.0000000000000004e-05	1.0000000000000004e-05	8.964631336405534e-06	4.825806451612905e-06	1.6337557603686634e-06	5.447580645161293e-06	9.480817972350232e-06	8.295967741935484e-06	4.4046658986175125e-06	9.14516129032258e-07	1.4713133640552992e-06	5.7633640552995425e-06	9.237557603686641e-06	9.905817972350234e-06	9.871716589861752e-06	9.886635944700464e-06	9.94850230414747e-06	9.969988479262676e-06	9.996716589861755e-06
7500	9.99235491071429e-06	9.997935267857146e-06	9.475558035714288e-06	5.231250000000002e-06	1.1209263392857142e-06	4.344308035714287e-06	8.829966517857147e-06	8.513727678571433e-06	4.639174107142857e-06	9.763392857142857e-07	9.276785714285712e-07	5.383705357142859e-06	9.397823660714284e-06	9.832310267857147e-06	9.808705357142859e-06	9.915234375000003e-06	9.99704241071429e-06	1.0000000000000004e-05	1.0000000000000004e-05
7600	9.825000000000003e-06	9.709677419354841e-06	8.546716589861753e-06	4.075057603686636e-06	7.63536866359447e-07	4.48041474654378e-06	8.889458525345625e-06	8.474423963133645e-06	4.444239631336407e-06	1.4630184331797229e-06	1.8813364055299535e-06	5.6957373271889425e-06	9.411405529953922e-06	9.84366359447005e-06	9.809389400921664e-06	9.905414746543782e-06	9.987039170506917e-06	9.992165898617518e-06	9.99792626728111e-06
7700	9.990086206896555e-06	9.978017241379313e-06	9.10024630541872e-06	4.751169950738915e-06	1.2474137931034486e-06	4.630788177339904e-06	8.864224137931036e-06	6.809359605911331e-06	2.0210591133004924e-06	4.821428571428571e-07	1.5945197044334975e-06	5.734605911330051e-06	9.505295566502464e-06	9.871921182266008e-06	9.907081280788178e-06	9.978078817733991e-06	1.0000000000000003e-05	9.998706896551728e-06	9.995628078817737e-06
7800	1.0000000000000004e-05	9.980691964285719e-06	8.73677455357143e-06	3.888058035714286e-06	5.448102678571427e-07	4.707087053571432e-06	9.131808035714288e-06	7.280524553571429e-06	2.6991071428571427e-06	9.94419642857143e-07	2.193917410714286e-06	5.919363839285714e-06	9.395535714285716e-06	9.860156250000003e-06	9.900502232142859e-06	9.96657366071429e-06	9.994419642857147e-06	1.0000000000000004e-05	1.0000000000000004e-05
7900	1.0000000000000003e-05	9.98494047619048e-06	8.576011904761908e-06	3.7183928571428577e-06	5.066071428571428e-07	2.6732142857142852e-06	6.89107142857143e-06	6.290238095238096e-06	1.7863095238095237e-06	1.3017857142857142e-06	2.5610119047619046e-06	5.6142857142857155e-06	9.203035714285716e-06	9.875952380952386e-06	9.905952380952384e-06	9.97119047619048e-06	1.0000000000000003e-05	9.957202380952384e-06	9.885773809523812e-06
8000	1.0000000000000004e-05	9.981529017857149e-06	8.480747767857146e-06	3.6434709821428575e-06	5.239397321428572e-07	2.425669642857143e-06	6.631752232142856e-06	6.417745535714289e-06	1.9916852678571427e-06	1.2806919642857143e-06	2.153069196428572e-06	3.1794642857142844e-06	6.375167410714285e-06	9.15870535714286e-06	9.906138392857148e-06	9.975223214285717e-06	1.0000000000000004e-05	9.959319196428577e-06	9.892354910714293e-06
8100	9.984598214285721e-06	9.74386160714286e-06	8.391406250000003e-06	3.826450892857144e-06	4.0033482142857136e-07	2.2295758928571427e-06	6.619308035714286e-06	6.505245535714287e-06	2.0003348214285717e-06	7.012276785714285e-07	1.164341517857143e-06	2.3275669642857144e-06	5.431361607142856e-06	8.558593750000001e-06	9.861328125000003e-06	9.962165178571434e-06	9.996093750000002e-06	9.953459821428574e-06	9.878125e-06
8200	9.968019480519486e-06	9.01774891774892e-06	5.354004329004327e-06	1.5264069264069263e-06	6.85335497835498e-07	4.675595238095239e-06	9.00416666666667e-06	8.37094155844156e-06	4.598538961038961e-06	2.129707792207793e-06	2.333603896103896e-06	4.1263528138528155e-06	4.541233766233767e-06	6.255248917748919e-06	9.453733766233772e-06	9.81791125541126e-06	9.962337662337666e-06	9.997240259740264e-06	9.989123376623385e-06
8300	9.861250000000003e-06	8.82494047619048e-06	4.62934523809524e-06	8.660714285714285e-07	3.8166666666666674e-07	4.416785714285714e-06	9.015595238095239e-06	9.160833333333336e-06	5.619107142857145e-06	1.8340476190476195e-06	1.7759523809523815e-06	3.4816666666666666e-06	3.5133333333333337e-06	6.031130952380952e-06	9.592321428571431e-06	9.81886904761905e-06	9.964345238095243e-06	9.993333333333336e-06	9.997380952380956e-06
8400	9.762109375000004e-06	8.61729910714286e-06	4.431696428571432e-06	7.392299107142857e-07	4.004464285714286e-07	4.360825892857144e-06	8.879073660714288e-06	8.487109375000002e-06	4.63911830357143e-06	1.8103236607142852e-06	1.8102678571428572e-06	2.5761160714285713e-06	2.5873883928571434e-06	5.191462053571428e-06	6.877399553571428e-06	7.467912946428574e-06	9.787444196428574e-06	9.997600446428575e-06	9.989229910714289e-06
8500	9.666607142857144e-06	7.833928571428572e-06	3.738035714285714e-06	7.300000000000001e-07	6.575e-07	4.82357142857143e-06	9.033750000000001e-06	7.940119047619048e-06	3.922916666666667e-06	2.2329166666666665e-06	2.541309523809524e-06	2.1567261904761904e-06	2.1815476190476183e-06	5.075238095238097e-06	7.036369047619047e-06	7.888095238095238e-06	9.834107142857145e-06	9.988214285714291e-06	9.967380952380956e-06
8600	9.869758064516133e-06	8.656451612903229e-06	4.64078341013825e-06	1.253859447004608e-06	8.656682027649773e-07	4.72373271889401e-06	9.050000000000005e-06	8.905414746543784e-06	5.00241935483871e-06	1.899308755760369e-06	2.2491935483870965e-06	2.9005760368663586e-06	3.641417050691244e-06	7.000576036866361e-06	9.809965437788024e-06	9.834907834101387e-06	9.969009216589865e-06	9.939573732718897e-06	9.854896313364059e-06
8700	9.853110599078343e-06	8.86382488479263e-06	5.006336405529956e-06	1.3047811059907835e-06	4.9176267281106e-07	4.266532258064517e-06	8.860195852534567e-06	8.727937788018435e-06	4.793029953917052e-06	1.5207949308755764e-06	1.670622119815668e-06	2.54913594470046e-06	3.902419354838709e-06	7.3711981566820304e-06	9.803341013824888e-06	9.760887096774195e-06	9.87845622119816e-06	9.93467741935484e-06	9.873444700460831e-06
8800	9.553236607142861e-06	8.920312500000003e-06	8.110491071428574e-06	7.227566964285717e-06	7.110825892857143e-06	8.502008928571432e-06	9.769475446428576e-06	8.766685267857145e-06	4.840569196428572e-06	1.7263950892857144e-06	1.772321428571429e-06	2.482924107142856e-06	3.7597656250000005e-06	7.2367187500000035e-06	9.792522321428573e-06	9.77008928571429e-06	9.884765625000004e-06	9.944029017857148e-06	9.890680803571431e-06
8900	8.116774891774898e-06	5.693939393939394e-06	3.2633116883116867e-06	9.088744588744589e-07	6.832251082251084e-07	4.9341991341991355e-06	9.142803030303032e-06	8.343398268398271e-06	4.7039502164502175e-06	2.4808982683982693e-06	1.8212121212121215e-06	4.838203463203464e-07	1.819642857142857e-06	6.747564935064938e-06	9.788095238095244e-06	9.743722943722949e-06	9.868019480519487e-06	9.940205627705631e-06	9.88831168831169e-06
9000	8.485253456221203e-06	6.461059907834103e-06	3.5523041474654397e-06	7.807603686635941e-07	4.801843317972352e-07	4.543836405529956e-06	8.700345622119818e-06	8.133467741935483e-06	4.8167050691244245e-06	2.2518433179723503e-06	1.6897465437788017e-06	1.4546082949308757e-06	2.6377880184331793e-06	6.775057603686637e-06	9.773559907834102e-06	9.758582949308758e-06	9.873099078341018e-06	9.936751152073736e-06	9.879608294930882e-06
9100	8.363452380952381e-06	4.642142857142859e-06	1.5557142857142858e-06	4.982142857142857e-07	4.4023809523809525e-07	4.275416666666667e-06	7.532857142857145e-06	6.079464285714284e-06	3.2367857142857132e-06	1.39047619047619e-06	9.066666666666665e-07	2.811904761904762e-07	2.524345238095239e-06	7.462500000000003e-06	9.802559523809528e-06	9.76619047619048e-06	9.89309523809524e-06	9.93928571428572e-06	9.850000000000002e-06
9200	4.226497695852534e-06	2.331912442396313e-06	9.625576036866358e-07	0.0	4.3087557603686647e-07	4.489112903225807e-06	7.11958525345622e-06	5.698214285714287e-06	3.5430875576036872e-06	2.007891705069125e-06	1.7268433179723505e-06	1.1757488479262672e-06	2.7298963133640547e-06	7.097811059907838e-06	9.786117511520743e-06	9.765783410138251e-06	9.879723502304152e-06	9.937154377880188e-06	9.874942396313364e-06
9300	3.291589861751153e-06	3.342453917050691e-06	2.1506336405529955e-06	4.043778801843318e-08	3.2240783410138256e-07	4.253513824884793e-06	8.773271889400924e-06	8.600000000000004e-06	4.823675115207374e-06	1.804320276497696e-06	1.3596774193548382e-06	1.3677419354838708e-06	3.195276497695852e-06	7.315898617511522e-06	9.839112903225809e-06	9.904262672811062e-06	9.909158986175119e-06	9.936981566820279e-06	9.879493087557604e-06
9400	9.834174876847291e-06	7.610160098522168e-06	2.7205665024630544e-06	0.0	7.083743842364533e-07	5.25899014778325e-06	9.358990147783252e-06	8.355541871921188e-06	4.401600985221676e-06	2.088054187192117e-06	2.0349753694581274e-06	1.5628078817733989e-06	2.8772783251231514e-06	7.0324507389162565e-06	9.903325123152711e-06	9.908743842364535e-06	9.908559113300496e-06	9.931219211822661e-06	9.86773399014778e-06
9500	9.698732718894011e-06	8.078686635944703e-06	3.3395161290322587e-06	3.7327188940092163e-08	2.2114055299539167e-07	4.4638248847926284e-06	9.076555299539172e-06	8.73254608294931e-06	5.128110599078342e-06	1.6213709677419355e-06	1.5391705069124419e-06	4.127419354838711e-06	6.099193548387097e-06	8.059043778801844e-06	9.92759216589862e-06	9.941820276497698e-06	9.940495391705071e-06	9.923099078341017e-06	9.71509216589862e-06
9600	8.929089861751157e-06	6.807373271889402e-06	2.829896313364056e-06	4.6658986175115204e-08	4.012672811059908e-07	4.40639400921659e-06	8.843605990783412e-06	8.65639400921659e-06	4.816417050691245e-06	1.645506912442396e-06	1.4754032258064514e-06	4.338306451612903e-06	7.560829493087557e-06	8.900748847926266e-06	9.699423963133641e-06	9.748502304147468e-06	9.886923963133642e-06	9.985368663594474e-06	9.994470046082951e-06
9700	8.893303571428575e-06	6.7627790178571434e-06	2.8449218750000003e-06	4.5200892857142855e-08	1.325892857142857e-07	3.014285714285714e-06	7.694587053571429e-06	8.397265625000002e-06	4.429073660714287e-06	1.582979910714285e-06	1.5187500000000003e-06	1.7929687499999995e-06	3.3356584821428572e-06	7.166629464285716e-06	9.690736607142863e-06	9.745814732142861e-06	9.88610491071429e-06	9.987555803571432e-06	1.0000000000000004e-05
9800	9.114548319327733e-06	7.2974264705882384e-06	3.1819852941176474e-06	9.364495798319326e-08	0.0	2.0846638655462183e-06	6.897321428571431e-06	8.411554621848742e-06	4.29091386554622e-06	8.196428571428569e-07	4.3109243697478974e-07	6.693277310924368e-07	3.162289915966386e-06	7.556092436974791e-06	9.534978991596639e-06	9.674842436974793e-06	9.889285714285723e-06	9.987972689075638e-06	9.992962184873957e-06
9900	8.750921658986178e-06	6.429896313364057e-06	2.655990783410139e-06	7.78225806451613e-08	0.0	1.9297811059907834e-06	6.703744239631338e-06	8.052246543778804e-06	4.012384792626729e-06	1.147811059907834e-06	5.972350230414746e-07	2.830645161290323e-07	2.324942396313364e-06	7.101900921658989e-06	9.730875576036872e-06	9.773847926267287e-06	9.91468894009217e-06	9.99521889400922e-06	1.0000000000000004e-05
10000	9.864107142857147e-06	9.876428571428573e-06	9.502440476190478e-06	9.02047619047619e-06	9.112559523809526e-06	8.347321428571429e-06	8.48166666666667e-06	7.728214285714288e-06	3.4572619047619047e-06	5.110714285714285e-07	2.153571428571428e-07	5.432142857142857e-07	2.8445833333333327e-06	7.374404761904764e-06	9.578273809523812e-06	9.555714285714287e-06	9.821785714285717e-06	9.947083333333338e-06	9.877083333333336e-06
