	site
generation	50	100	150	200	250	300	350	400	450	500	550	600	650	700	750	800	850	900	950
0	1.0000000000000004e-05	1.0000000000000004e-05	1.0000000000000004e-05	1.0000000000000004e-05	1.0000000000000004e-05	1.0000000000000004e-05	1.0000000000000004e-05	1.0000000000000004e-05	1.0000000000000004e-05	1.0000000000000004e-05	1.0000000000000004e-05	1.0000000000000004e-05	1.0000000000000004e-05	1.0000000000000004e-05	1.0000000000000004e-05	1.0000000000000004e-05	1.0000000000000004e-05	1.0000000000000004e-05	1.0000000000000004e-05
100	1.0000000000000004e-05	1.0000000000000004e-05	1.0000000000000004e-05	1.0000000000000004e-05	1.0000000000000004e-05	1.0000000000000004e-05	1.0000000000000004e-05	1.0000000000000004e-05	1.0000000000000004e-05	1.0000000000000004e-05	1.0000000000000004e-05	1.0000000000000004e-05	1.0000000000000004e-05	1.0000000000000004e-05	1.0000000000000004e-05	9.999945887445892e-06	9.995021645021646e-06	9.99399350649351e-06	9.998917748917753e-06
200	9.997142857142861e-06	9.993333333333336e-06	9.996190476190478e-06	1.0000000000000003e-05	1.0000000000000003e-05	1.0000000000000003e-05	1.0000000000000003e-05	1.0000000000000003e-05	1.0000000000000003e-05	1.0000000000000003e-05	1.0000000000000003e-05	1.0000000000000003e-05	1.0000000000000003e-05	9.997202380952382e-06	9.99625e-06	9.99404761904762e-06	9.99202380952381e-06	9.995416666666671e-06	9.99839285714286e-06
300	1.0000000000000003e-05	1.0000000000000003e-05	1.0000000000000003e-05	1.0000000000000003e-05	1.0000000000000003e-05	1.0000000000000003e-05	1.0000000000000003e-05	1.0000000000000003e-05	1.0000000000000003e-05	1.0000000000000003e-05	1.0000000000000003e-05	1.0000000000000003e-05	1.0000000000000003e-05	1.0000000000000003e-05	1.0000000000000003e-05	1.0000000000000003e-05	1.0000000000000003e-05	1.0000000000000003e-05	1.0000000000000003e-05
400	1.0000000000000004e-05	1.0000000000000004e-05	9.997177419354842e-06	9.946198156682033e-06	9.88611751152074e-06	9.931221198156687e-06	9.994124423963137e-06	1.0000000000000004e-05	1.0000000000000004e-05	1.0000000000000004e-05	1.0000000000000004e-05	9.998099078341019e-06	9.952131336405537e-06	9.8793202764977e-06	9.88456221198157e-06	9.958064516129037e-06	9.998790322580649e-06	1.0000000000000004e-05	1.0000000000000004e-05
500	9.98889508928572e-06	9.984765625000007e-06	9.963616071428573e-06	9.975000000000004e-06	9.998883928571432e-06	1.0000000000000004e-05	1.0000000000000004e-05	1.0000000000000004e-05	1.0000000000000004e-05	1.0000000000000004e-05	1.0000000000000004e-05	9.999553571428575e-06	9.995870535714292e-06	9.989453125000004e-06	9.985770089285717e-06	9.992243303571433e-06	9.999609375000001e-06	1.0000000000000004e-05	1.0000000000000004e-05
600	9.994977678571437e-06	9.978292410714291e-06	9.904129464285718e-06	9.84771205357143e-06	9.89587053571429e-06	9.971763392857146e-06	1.0000000000000004e-05	1.0000000000000004e-05	1.0000000000000004e-05	1.0000000000000004e-05	9.999386160714288e-06	9.994308035714289e-06	9.994363839285719e-06	9.992912946428574e-06	9.990625000000004e-06	9.997154017857148e-06	1.0000000000000004e-05	1.0000000000000004e-05	1.0000000000000004e-05
700	9.972976190476194e-06	9.94386904761905e-06	9.882202380952384e-06	9.856964285714288e-06	9.871726190476194e-06	9.920238095238097e-06	9.925595238095242e-06	9.859702380952386e-06	9.878750000000003e-06	9.965357142857145e-06	1.0000000000000003e-05	1.0000000000000003e-05	1.0000000000000003e-05	9.953095238095242e-06	9.851488095238099e-06	9.866130952380955e-06	9.965178571428574e-06	9.997440476190479e-06	1.0000000000000003e-05
800	9.851900921658989e-06	9.852649769585256e-06	9.909216589861754e-06	9.87632488479263e-06	9.756624423963138e-06	9.773790322580647e-06	9.81549539170507e-06	9.86526497695853e-06	9.962788018433183e-06	1.0000000000000004e-05	1.0000000000000004e-05	9.984504608294936e-06	9.89792626728111e-06	9.882373271889404e-06	9.891474654377882e-06	9.825115207373276e-06	9.86324884792627e-06	9.953168202764982e-06	9.99251152073733e-06
900	9.873493303571432e-06	9.853236607142858e-06	9.888225446428576e-06	9.835100446428573e-06	9.584988839285719e-06	9.624776785714288e-06	9.78147321428572e-06	9.844029017857147e-06	9.973158482142861e-06	1.0000000000000004e-05	1.0000000000000004e-05	9.955133928571433e-06	9.839453125000002e-06	9.85334821428572e-06	9.905970982142862e-06	9.824497767857148e-06	9.801618303571435e-06	9.896093750000005e-06	9.979241071428579e-06
1000	9.864573732718898e-06	9.85028801843318e-06	9.890380184331801e-06	9.798214285714288e-06	9.405702764976963e-06	9.489170506912444e-06	9.773387096774197e-06	9.756509216589864e-06	9.876209677419358e-06	9.97943548387097e-06	1.0000000000000004e-05	9.939228110599084e-06	9.8219470046083e-06	9.856221198156685e-06	9.90023041474655e-06	9.806105990783415e-06	9.788133640552997e-06	9.89521889400922e-06	9.986463133640556e-06
1100	9.811904761904761e-06	9.794805194805198e-06	9.847510822510828e-06	9.34675324675325e-06	5.530194805194807e-06	4.837012987012986e-06	8.578300865800869e-06	9.836309523809529e-06	9.973917748917754e-06	1.0000000000000004e-05	1.0000000000000004e-05	9.950865800865809e-06	9.82115800865801e-06	9.838311688311694e-06	9.539664502164509e-06	8.275324675324679e-06	8.612878787878789e-06	9.890043290043293e-06	9.98084415584416e-06
1200	9.791013824884796e-06	9.808640552995394e-06	9.850691244239637e-06	9.825230414746548e-06	7.212269585253458e-06	6.188997695852536e-06	8.786751152073735e-06	9.887903225806458e-06	9.975000000000004e-06	1.0000000000000004e-05	1.0000000000000004e-05	9.969873271889406e-06	9.558640552995397e-06	9.45771889400922e-06	9.549308755760372e-06	8.923099078341017e-06	9.172062211981568e-06	9.910599078341019e-06	9.98127880184332e-06
1300	9.811607142857147e-06	9.797209821428576e-06	9.846484375000003e-06	9.93448660714286e-06	9.99827008928572e-06	1.0000000000000004e-05	1.0000000000000004e-05	9.993917410714291e-06	9.980803571428578e-06	9.98420758928572e-06	9.992968750000007e-06	9.98766741071429e-06	9.991852678571432e-06	9.998995535714288e-06	9.975223214285717e-06	9.928962053571433e-06	9.920758928571436e-06	9.959375000000007e-06	9.991517857142862e-06
1400	9.81619047619048e-06	9.791904761904763e-06	9.84089285714286e-06	9.935714285714288e-06	9.999107142857146e-06	1.0000000000000003e-05	1.0000000000000003e-05	1.0000000000000003e-05	1.0000000000000003e-05	1.0000000000000003e-05	1.0000000000000003e-05	1.0000000000000003e-05	9.999226190476192e-06	9.993273809523814e-06	9.988095238095242e-06	9.982380952380959e-06	9.934404761904766e-06	9.8989880952381e-06	9.938035714285715e-06
1500	9.991125541125547e-06	9.98923160173161e-06	9.995400432900437e-06	9.95454545454546e-06	9.672240259740268e-06	9.691883116883123e-06	9.965476190476198e-06	9.984469696969706e-06	9.931222943722948e-06	9.905465367965372e-06	9.967424242424248e-06	1.0000000000000004e-05	1.0000000000000004e-05	9.99967532467533e-06	9.993290043290049e-06	9.987716450216453e-06	9.984415584415591e-06	9.9698051948052e-06	9.933495670995676e-06
1600	1.0000000000000004e-05	1.0000000000000004e-05	1.0000000000000004e-05	1.0000000000000004e-05	1.0000000000000004e-05	1.0000000000000004e-05	1.0000000000000004e-05	1.0000000000000004e-05	1.0000000000000004e-05	1.0000000000000004e-05	1.0000000000000004e-05	1.0000000000000004e-05	1.0000000000000004e-05	1.0000000000000004e-05	1.0000000000000004e-05	1.0000000000000004e-05	1.0000000000000004e-05	1.0000000000000004e-05	1.0000000000000004e-05
1700	1.0000000000000004e-05	1.0000000000000004e-05	1.0000000000000004e-05	1.0000000000000004e-05	9.998755411255414e-06	9.991125541125548e-06	9.992153679653684e-06	9.999783549783554e-06	1.0000000000000004e-05	1.0000000000000004e-05	1.0000000000000004e-05	1.0000000000000004e-05	1.0000000000000004e-05	1.0000000000000004e-05	1.0000000000000004e-05	9.999729437229442e-06	9.99226190476191e-06	9.991179653679658e-06	9.99864718614719e-06
1800	9.951612903225812e-06	9.899251152073735e-06	9.934216589861753e-06	9.608525345622126e-06	5.568087557603689e-06	4.6470046082949304e-06	8.569182027649773e-06	9.726785714285715e-06	9.772407834101387e-06	9.925460829493091e-06	1.0000000000000004e-05	9.953225806451619e-06	9.81071428571429e-06	9.846774193548393e-06	9.989285714285718e-06	9.96837557603687e-06	9.902764976958529e-06	9.866359447004611e-06	9.857085253456225e-06
1900	9.82745535714286e-06	9.813113839285718e-06	9.857421875000006e-06	9.504520089285717e-06	5.646651785714287e-06	4.6509486607142865e-06	8.444754464285718e-06	9.718303571428573e-06	9.776339285714291e-06	9.932700892857146e-06	1.0000000000000004e-05	9.947544642857149e-06	9.809486607142864e-06	9.852455357142863e-06	9.990513392857146e-06	9.975000000000005e-06	9.915122767857147e-06	9.878292410714289e-06	9.865625000000003e-06
2000	9.819913419913419e-06	9.81266233766234e-06	9.851948051948057e-06	9.598051948051951e-06	5.934686147186151e-06	4.5562770562770565e-06	8.024783549783551e-06	9.69334415584416e-06	9.955952380952383e-06	1.0000000000000004e-05	9.97142857142858e-06	9.88089826839827e-06	9.803354978354983e-06	9.821482683982688e-06	9.86006493506494e-06	9.897077922077924e-06	9.914123376623381e-06	9.901298701298705e-06	9.940963203463207e-06
2100	1.0000000000000004e-05	1.0000000000000004e-05	1.0000000000000004e-05	1.0000000000000004e-05	1.0000000000000004e-05	1.0000000000000004e-05	1.0000000000000004e-05	1.0000000000000004e-05	1.0000000000000004e-05	1.0000000000000004e-05	1.0000000000000004e-05	1.0000000000000004e-05	1.0000000000000004e-05	1.0000000000000004e-05	1.0000000000000004e-05	1.0000000000000004e-05	1.0000000000000004e-05	1.0000000000000004e-05	1.0000000000000004e-05
2200	9.92522321428572e-06	9.894252232142862e-06	9.885658482142862e-06	9.917243303571434e-06	9.97550223214286e-06	9.999274553571432e-06	9.992968750000007e-06	9.991350446428576e-06	9.997656250000005e-06	1.0000000000000004e-05	9.99815848214286e-06	9.958816964285718e-06	9.933147321428573e-06	9.927287946428574e-06	9.93610491071429e-06	9.968526785714291e-06	9.982589285714291e-06	9.995368303571431e-06	1.0000000000000004e-05
2300	9.95467980295567e-06	9.869950738916258e-06	9.797475369458128e-06	9.830603448275864e-06	9.934051724137934e-06	9.985652709359609e-06	9.99741379310345e-06	9.945504926108376e-06	9.930172413793105e-06	9.977709359605912e-06	9.992795566502466e-06	9.977709359605914e-06	9.962869458128084e-06	9.96059113300493e-06	9.968472906403944e-06	9.990209359605914e-06	1.0000000000000003e-05	9.994581280788183e-06	9.979187192118233e-06
2400	9.956904761904766e-06	9.864166666666671e-06	9.785e-06	9.828333333333336e-06	9.94809523809524e-06	9.997500000000002e-06	1.0000000000000003e-05	1.0000000000000003e-05	1.0000000000000003e-05	1.0000000000000003e-05	9.998273809523814e-06	9.946250000000003e-06	9.888214285714289e-06	9.876964285714286e-06	9.906845238095242e-06	9.97011904761905e-06	9.997380952380954e-06	9.996666666666669e-06	9.999285714285717e-06
2500	9.642972350230418e-06	9.41820276497696e-06	9.573617511520741e-06	9.737096774193553e-06	9.875921658986179e-06	9.989055299539174e-06	1.0000000000000004e-05	1.0000000000000004e-05	1.0000000000000004e-05	1.0000000000000004e-05	9.998617511520738e-06	9.944815668202768e-06	9.89337557603687e-06	9.876612903225808e-06	9.9080069124424e-06	9.971486175115213e-06	9.9727534562212e-06	9.978052995391709e-06	9.99821428571429e-06
2600	1.0000000000000004e-05	9.983064516129038e-06	7.841589861751152e-06	5.684216589861753e-06	3.453917050691245e-06	3.625691244239631e-06	7.907488479262674e-06	9.907027649769588e-06	9.997004608294933e-06	1.0000000000000004e-05	9.997004608294938e-06	9.939458525345626e-06	9.898675115207374e-06	9.8866935483871e-06	9.9043202764977e-06	9.958294930875581e-06	9.918778801843323e-06	9.913306451612904e-06	9.970334101382491e-06
2700	9.985100446428575e-06	9.943917410714292e-06	8.142912946428571e-06	5.1267857142857155e-06	2.4474330357142865e-06	3.1863839285714286e-06	7.538560267857146e-06	9.852287946428576e-06	9.995368303571431e-06	1.0000000000000004e-05	1.0000000000000004e-05	9.997991071428578e-06	9.991071428571433e-06	9.983258928571437e-06	9.989843750000004e-06	9.99441964285715e-06	9.98426339285715e-06	9.986830357142861e-06	9.997321428571433e-06
2800	9.965457589285718e-06	9.883649553571432e-06	8.258426339285715e-06	5.4491629464285685e-06	2.5407366071428568e-06	3.199832589285714e-06	7.624218750000003e-06	9.84045758928572e-06	9.983035714285718e-06	9.998772321428576e-06	1.0000000000000004e-05	9.998325892857149e-06	9.996875000000006e-06	9.997544642857147e-06	9.962555803571433e-06	9.717801339285715e-06	9.578013392857145e-06	9.785602678571434e-06	9.956250000000007e-06
2900	9.981970046082954e-06	9.921140552995395e-06	9.117569124423964e-06	8.066417050691247e-06	5.790207373271892e-06	5.557546082949311e-06	8.617914746543783e-06	9.961347926267285e-06	9.998790322580649e-06	1.0000000000000004e-05	9.995622119815671e-06	9.910944700460834e-06	9.857258064516131e-06	9.839285714285718e-06	9.831739631336406e-06	9.89763824884793e-06	9.960541474654381e-06	9.997292626728114e-06	1.0000000000000004e-05
3000	9.970400432900437e-06	9.917478354978362e-06	9.944751082251086e-06	9.997619047619051e-06	9.962121212121217e-06	9.916287878787885e-06	9.953030303030306e-06	9.998917748917753e-06	1.0000000000000004e-05	9.972889610389618e-06	9.93419913419914e-06	9.960443722943726e-06	9.999134199134204e-06	1.0000000000000004e-05	1.0000000000000004e-05	1.0000000000000004e-05	1.0000000000000004e-05	1.0000000000000004e-05	1.0000000000000004e-05
3100	9.968415178571435e-06	9.917522321428573e-06	9.947209821428574e-06	9.998102678571432e-06	9.970424107142862e-06	9.917410714285718e-06	9.942075892857148e-06	9.99508928571429e-06	9.999720982142859e-06	9.960044642857146e-06	9.91607142857143e-06	9.95558035714286e-06	9.999832589285719e-06	9.995312500000008e-06	9.993750000000004e-06	9.998437500000003e-06	1.0000000000000004e-05	1.0000000000000004e-05	1.0000000000000004e-05
3200	1.000000000000001e-05	1.000000000000001e-05	1.000000000000001e-05	1.000000000000001e-05	1.000000000000001e-05	1.000000000000001e-05	9.999842436974799e-06	9.966334033613452e-06	9.94721638655463e-06	9.980724789915976e-06	1.000000000000001e-05	1.000000000000001e-05	9.998792016806729e-06	9.994642857142864e-06	9.99532563025211e-06	9.997163865546228e-06	9.989810924369757e-06	9.990546218487405e-06	9.99842436974791e-06
3300	9.964228110599086e-06	9.914688940092168e-06	9.946025345622122e-06	9.997465437788021e-06	9.979089861751158e-06	9.963652073732723e-06	9.965380184331801e-06	9.464458525345625e-06	9.193894009216595e-06	9.705126728110603e-06	9.989861751152076e-06	9.964228110599083e-06	9.883525345622122e-06	9.897695852534563e-06	9.981797235023044e-06	9.980472350230418e-06	9.907200460829499e-06	9.90599078341014e-06	9.979896313364059e-06
3400	9.942578125000006e-06	9.901339285714289e-06	9.943247767857146e-06	9.935156250000006e-06	9.821595982142862e-06	9.771261160714289e-06	9.882421875000005e-06	9.936439732142862e-06	9.900613839285717e-06	9.957087053571432e-06	9.99893973214286e-06	9.939174107142863e-06	9.797600446428575e-06	9.773493303571431e-06	9.903125000000005e-06	9.360658482142858e-06	5.914229910714287e-06	5.627399553571428e-06	9.069754464285718e-06
3500	9.93415178571429e-06	9.90178571428572e-06	9.951060267857145e-06	9.947488839285718e-06	9.833537946428575e-06	9.75809151785715e-06	9.868582589285717e-06	9.991127232142863e-06	9.997154017857148e-06	9.999944196428575e-06	1.0000000000000004e-05	1.0000000000000004e-05	1.0000000000000004e-05	1.0000000000000004e-05	1.0000000000000004e-05	1.0000000000000004e-05	1.0000000000000004e-05	9.997265625000007e-06	9.994475446428578e-06
3600	9.944354838709681e-06	9.905241935483872e-06	9.936002304147471e-06	9.924884792626734e-06	9.821543778801845e-06	9.763133640553e-06	9.870046082949313e-06	9.988824884792631e-06	9.998617511520743e-06	1.0000000000000004e-05	1.0000000000000004e-05	1.0000000000000004e-05	9.998329493087562e-06	9.990898617511526e-06	9.9903801843318e-06	9.928859447004613e-06	9.825748847926272e-06	9.86209677419355e-06	9.938594470046088e-06
3700	9.919027093596061e-06	9.686514778325126e-06	9.72543103448276e-06	9.940763546798033e-06	9.896982758620691e-06	9.869581280788182e-06	9.93817733990148e-06	9.99476600985222e-06	9.993103448275864e-06	9.996490147783255e-06	9.992426108374388e-06	9.957758620689658e-06	9.959298029556653e-06	9.993965517241383e-06	1.0000000000000003e-05	1.0000000000000003e-05	1.0000000000000003e-05	9.992549261083749e-06	9.967918719211826e-06
3800	9.988928571428577e-06	9.81928571428572e-06	9.805119047619051e-06	9.9777380952381e-06	9.999702380952381e-06	9.996726190476192e-06	9.996964285714289e-06	9.99994047619048e-06	1.0000000000000003e-05	1.0000000000000003e-05	9.993928571428575e-06	9.986666666666672e-06	9.992738095238097e-06	9.998571428571431e-06	9.99041666666667e-06	9.991428571428573e-06	9.999583333333337e-06	1.0000000000000003e-05	1.0000000000000003e-05
3900	9.992914746543783e-06	9.998675115207377e-06	1.0000000000000004e-05	1.0000000000000004e-05	1.0000000000000004e-05	1.0000000000000004e-05	1.0000000000000004e-05	1.0000000000000004e-05	1.0000000000000004e-05	9.99619815668203e-06	9.990437788018435e-06	9.987615207373276e-06	9.990207373271893e-06	9.996831797235027e-06	1.0000000000000004e-05	1.0000000000000004e-05	1.0000000000000004e-05	1.0000000000000004e-05	1.0000000000000004e-05
4000	1.0000000000000003e-05	1.0000000000000003e-05	1.0000000000000003e-05	9.997678571428573e-06	9.996666666666669e-06	9.998988095238098e-06	1.0000000000000003e-05	1.0000000000000003e-05	9.999107142857143e-06	9.996488095238096e-06	9.994226190476195e-06	9.99089285714286e-06	9.988095238095242e-06	9.990178571428572e-06	9.995238095238097e-06	9.997380952380954e-06	9.996666666666669e-06	9.99839285714286e-06	1.0000000000000003e-05
4100	1.0000000000000004e-05	1.0000000000000004e-05	1.0000000000000004e-05	1.0000000000000004e-05	1.0000000000000004e-05	1.0000000000000004e-05	1.0000000000000004e-05	1.0000000000000004e-05	9.99475446428572e-06	9.984877232142864e-06	9.954185267857147e-06	9.917633928571434e-06	9.932031250000006e-06	9.950948660714289e-06	9.972154017857145e-06	9.999665178571431e-06	9.98777901785715e-06	9.972600446428578e-06	9.976450892857145e-06
4200	1.0000000000000004e-05	1.0000000000000004e-05	1.0000000000000004e-05	1.0000000000000004e-05	9.99861751152074e-06	9.983237327188942e-06	9.982027649769591e-06	9.997407834101386e-06	1.0000000000000004e-05	9.999251152073736e-06	9.991301843317976e-06	9.984619815668208e-06	9.992569124423966e-06	1.0000000000000004e-05	1.0000000000000004e-05	1.0000000000000004e-05	1.0000000000000004e-05	9.998329493087562e-06	9.995449308755764e-06
4300	9.998928571428574e-06	9.98678571428572e-06	9.96636904761905e-06	9.976547619047621e-06	9.998035714285719e-06	1.0000000000000003e-05	1.0000000000000003e-05	1.0000000000000003e-05	1.0000000000000003e-05	9.997202380952386e-06	9.990297619047623e-06	9.992797619047621e-06	9.999702380952384e-06	1.0000000000000003e-05	1.0000000000000003e-05	1.0000000000000003e-05	1.0000000000000003e-05	1.0000000000000003e-05	1.0000000000000003e-05
4400	9.865000000000006e-06	8.530595238095243e-06	6.132380952380954e-06	7.439047619047621e-06	9.948452380952382e-06	1.0000000000000003e-05	1.0000000000000003e-05	1.0000000000000003e-05	1.0000000000000003e-05	9.982023809523816e-06	9.941011904761909e-06	9.957976190476193e-06	9.998988095238098e-06	9.995833333333337e-06	9.993333333333336e-06	9.997500000000002e-06	1.0000000000000003e-05	1.0000000000000003e-05	1.0000000000000003e-05
4500	1.0000000000000004e-05	1.0000000000000004e-05	1.0000000000000004e-05	1.0000000000000004e-05	1.0000000000000004e-05	1.0000000000000004e-05	1.0000000000000004e-05	9.994758064516133e-06	9.990322580645168e-06	9.994009216589864e-06	9.98087557603687e-06	9.978974654377883e-06	9.996543778801846e-06	9.982085253456227e-06	9.967741935483877e-06	9.985656682027654e-06	1.0000000000000004e-05	1.0000000000000004e-05	1.0000000000000004e-05
4600	1.0000000000000004e-05	9.974769585253463e-06	9.903571428571433e-06	9.925230414746545e-06	9.996428571428575e-06	1.0000000000000004e-05	9.99930875576037e-06	9.943548387096776e-06	9.900691244239635e-06	9.956451612903228e-06	1.0000000000000004e-05	1.0000000000000004e-05	9.998329493087564e-06	9.933640552995392e-06	9.901728110599081e-06	9.966359447004612e-06	9.999942396313369e-06	1.0000000000000004e-05	1.0000000000000004e-05
4700	1.0000000000000004e-05	9.978168202764981e-06	9.905414746543782e-06	9.921831797235025e-06	9.994585253456224e-06	1.0000000000000004e-05	9.999596774193554e-06	9.944354838709681e-06	9.900403225806455e-06	9.955645161290325e-06	1.0000000000000004e-05	1.0000000000000004e-05	9.998271889400925e-06	9.938248847926271e-06	9.898790322580648e-06	9.958525345622124e-06	9.999711981566823e-06	1.0000000000000004e-05	1.0000000000000004e-05
4800	9.942384453781521e-06	9.868855042016813e-06	9.845850840336137e-06	9.918172268907571e-06	9.98781512605043e-06	9.99952731092438e-06	9.998897058823538e-06	9.936607142857148e-06	9.89816176470589e-06	9.96045168067228e-06	1.000000000000001e-05	1.000000000000001e-05	9.999317226890764e-06	9.943592436974794e-06	9.900735294117653e-06	9.95640756302522e-06	9.996848739495804e-06	9.994117647058832e-06	9.997216386554633e-06
4900	9.93611751152074e-06	9.875633640552999e-06	9.851382488479263e-06	9.879723502304152e-06	9.89763824884793e-06	9.944815668202767e-06	9.99706221198157e-06	9.943721198156685e-06	9.850057603686637e-06	9.829953917050694e-06	9.860426267281105e-06	9.90374423963134e-06	9.964746543778807e-06	9.934216589861755e-06	9.88456221198157e-06	9.939976958525349e-06	9.989919354838713e-06	9.990956221198161e-06	9.990668202764981e-06
5000	9.946831797235027e-06	9.879205069124428e-06	9.872292626728116e-06	9.930299539170514e-06	9.913652073732724e-06	9.890898617511525e-06	9.893663594470052e-06	9.839631336405528e-06	9.821198156682028e-06	9.857546082949312e-06	9.88542626728111e-06	9.892857142857147e-06	9.878744239631343e-06	9.777131336405532e-06	9.747119815668205e-06	9.875345622119818e-06	9.975345622119818e-06	1.0000000000000004e-05	1.0000000000000004e-05
5100	9.929147465437789e-06	9.87154377880185e-06	9.860080645161295e-06	9.892684331797238e-06	9.899020737327194e-06	9.935944700460832e-06	9.86866359447005e-06	9.096774193548388e-06	9.104205069124426e-06	9.820852534562215e-06	9.880990783410141e-06	9.90034562211982e-06	9.883410138248852e-06	9.77759216589862e-06	9.746313364055304e-06	9.855069124423965e-06	9.9616935483871e-06	1.0000000000000004e-05	1.0000000000000004e-05
5200	1.0000000000000004e-05	1.0000000000000004e-05	1.0000000000000004e-05	1.0000000000000004e-05	1.0000000000000004e-05	9.99910714285715e-06	9.843750000000004e-06	9.652678571428575e-06	9.784821428571433e-06	9.97321428571429e-06	9.990122767857149e-06	9.984375000000006e-06	9.98772321428572e-06	9.983984375000008e-06	9.975223214285719e-06	9.984765625000007e-06	9.996484375000003e-06	1.0000000000000004e-05	1.0000000000000004e-05
5300	1.0000000000000004e-05	1.0000000000000004e-05	1.0000000000000004e-05	1.0000000000000004e-05	1.0000000000000004e-05	9.999350649350656e-06	9.84242424242425e-06	9.420670995670996e-06	9.456547619047624e-06	9.868019480519487e-06	9.981168831168838e-06	9.990746753246759e-06	9.99199134199135e-06	9.976785714285718e-06	9.975324675324683e-06	9.986850649350656e-06	9.994101731601737e-06	9.99518398268399e-06	9.993344155844162e-06
5400	9.994930875576038e-06	9.9748271889401e-06	9.97281105990784e-06	9.992914746543783e-06	1.0000000000000004e-05	1.0000000000000004e-05	1.0000000000000004e-05	9.990898617511526e-06	9.974423963133646e-06	9.98006912442397e-06	9.996543778801846e-06	1.0000000000000004e-05	9.992396313364062e-06	9.971370967741941e-06	9.978052995391707e-06	9.98421658986176e-06	9.981163594470053e-06	9.996025345622123e-06	1.0000000000000004e-05
5500	1.0000000000000003e-05	1.0000000000000003e-05	1.0000000000000003e-05	1.0000000000000003e-05	1.0000000000000003e-05	1.0000000000000003e-05	1.0000000000000003e-05	1.0000000000000003e-05	1.0000000000000003e-05	1.0000000000000003e-05	1.0000000000000003e-05	1.0000000000000003e-05	1.0000000000000003e-05	1.0000000000000003e-05	1.0000000000000003e-05	1.0000000000000003e-05	1.0000000000000003e-05	1.0000000000000003e-05	1.0000000000000003e-05
5600	9.991589861751157e-06	9.99735023041475e-06	1.0000000000000004e-05	1.0000000000000004e-05	1.0000000000000004e-05	1.0000000000000004e-05	1.0000000000000004e-05	1.0000000000000004e-05	9.960023041474659e-06	9.912039170506918e-06	9.937039170506914e-06	9.932258064516131e-06	9.768663594470046e-06	7.2683755760368655e-06	5.277764976958524e-06	7.774423963133645e-06	9.913594470046087e-06	9.919642857142862e-06	9.92661290322581e-06
5700	1.0000000000000004e-05	1.0000000000000004e-05	1.0000000000000004e-05	1.0000000000000004e-05	1.0000000000000004e-05	1.0000000000000004e-05	1.0000000000000004e-05	1.0000000000000004e-05	9.98502304147466e-06	9.959447004608296e-06	9.973041474654382e-06	9.972465437788022e-06	9.916417050691248e-06	8.5713133640553e-06	7.59637096774194e-06	8.935483870967747e-06	9.957027649769589e-06	9.959562211981569e-06	9.955990783410143e-06
5800	1.0000000000000004e-05	1.0000000000000004e-05	9.985044642857148e-06	9.913448660714288e-06	9.914955357142861e-06	9.986551339285718e-06	1.0000000000000004e-05	1.0000000000000004e-05	9.95368303571429e-06	9.900669642857146e-06	9.94626116071429e-06	9.94157366071429e-06	9.083035714285718e-06	4.679631696428572e-06	1.4828683035714283e-06	4.919308035714286e-06	8.934319196428576e-06	9.898493303571432e-06	9.911607142857144e-06
5900	7.895312500000005e-06	2.9008928571428583e-06	9.892299107142856e-07	5.803850446428575e-06	9.747823660714291e-06	9.684988839285718e-06	5.84107142857143e-06	1.0892857142857143e-06	2.172544642857143e-06	6.566015625e-06	6.480915178571429e-06	4.769642857142858e-06	7.669866071428575e-06	9.490569196428572e-06	8.332310267857148e-06	8.77717633928572e-06	9.93844866071429e-06	9.946930803571433e-06	9.883705357142859e-06
6000	6.405357142857142e-06	2.295334101382488e-06	1.0993087557603687e-06	5.749769585253457e-06	9.58398617511521e-06	9.622235023041476e-06	6.032834101382489e-06	1.468548387096775e-06	1.8526497695852535e-06	6.004147465437789e-06	5.64516129032258e-06	4.801036866359447e-06	8.41624423963134e-06	9.54850230414747e-06	8.653571428571433e-06	9.025115207373276e-06	9.935599078341018e-06	9.962615207373279e-06	9.88773041474655e-06
6100	6.213616071428572e-06	2.2292410714285713e-06	1.3880022321428571e-06	6.159765625000004e-06	9.700167410714291e-06	9.776171875000004e-06	7.3118303571428605e-06	3.834598214285715e-06	3.2522321428571434e-06	6.083426339285713e-06	5.8325892857142875e-06	4.5393415178571444e-06	7.841964285714286e-06	9.654575892857144e-06	7.74347098214286e-06	4.5130022321428575e-06	4.645145089285715e-06	8.125558035714288e-06	9.951506696428574e-06
6200	7.101948051948051e-06	2.4915584415584415e-06	1.2176406926406926e-06	6.027489177489183e-06	9.740313852813857e-06	9.635660173160176e-06	5.608712121212122e-06	1.1372835497835498e-06	1.0528679653679654e-06	4.552110389610391e-06	5.799837662337661e-06	4.476461038961038e-06	7.2530303030303045e-06	9.246103896103898e-06	6.857251082251084e-06	3.0126623376623366e-06	3.5745129870129876e-06	7.987987012987016e-06	9.971590909090913e-06
6300	8.467261904761906e-06	3.663750000000003e-06	7.498809523809525e-07	4.932738095238098e-06	9.226250000000003e-06	9.723035714285716e-06	6.740535714285715e-06	2.525714285714285e-06	2.0477976190476185e-06	5.358571428571428e-06	5.895297619047619e-06	5.165178571428573e-06	8.124404761904761e-06	9.60886904761905e-06	6.125833333333336e-06	1.9385714285714293e-06	3.4026190476190477e-06	7.880238095238096e-06	9.984047619047622e-06
6400	9.906342364532023e-06	9.483620689655174e-06	8.46336206896552e-06	8.792056650246307e-06	9.839285714285717e-06	9.926724137931037e-06	9.919889162561579e-06	9.905911330049264e-06	9.976354679802957e-06	9.994396551724144e-06	9.982758620689659e-06	9.98836206896552e-06	1.0000000000000003e-05	9.998399014778327e-06	9.993103448275866e-06	9.99470443349754e-06	1.0000000000000003e-05	1.0000000000000003e-05	1.0000000000000003e-05
6500	9.969047619047625e-06	9.623333333333333e-06	7.963273809523813e-06	7.983452380952385e-06	9.610654761904764e-06	9.928035714285716e-06	9.917857142857146e-06	9.85309523809524e-06	9.878392857142856e-06	9.948750000000004e-06	9.997440476190479e-06	9.989523809523814e-06	9.922142857142859e-06	9.910476190476192e-06	9.977857142857145e-06	1.0000000000000003e-05	1.0000000000000003e-05	1.0000000000000003e-05	1.0000000000000003e-05
6600	9.968398268398273e-06	9.730465367965372e-06	8.579653679653682e-06	8.606709956709961e-06	9.563365800865804e-06	9.767099567099572e-06	9.902326839826846e-06	8.243885281385288e-06	7.801731601731603e-06	9.466991341991344e-06	9.999675324675328e-06	9.990854978354984e-06	9.924404761904766e-06	9.918235930735937e-06	9.968127705627711e-06	8.848160173160179e-06	6.764393939393942e-06	7.666991341991345e-06	9.76731601731602e-06
6700	9.971011904761909e-06	9.789702380952381e-06	9.169940476190477e-06	9.19494047619048e-06	9.73357142857143e-06	9.881547619047621e-06	9.902559523809527e-06	8.443273809523815e-06	7.964583333333335e-06	9.430535714285716e-06	9.998333333333337e-06	9.992083333333337e-06	9.926011904761906e-06	9.917083333333335e-06	9.787083333333338e-06	7.023571428571429e-06	4.421309523809524e-06	7.007261904761907e-06	9.80559523809524e-06
6800	9.952995391705073e-06	9.633755760368669e-06	9.045967741935484e-06	9.197235023041478e-06	9.715322580645165e-06	9.881912442396315e-06	9.99861751152074e-06	1.0000000000000004e-05	1.0000000000000004e-05	1.0000000000000004e-05	1.0000000000000004e-05	1.0000000000000004e-05	1.0000000000000004e-05	9.999539170506915e-06	9.992626728110602e-06	9.98755760368664e-06	9.994470046082951e-06	1.0000000000000004e-05	1.0000000000000004e-05
6900	1.0000000000000004e-05	1.0000000000000004e-05	1.0000000000000004e-05	9.995910138248853e-06	9.990322580645168e-06	9.994412442396318e-06	1.0000000000000004e-05	1.0000000000000004e-05	1.0000000000000004e-05	9.995679723502307e-06	9.99055299539171e-06	9.994642857142859e-06	9.99619815668203e-06	9.985714285714291e-06	9.982027649769588e-06	9.978341013824892e-06	9.97379032258065e-06	9.98755760368664e-06	9.999366359447008e-06
7000	9.976382488479268e-06	9.908179723502306e-06	9.918721198156686e-06	9.923444700460836e-06	9.904896313364062e-06	9.96837557603687e-06	1.0000000000000004e-05	1.0000000000000004e-05	9.995103686635948e-06	9.94850230414747e-06	9.893260368663599e-06	9.926094470046087e-06	9.902419354838716e-06	9.833525345622124e-06	9.856509216589863e-06	9.87373271889401e-06	9.869412442396316e-06	9.924596774193552e-06	9.989746543778806e-06
7100	1.0000000000000004e-05	1.0000000000000004e-05	1.0000000000000004e-05	1.0000000000000004e-05	1.0000000000000004e-05	1.0000000000000004e-05	1.0000000000000004e-05	1.0000000000000004e-05	1.0000000000000004e-05	1.0000000000000004e-05	1.0000000000000004e-05	1.0000000000000004e-05	1.0000000000000004e-05	9.991350446428575e-06	9.951897321428577e-06	9.952399553571434e-06	9.990848214285718e-06	9.982812500000006e-06	9.967075892857147e-06
7200	9.891450216450222e-06	9.914177489177495e-06	9.924891774891777e-06	9.906006493506497e-06	9.957846320346325e-06	1.0000000000000004e-05	9.997348484848492e-06	9.996969696969701e-06	9.999621212121217e-06	1.0000000000000004e-05	1.0000000000000004e-05	1.0000000000000004e-05	1.0000000000000004e-05	9.990800865800869e-06	9.917261904761906e-06	9.912229437229441e-06	9.985768398268401e-06	9.863582251082259e-06	9.652543290043294e-06
7300	1.0000000000000003e-05	1.0000000000000003e-05	1.0000000000000003e-05	1.0000000000000003e-05	1.0000000000000003e-05	1.0000000000000003e-05	1.0000000000000003e-05	1.0000000000000003e-05	1.0000000000000003e-05	1.0000000000000003e-05	1.0000000000000003e-05	1.0000000000000003e-05	1.0000000000000003e-05	1.0000000000000003e-05	1.0000000000000003e-05	1.0000000000000003e-05	1.0000000000000003e-05	9.995689655172415e-06	9.989532019704435e-06
7400	9.999366359447008e-06	9.993721198156688e-06	9.994182027649773e-06	9.999827188940097e-06	9.997465437788025e-06	9.933467741935487e-06	9.902707373271892e-06	9.96653225806452e-06	9.999827188940097e-06	7.912903225806454e-06	2.9315668202764977e-06	1.3137672811059907e-06	6.058813364055299e-06	9.753974654377884e-06	9.987154377880187e-06	9.92747695852535e-06	9.887557603686638e-06	9.893663594470049e-06	9.881970046082952e-06
7500	1.0000000000000004e-05	1.0000000000000004e-05	1.0000000000000004e-05	1.0000000000000004e-05	1.0000000000000004e-05	1.0000000000000004e-05	1.0000000000000004e-05	1.0000000000000004e-05	1.0000000000000004e-05	1.0000000000000004e-05	1.0000000000000004e-05	1.0000000000000004e-05	1.0000000000000004e-05	1.0000000000000004e-05	1.0000000000000004e-05	1.0000000000000004e-05	1.0000000000000004e-05	1.0000000000000004e-05	1.0000000000000004e-05
7600	9.940952380952388e-06	9.97666666666667e-06	1.0000000000000003e-05	1.0000000000000003e-05	1.0000000000000003e-05	1.0000000000000003e-05	1.0000000000000003e-05	1.0000000000000003e-05	1.0000000000000003e-05	1.0000000000000003e-05	1.0000000000000003e-05	1.0000000000000003e-05	1.0000000000000003e-05	1.0000000000000003e-05	1.0000000000000003e-05	1.0000000000000003e-05	1.0000000000000003e-05	1.0000000000000003e-05	1.0000000000000003e-05
7700	9.833986175115208e-06	9.929262672811066e-06	9.96935483870968e-06	9.977880184331801e-06	9.997235023041479e-06	1.0000000000000004e-05	9.99735023041475e-06	9.996774193548392e-06	9.999423963133645e-06	9.989055299539174e-06	9.925576036866363e-06	9.90714285714286e-06	9.963824884792629e-06	9.990898617511527e-06	9.997119815668206e-06	9.992511520737333e-06	9.987903225806456e-06	9.73859447004609e-06	9.418317972350238e-06
7800	1.0000000000000003e-05	9.979741379310348e-06	9.91699507389163e-06	9.923706896551726e-06	9.986453201970446e-06	1.0000000000000003e-05	9.987869458128083e-06	9.304495073891627e-06	9.071921182266011e-06	9.745812807881777e-06	9.930418719211825e-06	9.892056650246308e-06	9.876785714285714e-06	9.848399014778327e-06	9.866933497536944e-06	9.890455665024635e-06	9.945381773399017e-06	9.998091133004929e-06	1.0000000000000003e-05
7900	4.025811688311688e-06	7.390638528138531e-06	9.971320346320351e-06	9.942911255411258e-06	9.910497835497839e-06	9.957792207792213e-06	9.973809523809529e-06	9.930357142857146e-06	9.943290043290048e-06	9.985768398268405e-06	9.941504329004335e-06	9.931655844155848e-06	9.982738095238098e-06	9.999675324675325e-06	9.964177489177491e-06	9.925054112554118e-06	9.960064935064937e-06	9.999512987012991e-06	1.0000000000000004e-05
8000	2.109274193548387e-06	6.923963133640554e-06	9.925633640552997e-06	9.889804147465442e-06	9.900115207373274e-06	9.965725806451616e-06	9.980011520737332e-06	9.91267281105991e-06	9.919988479262677e-06	9.975403225806455e-06	9.921140552995395e-06	9.911923963133645e-06	9.97885944700461e-06	9.999827188940097e-06	9.953571428571434e-06	9.90161290322581e-06	9.946428571428574e-06	9.998559907834106e-06	1.0000000000000004e-05
8100	5.012818877551022e-06	8.052232142857141e-06	9.636607142857146e-06	9.494132653061229e-06	9.763010204081633e-06	9.901084183673472e-06	9.88086734693878e-06	9.887372448979593e-06	9.927232142857144e-06	9.971747448979592e-06	9.905676020408166e-06	9.869323979591843e-06	9.93105867346939e-06	9.987117346938776e-06	9.950701530612247e-06	9.86951530612245e-06	9.78954081632653e-06	9.799553571428574e-06	9.864923469387757e-06
8200	1.9047991071428574e-06	6.890625000000003e-06	9.980301339285716e-06	9.92784598214286e-06	9.86389508928572e-06	9.798046875000004e-06	9.818917410714287e-06	9.890234375000004e-06	9.925837053571434e-06	9.968973214285717e-06	9.908705357142861e-06	9.84815848214286e-06	9.900669642857148e-06	9.979073660714288e-06	9.951841517857147e-06	9.88409598214286e-06	9.813113839285718e-06	9.796819196428573e-06	9.843247767857143e-06
8300	1.0000000000000004e-05	1.0000000000000004e-05	9.97551843317973e-06	9.908352534562217e-06	9.887903225806457e-06	9.895449308755762e-06	9.933352534562214e-06	9.992972350230418e-06	1.0000000000000004e-05	1.0000000000000004e-05	1.0000000000000004e-05	1.0000000000000004e-05	9.995737327188945e-06	9.929032258064522e-06	9.839746543778805e-06	9.794758064516133e-06	9.816417050691247e-06	9.831797235023043e-06	9.771198156682027e-06
8400	4.399051339285716e-06	8.128292410714288e-06	9.884375000000006e-06	9.856696428571431e-06	9.812779017857146e-06	9.819587053571432e-06	9.896316964285718e-06	9.98258928571429e-06	9.998325892857146e-06	9.960435267857147e-06	9.929799107142863e-06	9.967689732142861e-06	9.993303571428573e-06	9.92667410714286e-06	9.843973214285717e-06	9.784877232142861e-06	9.796819196428576e-06	9.823660714285718e-06	9.772767857142864e-06
8500	4.337007389162562e-06	7.936453201970445e-06	9.892980295566501e-06	9.883251231527093e-06	9.832081280788176e-06	9.824876847290643e-06	9.890701970443352e-06	9.970320197044337e-06	9.987007389162568e-06	9.943288177339906e-06	9.846490147783252e-06	9.8439039408867e-06	9.940517241379312e-06	9.922967980295568e-06	9.782697044334977e-06	9.420689655172415e-06	9.503325123152708e-06	9.839963054187194e-06	9.770566502463056e-06
8600	4.670258620689656e-06	8.264901477832514e-06	9.775800492610839e-06	9.763546798029558e-06	9.831280788177343e-06	9.836637931034487e-06	9.902463054187194e-06	9.984667487684731e-06	9.99809113300493e-06	9.944334975369462e-06	9.844889162561575e-06	9.799630541871922e-06	9.861822660098523e-06	9.901477832512314e-06	9.855110837438428e-06	9.784113300492611e-06	9.793965517241381e-06	9.76299261083744e-06	9.552339901477838e-06
8700	3.0707589285714296e-06	7.545814732142862e-06	9.800167410714288e-06	9.767912946428575e-06	9.811160714285716e-06	9.787109375000001e-06	9.795033482142858e-06	9.916294642857147e-06	9.993638392857146e-06	9.947488839285718e-06	9.849162946428574e-06	9.793136160714288e-06	9.843136160714287e-06	9.869475446428577e-06	9.419419642857145e-06	9.064508928571432e-06	9.420814732142862e-06	9.705691964285719e-06	9.70106026785715e-06
8800	3.6884216589861756e-06	7.76705069124424e-06	9.715841013824887e-06	9.763191244239635e-06	9.818202764976963e-06	9.783064516129034e-06	9.804032258064517e-06	9.925230414746545e-06	9.925000000000004e-06	9.791474654377882e-06	9.72235023041475e-06	9.802246543778806e-06	9.938306451612908e-06	9.999366359447008e-06	9.996025345622123e-06	9.983006912442402e-06	9.970679723502311e-06	9.958006912442402e-06	9.9483870967742e-06
8900	3.6185714285714305e-06	7.665535714285717e-06	9.70619047619048e-06	9.75964285714286e-06	9.825357142857146e-06	9.013869047619051e-06	7.2241666666666685e-06	7.573928571428571e-06	9.418988095238097e-06	9.913988095238098e-06	9.840357142857147e-06	9.858750000000004e-06	9.961607142857143e-06	1.0000000000000003e-05	9.978869047619053e-06	9.909285714285716e-06	9.921130952380957e-06	9.990714285714288e-06	1.0000000000000003e-05
9000	2.5790178571428577e-06	7.1428013392857156e-06	9.736774553571432e-06	9.765569196428577e-06	9.813337053571431e-06	9.168470982142858e-06	8.532645089285716e-06	9.126339285714289e-06	9.797600446428577e-06	9.882477678571434e-06	9.877622767857148e-06	9.943415178571433e-06	9.996205357142861e-06	1.0000000000000004e-05	9.99748883928572e-06	9.980524553571431e-06	9.980636160714289e-06	9.997600446428575e-06	1.0000000000000004e-05
9100	1.6081797235023038e-06	5.516417050691245e-06	8.913536866359451e-06	9.772580645161293e-06	9.836232718894013e-06	9.188306451612903e-06	8.350230414746546e-06	8.70887096774194e-06	9.605357142857148e-06	9.897695852534565e-06	9.81549539170507e-06	9.87776497695853e-06	9.988133640552998e-06	1.0000000000000004e-05	9.973559907834106e-06	9.904262672811066e-06	9.916762672811063e-06	9.98185483870968e-06	9.990034562211985e-06
9200	1.7829761904761902e-06	6.13077380952381e-06	9.191369047619049e-06	9.762559523809525e-06	9.836071428571432e-06	8.862797619047619e-06	7.979880952380954e-06	8.810357142857148e-06	9.748154761904764e-06	9.907202380952385e-06	9.817857142857145e-06	9.866309523809525e-06	9.983690476190478e-06	9.997380952380954e-06	9.976130952380955e-06	9.91059523809524e-06	9.868630952380953e-06	8.560833333333335e-06	6.207380952380952e-06
9300	1.8225000000000008e-06	5.984464285714287e-06	9.02571428571429e-06	9.766130952380957e-06	9.81136904761905e-06	9.480476190476195e-06	9.07464285714286e-06	9.266428571428574e-06	9.715119047619052e-06	9.881488095238098e-06	9.819880952380955e-06	9.871011904761906e-06	9.980773809523812e-06	1.0000000000000003e-05	1.0000000000000003e-05	1.0000000000000003e-05	1.0000000000000003e-05	1.0000000000000003e-05	1.0000000000000003e-05
9400	5.567108294930875e-06	8.33853686635945e-06	9.988882488479265e-06	9.999711981566823e-06	9.99711981566821e-06	9.940783410138252e-06	9.919009216589866e-06	9.975345622119818e-06	1.0000000000000004e-05	1.0000000000000004e-05	1.0000000000000004e-05	1.0000000000000004e-05	1.0000000000000004e-05	1.0000000000000004e-05	1.0000000000000004e-05	1.0000000000000004e-05	1.0000000000000004e-05	1.0000000000000004e-05	1.0000000000000004e-05
9500	3.0309907834101384e-06	7.559504608294933e-06	9.984331797235025e-06	9.93796082949309e-06	9.860080645161292e-06	9.467569124423967e-06	9.510829493087558e-06	9.908640552995397e-06	9.918260368663598e-06	9.935829493087562e-06	9.932603686635951e-06	9.918894009216597e-06	9.953168202764982e-06	9.992396313364059e-06	1.0000000000000004e-05	1.0000000000000004e-05	1.0000000000000004e-05	1.0000000000000004e-05	1.0000000000000004e-05
9600	3.665725806451614e-06	7.896716589861754e-06	9.806105990783415e-06	9.885714285714289e-06	9.859216589861753e-06	9.659562211981571e-06	9.673847926267285e-06	9.871831797235026e-06	9.897753456221204e-06	9.897811059907837e-06	9.90501152073733e-06	9.971025345622121e-06	1.0000000000000004e-05	9.998905529953921e-06	9.996774193548392e-06	9.997868663594471e-06	1.0000000000000004e-05	1.0000000000000004e-05	1.0000000000000004e-05
9700	4.033294930875576e-06	7.805299539170508e-06	9.827937788018438e-06	9.891186635944701e-06	9.90858294930876e-06	9.845737327188945e-06	9.814400921658991e-06	9.887730414746548e-06	9.8963133640553e-06	9.88865207373272e-06	9.9102534562212e-06	9.923732718894012e-06	9.89562211981567e-06	9.902188940092168e-06	9.943605990783413e-06	9.988133640552998e-06	1.0000000000000004e-05	9.997407834101386e-06	9.994527649769588e-06
9800	2.5832373271889405e-06	7.137154377880186e-06	9.833698156682032e-06	9.89423963133641e-06	9.906105990783414e-06	9.837730414746548e-06	9.802995391705073e-06	9.884158986175118e-06	9.892511520737332e-06	9.903686635944705e-06	9.917281105990787e-06	9.925633640553002e-06	9.915264976958528e-06	9.957373271889404e-06	9.999942396313369e-06	9.968951612903228e-06	9.924020737327195e-06	9.948444700460834e-06	9.987615207373276e-06
9900	2.7743452380952394e-06	7.323273809523811e-06	9.837202380952384e-06	9.889583333333336e-06	9.594404761904764e-06	5.336785714285717e-06	4.708750000000001e-06	8.977261904761908e-06	9.894880952380955e-06	9.901130952380955e-06	9.895476190476195e-06	9.893928571428572e-06	9.910000000000003e-06	9.968690476190479e-06	1.0000000000000003e-05	9.975892857142862e-06	9.91166666666667e-06	9.924107142857143e-06	9.988333333333336e-06
10000	2.6482718894009216e-06	7.197407834101386e-06	9.83346774193549e-06	9.898099078341018e-06	9.63341013824885e-06	5.634447004608297e-06	4.818663594470047e-06	8.831854838709681e-06	9.89308755760369e-06	9.89746543778802e-06	9.89619815668203e-06	9.887154377880188e-06	9.912039170506917e-06	9.975691244239635e-06	9.989343317972354e-06	9.953513824884797e-06	9.905011520737329e-06	9.93554147465438e-06	9.992741935483875e-06
