	site
generation	50	100	150	200	250	300	350	400	450	500	550	600	650	700	750	800	850	900	950
0	1.0000000000000004e-05	1.0000000000000004e-05	1.0000000000000004e-05	1.0000000000000004e-05	1.0000000000000004e-05	1.0000000000000004e-05	1.0000000000000004e-05	1.0000000000000004e-05	1.0000000000000004e-05	1.0000000000000004e-05	1.0000000000000004e-05	1.0000000000000004e-05	1.0000000000000004e-05	1.0000000000000004e-05	1.0000000000000004e-05	1.0000000000000004e-05	1.0000000000000004e-05	1.0000000000000004e-05	1.0000000000000004e-05
100	9.988571428571433e-06	9.982797619047623e-06	9.991250000000002e-06	1.0000000000000003e-05	1.0000000000000003e-05	9.998571428571431e-06	9.943571428571432e-06	9.894880952380953e-06	9.949761904761906e-06	9.997738095238097e-06	9.996666666666669e-06	9.998809523809526e-06	1.0000000000000003e-05	9.999107142857146e-06	9.943214285714291e-06	9.904226190476192e-06	9.960119047619049e-06	1.0000000000000003e-05	1.0000000000000003e-05
200	9.92684523809524e-06	9.89982142857143e-06	9.95809523809524e-06	1.0000000000000003e-05	1.0000000000000003e-05	9.997440476190479e-06	9.936547619047622e-06	9.902559523809525e-06	9.963452380952383e-06	1.0000000000000003e-05	1.0000000000000003e-05	1.0000000000000003e-05	1.0000000000000003e-05	9.997738095238097e-06	9.94541666666667e-06	9.912321428571431e-06	9.964285714285714e-06	9.993095238095245e-06	9.984523809523818e-06
300	1.0000000000000004e-05	9.996947004608299e-06	9.932488479262676e-06	9.903052995391709e-06	9.967511520737329e-06	9.998156682027654e-06	9.935887096774197e-06	9.898387096774195e-06	9.907373271889404e-06	9.90345622119816e-06	9.956739631336408e-06	1.0000000000000004e-05	1.0000000000000004e-05	1.0000000000000004e-05	1.0000000000000004e-05	1.0000000000000004e-05	1.0000000000000004e-05	1.0000000000000004e-05	1.0000000000000004e-05
400	9.999366359447008e-06	9.996774193548392e-06	9.974135944700465e-06	9.907661290322582e-06	9.923271889400925e-06	9.992338709677424e-06	1.0000000000000004e-05	1.0000000000000004e-05	1.0000000000000004e-05	1.0000000000000004e-05	1.0000000000000004e-05	1.0000000000000004e-05	1.0000000000000004e-05	1.0000000000000004e-05	9.996313364055303e-06	9.930126728110603e-06	9.902649769585257e-06	9.961290322580648e-06	9.983813364055304e-06
500	1.0000000000000004e-05	1.0000000000000004e-05	1.0000000000000004e-05	1.0000000000000004e-05	1.0000000000000004e-05	1.0000000000000004e-05	1.0000000000000004e-05	1.0000000000000004e-05	1.0000000000000004e-05	1.0000000000000004e-05	1.0000000000000004e-05	1.0000000000000004e-05	1.0000000000000004e-05	1.0000000000000004e-05	1.0000000000000004e-05	1.0000000000000004e-05	1.0000000000000004e-05	1.0000000000000004e-05	1.0000000000000004e-05
600	1.0000000000000004e-05	1.0000000000000004e-05	1.0000000000000004e-05	1.0000000000000004e-05	1.0000000000000004e-05	1.0000000000000004e-05	9.996374458874462e-06	9.978841991341995e-06	9.954599567099573e-06	9.912662337662343e-06	9.92175324675325e-06	9.981222943722948e-06	1.0000000000000004e-05	9.993506493506501e-06	9.906114718614726e-06	9.894372294372299e-06	9.975432900432908e-06	9.93268398268399e-06	9.86596320346321e-06
700	1.0000000000000004e-05	9.99337557603687e-06	9.930760368663596e-06	9.899942396313367e-06	9.953110599078345e-06	9.974596774193552e-06	9.914228110599081e-06	9.91595622119816e-06	9.965552995391708e-06	9.916589861751153e-06	9.920218894009221e-06	9.98341013824885e-06	1.0000000000000004e-05	9.992569124423965e-06	9.917453917050694e-06	9.907430875576041e-06	9.971716589861756e-06	9.92505760368664e-06	9.872523041474655e-06
800	9.997598522167492e-06	9.993842364532022e-06	9.968411330049267e-06	9.96133004926109e-06	9.989162561576358e-06	1.0000000000000003e-05	1.0000000000000003e-05	1.0000000000000003e-05	1.0000000000000003e-05	1.0000000000000003e-05	1.0000000000000003e-05	1.0000000000000003e-05	1.0000000000000003e-05	1.0000000000000003e-05	9.996428571428573e-06	9.915763546798033e-06	9.773522167487684e-06	9.768103448275864e-06	9.904679802955668e-06
900	9.90817972350231e-06	9.968663594470049e-06	1.0000000000000004e-05	1.0000000000000004e-05	1.0000000000000004e-05	9.999942396313369e-06	9.954032258064521e-06	9.900921658986178e-06	9.939861751152078e-06	9.992684331797238e-06	9.99965437788019e-06	1.0000000000000004e-05	1.0000000000000004e-05	1.0000000000000004e-05	9.996543778801849e-06	9.931278801843322e-06	9.650691244239634e-06	9.596716589861755e-06	9.866359447004615e-06
1000	9.880011520737332e-06	9.966417050691247e-06	1.0000000000000004e-05	1.0000000000000004e-05	9.99141705069125e-06	9.915668202764983e-06	9.857027649769587e-06	9.838076036866365e-06	9.85472350230415e-06	9.946255760368666e-06	9.995679723502307e-06	9.995103686635948e-06	9.994700460829496e-06	9.998444700460832e-06	9.995046082949312e-06	9.919182027649777e-06	9.783813364055303e-06	9.783294930875577e-06	9.906336405529956e-06
1100	1.0000000000000003e-05	1.0000000000000003e-05	1.0000000000000003e-05	1.0000000000000003e-05	1.0000000000000003e-05	9.999702380952384e-06	9.938154761904766e-06	9.625714285714288e-06	9.588273809523811e-06	9.897916666666669e-06	9.996904761904766e-06	1.0000000000000003e-05	1.0000000000000003e-05	1.0000000000000003e-05	9.994821428571431e-06	9.93369047619048e-06	9.432678571428569e-06	9.258690476190475e-06	9.74702380952381e-06
1200	9.888225446428574e-06	9.940513392857147e-06	9.871707589285717e-06	9.817243303571434e-06	9.878013392857147e-06	9.895758928571433e-06	9.92516741071429e-06	9.984933035714289e-06	1.0000000000000004e-05	1.0000000000000004e-05	9.999162946428576e-06	9.947656250000005e-06	9.861997767857149e-06	9.853683035714287e-06	9.933593750000004e-06	9.920200892857149e-06	9.788448660714287e-06	9.780636160714288e-06	9.902232142857147e-06
1300	9.877707373271891e-06	9.923732718894013e-06	9.833525345622123e-06	9.78882488479263e-06	9.860138248847929e-06	9.863536866359449e-06	9.90172811059908e-06	9.969642857142863e-06	9.991705069124427e-06	9.999711981566823e-06	9.997638248847932e-06	9.950000000000006e-06	9.87747695852535e-06	9.85483870967742e-06	9.920391705069127e-06	9.91653225806452e-06	9.784619815668208e-06	9.780760368663601e-06	9.90760368663595e-06
1400	9.89112903225807e-06	9.935599078341018e-06	9.838133640552998e-06	9.78271889400922e-06	9.8543202764977e-06	9.86491935483871e-06	9.870564516129037e-06	9.884331797235026e-06	9.936981566820279e-06	9.995564516129035e-06	9.985368663594473e-06	9.867972350230418e-06	9.778801843317976e-06	9.834274193548386e-06	9.931336405529955e-06	9.923387096774199e-06	9.793433179723507e-06	9.776094470046087e-06	9.8983870967742e-06
1500	9.923322510822518e-06	9.947348484848488e-06	9.84908008658009e-06	9.780140692640695e-06	9.847943722943724e-06	9.869155844155848e-06	9.867153679653684e-06	9.879545454545458e-06	9.935822510822513e-06	9.995833333333337e-06	9.987337662337667e-06	9.857142857142862e-06	9.780086580086585e-06	9.84886363636364e-06	9.879437229437234e-06	9.823322510822514e-06	9.749350649350655e-06	9.773160173160176e-06	9.890043290043298e-06
1600	9.897967980295569e-06	9.938916256157638e-06	9.836022167487686e-06	9.770997536945815e-06	9.841810344827589e-06	9.86305418719212e-06	9.874384236453202e-06	9.883743842364535e-06	9.933990147783254e-06	9.993472906403941e-06	9.980233990147787e-06	9.852647783251236e-06	9.708805418719216e-06	9.744396551724141e-06	9.86077586206897e-06	9.897844827586212e-06	9.837931034482761e-06	7.73466748768473e-06	3.6713669950738917e-06
1700	1.0000000000000004e-05	9.98726958525346e-06	9.90414746543779e-06	9.843490783410142e-06	9.88398617511521e-06	9.893490783410141e-06	9.88058755760369e-06	9.891762672811064e-06	9.944182027649772e-06	9.996889400921664e-06	1.0000000000000004e-05	1.0000000000000004e-05	1.0000000000000004e-05	1.0000000000000004e-05	1.0000000000000004e-05	1.0000000000000004e-05	1.0000000000000004e-05	1.0000000000000004e-05	1.0000000000000004e-05
1800	1.0000000000000004e-05	9.97294372294373e-06	9.840205627705632e-06	9.780465367965371e-06	9.850974025974028e-06	9.862987012987014e-06	9.8711038961039e-06	9.888474025974029e-06	9.937716450216455e-06	9.995129870129875e-06	9.997889610389619e-06	9.996969696969703e-06	9.99908008658009e-06	1.0000000000000004e-05	1.0000000000000004e-05	1.0000000000000004e-05	9.976244588744597e-06	9.91471861471862e-06	9.895183982683984e-06
1900	9.894084821428573e-06	9.95284598214286e-06	9.997377232142861e-06	1.0000000000000004e-05	1.0000000000000004e-05	1.0000000000000004e-05	1.0000000000000004e-05	1.0000000000000004e-05	1.0000000000000004e-05	1.0000000000000004e-05	1.0000000000000004e-05	1.0000000000000004e-05	1.0000000000000004e-05	1.0000000000000004e-05	1.0000000000000004e-05	1.0000000000000004e-05	1.0000000000000004e-05	9.977399553571433e-06	9.932756696428577e-06
2000	9.855541871921184e-06	9.93540640394089e-06	9.996736453201974e-06	1.0000000000000003e-05	9.961330049261086e-06	9.82610837438424e-06	9.797475369458132e-06	9.878694581280793e-06	9.94119458128079e-06	9.995197044334977e-06	9.990024630541873e-06	9.975862068965519e-06	9.985837438423647e-06	1.0000000000000003e-05	1.0000000000000003e-05	1.0000000000000003e-05	9.973645320197048e-06	9.910529556650248e-06	9.89378078817734e-06
2100	1.0000000000000003e-05	1.0000000000000003e-05	1.0000000000000003e-05	1.0000000000000003e-05	9.953392857142863e-06	9.820654761904767e-06	9.81845238095238e-06	9.886011904761909e-06	9.928154761904764e-06	9.962976190476196e-06	9.906309523809527e-06	9.930357142857146e-06	9.99369047619048e-06	1.0000000000000003e-05	1.0000000000000003e-05	1.0000000000000003e-05	1.0000000000000003e-05	9.962857142857148e-06	9.894404761904764e-06
2200	3.5470424107142868e-06	6.4180245535714286e-06	9.550055803571431e-06	9.99938616071429e-06	9.947767857142861e-06	9.819754464285717e-06	9.811997767857146e-06	9.872600446428574e-06	9.927734375000003e-06	9.970758928571433e-06	9.909654017857149e-06	9.924386160714291e-06	9.99034598214286e-06	1.0000000000000004e-05	1.0000000000000004e-05	1.0000000000000004e-05	1.0000000000000004e-05	9.964787946428578e-06	9.897823660714293e-06
2300	3.967020089285713e-06	7.236328125000001e-06	9.797935267857145e-06	9.999609375000005e-06	9.95463169642858e-06	9.828125000000003e-06	9.822377232142862e-06	9.893526785714291e-06	9.938616071428575e-06	9.960267857142863e-06	9.90290178571429e-06	9.92751116071429e-06	9.990513392857145e-06	9.952957589285717e-06	9.901339285714289e-06	9.94698660714286e-06	9.99899553571429e-06	9.95725446428572e-06	9.884709821428573e-06
2400	4.0894642857142854e-06	6.962916666666667e-06	9.67916666666667e-06	9.936369047619051e-06	9.892738095238101e-06	9.835595238095241e-06	9.809880952380955e-06	9.793750000000003e-06	9.849226190476193e-06	9.881607142857146e-06	9.812500000000001e-06	9.90214285714286e-06	9.994404761904762e-06	9.949285714285717e-06	9.900833333333335e-06	9.950714285714289e-06	9.996607142857146e-06	9.946488095238099e-06	9.863214285714288e-06
2500	1.4961038961038961e-06	3.273755411255412e-06	7.651731601731604e-06	9.888906926406932e-06	9.608982683982688e-06	7.359794372294374e-06	7.381277056277059e-06	9.610984848484853e-06	9.874025974025979e-06	9.90919913419914e-06	9.817045454545465e-06	9.851731601731607e-06	9.963474025974029e-06	9.989610389610398e-06	9.975000000000004e-06	9.980844155844162e-06	9.95449134199135e-06	9.913690476190482e-06	9.90054112554113e-06
2600	1.212916666666667e-06	2.8608928571428574e-06	7.6107142857142875e-06	9.911726190476192e-06	9.408333333333336e-06	7.009642857142859e-06	7.310654761904763e-06	9.655357142857148e-06	9.847797619047622e-06	8.438511904761906e-06	5.299166666666666e-06	6.731904761904764e-06	9.89464285714286e-06	9.990357142857147e-06	9.919761904761906e-06	9.898035714285717e-06	9.900238095238097e-06	9.873273809523813e-06	9.867261904761908e-06
2700	1.1711405529953916e-06	2.6076612903225807e-06	7.371658986175118e-06	9.91641705069125e-06	9.459792626728113e-06	6.664976958525346e-06	6.839285714285717e-06	9.583813364055303e-06	9.854320276497701e-06	8.390668202764981e-06	5.411578341013826e-06	6.91935483870968e-06	9.922695852534564e-06	9.991013824884798e-06	9.916417050691248e-06	9.899942396313368e-06	9.90616359447005e-06	9.848502304147467e-06	9.810311059907837e-06
2800	1.0000000000000004e-05	1.0000000000000004e-05	9.986774553571433e-06	9.909709821428575e-06	9.364229910714289e-06	7.137388392857145e-06	7.526116071428575e-06	9.70212053571429e-06	9.852790178571434e-06	8.567745535714291e-06	5.560435267857142e-06	6.869866071428571e-06	9.869921875000006e-06	9.894363839285718e-06	9.846205357142861e-06	9.909430803571432e-06	9.98415178571429e-06	9.992578125000006e-06	9.967466517857148e-06
2900	9.969334975369461e-06	9.993719211822661e-06	9.941071428571432e-06	9.820012315270937e-06	9.168288177339902e-06	6.311268472906407e-06	6.829064039408869e-06	7.1357758620689665e-06	6.859605911330052e-06	7.704679802955667e-06	5.346859605911329e-06	7.045751231527095e-06	9.83848522167488e-06	9.857881773399015e-06	9.808066502463057e-06	9.90073891625616e-06	9.984421182266013e-06	9.993596059113304e-06	9.96896551724138e-06
3000	9.992857142857148e-06	9.997983870967744e-06	9.940725806451619e-06	9.810138248847928e-06	9.501843317972354e-06	7.104665898617515e-06	7.245910138248851e-06	7.803974654377882e-06	7.538940092165902e-06	7.509274193548389e-06	4.536347926267283e-06	6.482258064516132e-06	9.921255760368668e-06	9.81503456221199e-06	9.679435483870973e-06	9.785253456221203e-06	9.94521889400922e-06	9.986923963133643e-06	9.94976958525346e-06
3100	9.89649014778325e-06	9.906219211822663e-06	9.912623152709363e-06	9.832573891625616e-06	9.308004926108376e-06	7.03448275862069e-06	7.4378078817734015e-06	7.513793103448279e-06	7.236083743842367e-06	7.858866995073892e-06	5.299076354679802e-06	6.908743842364535e-06	9.88589901477833e-06	9.808497536945818e-06	9.695443349753698e-06	9.788115763546801e-06	9.936699507389164e-06	9.989778325123155e-06	9.955972906403944e-06
3200	9.910714285714288e-06	9.911693548387099e-06	9.917338709677422e-06	9.825288018433186e-06	9.523502304147466e-06	7.80069124423963e-06	7.855472350230417e-06	8.273559907834103e-06	8.267050691244243e-06	8.163076036866361e-06	5.050806451612904e-06	6.531912442396316e-06	9.924827188940095e-06	9.828398617511525e-06	9.660311059907838e-06	9.68940092165899e-06	9.871831797235026e-06	9.994412442396318e-06	9.996255760368668e-06
3300	1.0000000000000003e-05	1.0000000000000003e-05	1.0000000000000003e-05	1.0000000000000003e-05	1.0000000000000003e-05	1.0000000000000003e-05	9.907976190476195e-06	8.332559523809527e-06	8.013869047619049e-06	8.142202380952382e-06	5.249464285714286e-06	6.641904761904764e-06	9.91904761904762e-06	9.825238095238099e-06	9.762678571428576e-06	9.874285714285715e-06	9.957857142857145e-06	9.99172619047619e-06	9.994047619047619e-06
3400	9.871250000000001e-06	9.951845238095239e-06	9.930654761904764e-06	9.892738095238094e-06	9.95934523809524e-06	1.0000000000000003e-05	9.931428571428577e-06	8.075833333333335e-06	7.817678571428573e-06	8.413988095238096e-06	5.845952380952382e-06	6.980178571428573e-06	9.832738095238098e-06	9.826845238095244e-06	9.842202380952385e-06	9.973035714285715e-06	9.995357142857148e-06	9.993452380952384e-06	9.997976190476193e-06
3500	9.756904761904761e-06	9.85761904761905e-06	9.928273809523813e-06	9.89666666666667e-06	9.934226190476192e-06	9.988988095238097e-06	9.904523809523812e-06	8.13291666666667e-06	7.842083333333334e-06	7.3355952380952366e-06	4.366011904761905e-06	6.576666666666668e-06	9.901428571428573e-06	9.825654761904768e-06	9.715833333333338e-06	9.779166666666673e-06	9.911309523809527e-06	9.99339285714286e-06	9.992142857142862e-06
3600	9.780990783410139e-06	9.864804147465443e-06	9.935080645161294e-06	9.901209677419357e-06	9.933525345622123e-06	9.998790322580649e-06	9.698502304147472e-06	7.0635368663594485e-06	6.863882488479264e-06	6.9332373271889395e-06	4.369412442396313e-06	6.851612903225809e-06	9.880069124423969e-06	9.814055299539175e-06	9.836520737327191e-06	9.985944700460832e-06	1.0000000000000004e-05	1.0000000000000004e-05	1.0000000000000004e-05
3700	9.774769585253458e-06	9.847638248847928e-06	9.900518433179726e-06	9.880069124423969e-06	9.88087557603687e-06	9.592281105990789e-06	9.481336405529958e-06	7.0917050691244265e-06	6.701440092165898e-06	6.905184331797236e-06	4.375403225806451e-06	6.819354838709681e-06	9.86993087557604e-06	9.8197004608295e-06	9.836751152073737e-06	9.980299539170512e-06	1.0000000000000004e-05	1.0000000000000004e-05	1.0000000000000004e-05
3800	9.750595238095241e-06	9.866829004329007e-06	9.937500000000003e-06	9.89821428571429e-06	9.941287878787882e-06	9.999621212121217e-06	9.80562770562771e-06	7.794751082251085e-06	7.564015151515151e-06	7.359902597402599e-06	4.3950757575757585e-06	6.493831168831172e-06	9.11542207792208e-06	5.116125541125545e-06	5.2685606060606055e-06	9.383874458874462e-06	9.999783549783554e-06	1.0000000000000004e-05	1.0000000000000004e-05
3900	9.772689075630254e-06	9.860976890756307e-06	9.92568277310925e-06	9.90115546218488e-06	9.945115546218495e-06	9.99952731092438e-06	9.849789915966394e-06	7.011239495798322e-06	6.518277310924372e-06	6.891701680672271e-06	4.284978991596638e-06	6.597006302521012e-06	8.856407563025217e-06	4.99511554621849e-06	5.467594537815128e-06	9.463550420168075e-06	9.911239495798326e-06	9.917857142857153e-06	9.988182773109254e-06
4000	9.735178571428578e-06	9.85791666666667e-06	9.929226190476194e-06	9.896011904761908e-06	9.942976190476192e-06	9.994702380952382e-06	9.452440476190478e-06	6.70077380952381e-06	5.295773809523809e-06	6.0975000000000005e-06	4.347738095238095e-06	6.216607142857144e-06	9.364761904761907e-06	5.138571428571431e-06	4.882857142857146e-06	9.168690476190478e-06	9.918988095238098e-06	9.929464285714288e-06	9.98744047619048e-06
4100	9.762946428571431e-06	9.864062500000005e-06	9.889732142857145e-06	9.803348214285718e-06	9.886774553571434e-06	9.997600446428575e-06	9.732142857142864e-06	6.723772321428575e-06	5.6845982142857155e-06	6.382589285714286e-06	4.017299107142858e-06	5.9873883928571455e-06	8.867912946428575e-06	5.3354910714285744e-06	5.463895089285716e-06	9.33604910714286e-06	9.948270089285718e-06	9.907589285714289e-06	9.950390625000002e-06
4200	9.748963133640554e-06	9.862442396313366e-06	9.885714285714289e-06	9.802188940092172e-06	9.863882488479269e-06	9.904262672811062e-06	9.820103686635947e-06	7.305817972350232e-06	5.376209677419356e-06	5.978686635944701e-06	3.916705069124424e-06	5.465898617511523e-06	8.901036866359449e-06	5.182661290322582e-06	4.9514400921659e-06	9.093317972350233e-06	9.952131336405534e-06	9.901555299539175e-06	9.936635944700466e-06
4300	9.777142857142861e-06	9.871190476190478e-06	9.64071428571429e-06	8.549761904761908e-06	8.83214285714286e-06	9.881726190476192e-06	9.735476190476195e-06	6.867083333333334e-06	5.338869047619047e-06	6.194166666666667e-06	4.033154761904762e-06	5.721011904761906e-06	8.644047619047622e-06	4.725892857142858e-06	4.83452380952381e-06	9.090178571428573e-06	9.89071428571429e-06	9.897440476190478e-06	9.943690476190482e-06
4400	9.757258064516132e-06	9.841417050691248e-06	7.636866359447007e-06	5.620218894009216e-06	7.899711981566823e-06	9.895506912442399e-06	9.758410138248852e-06	6.782488479262675e-06	5.458986175115206e-06	6.109447004608294e-06	3.724135944700461e-06	5.53807603686636e-06	8.387788018433184e-06	4.775230414746546e-06	5.082488479262674e-06	9.21209677419355e-06	9.885483870967744e-06	9.898963133640556e-06	9.938306451612908e-06
4500	9.762142857142856e-06	9.862738095238098e-06	9.918095238095241e-06	9.901071428571432e-06	9.858750000000004e-06	9.81404761904762e-06	8.580476190476193e-06	4.568809523809524e-06	4.316666666666667e-06	6.205297619047618e-06	4.355238095238095e-06	6.425833333333333e-06	8.881190476190478e-06	5.038630952380952e-06	5.2021428571428585e-06	9.125238095238099e-06	9.897380952380955e-06	9.902619047619048e-06	9.929345238095237e-06
4600	9.787436224489798e-06	9.871301020408165e-06	9.913775510204082e-06	9.89559948979592e-06	9.868494897959186e-06	9.821747448979597e-06	8.679336734693878e-06	4.107780612244898e-06	2.9326530612244906e-06	5.21811224489796e-06	4.352487244897959e-06	6.5557397959183694e-06	8.640497448979592e-06	5.223788265306123e-06	5.8371173469387755e-06	9.366645408163267e-06	9.882397959183676e-06	9.897831632653059e-06	9.93998724489796e-06
4700	1.0000000000000003e-05	1.0000000000000003e-05	1.0000000000000003e-05	1.0000000000000003e-05	1.0000000000000003e-05	9.960178571428574e-06	8.17011904761905e-06	3.3564880952380955e-06	2.3322619047619053e-06	5.2200000000000025e-06	4.35904761904762e-06	6.115238095238096e-06	8.808452380952381e-06	4.8974404761904755e-06	4.8306547619047615e-06	8.895833333333336e-06	9.898154761904764e-06	9.899642857142859e-06	9.934226190476195e-06
4800	1.0000000000000004e-05	9.994239631336414e-06	9.970334101382496e-06	9.970276497695858e-06	9.994182027649773e-06	9.96699308755761e-06	8.46566820276498e-06	3.784619815668203e-06	2.6663594470046087e-06	4.706451612903226e-06	3.3871543778801845e-06	5.546486175115208e-06	8.306221198156683e-06	4.6155529953917055e-06	5.045161290322582e-06	9.187730414746547e-06	9.883755760368668e-06	9.896947004608295e-06	9.936059907834106e-06
4900	9.756250000000005e-06	9.90100446428572e-06	9.893470982142862e-06	9.74274553571429e-06	9.837779017857145e-06	9.96356026785715e-06	8.434598214285714e-06	3.7333147321428576e-06	2.7606026785714292e-06	4.903125000000001e-06	3.677287946428572e-06	5.868917410714286e-06	7.5171316964285735e-06	3.674386160714286e-06	5.138671875000001e-06	9.382366071428578e-06	9.994587053571436e-06	9.996205357142865e-06	9.99899553571429e-06
5000	1.0000000000000003e-05	9.986190476190478e-06	9.920357142857146e-06	9.913809523809526e-06	9.97964285714286e-06	9.964821428571433e-06	9.04666666666667e-06	4.601845238095238e-06	2.988571428571428e-06	4.140000000000001e-06	2.719761904761904e-06	5.318809523809525e-06	7.573809523809527e-06	3.993392857142858e-06	5.204940476190477e-06	9.514404761904765e-06	9.95910714285715e-06	9.912619047619051e-06	9.932202380952385e-06
5100	1.0000000000000004e-05	9.969642857142862e-06	9.82209821428572e-06	9.830357142857149e-06	9.976953125000004e-06	9.94988839285715e-06	8.115290178571431e-06	3.4501116071428573e-06	2.596930803571429e-06	4.3875e-06	3.022823660714285e-06	5.462388392857146e-06	7.790234375e-06	3.678348214285716e-06	4.588392857142858e-06	9.184263392857145e-06	9.99977678571429e-06	1.0000000000000004e-05	1.0000000000000004e-05
5200	1.0000000000000004e-05	9.986160714285717e-06	9.917578125000004e-06	9.91383928571429e-06	9.975223214285717e-06	9.892187500000002e-06	8.55825892857143e-06	3.932812500000001e-06	2.7675781249999997e-06	4.39375e-06	2.940904017857143e-06	5.27700892857143e-06	5.737332589285716e-06	1.9861049107142865e-06	4.69693080357143e-06	9.211774553571431e-06	9.95172991071429e-06	9.902343750000003e-06	9.93649553571429e-06
5300	1.0000000000000003e-05	9.987916666666671e-06	9.92107142857143e-06	9.912083333333338e-06	9.970833333333338e-06	9.890297619047624e-06	8.563214285714286e-06	3.959702380952381e-06	7.513095238095237e-07	1.2599999999999998e-06	2.0346428571428567e-06	5.405714285714286e-06	5.445595238095239e-06	1.8179761904761912e-06	4.866845238095238e-06	9.319464285714287e-06	9.946726190476194e-06	9.901369047619049e-06	9.942380952380958e-06
5400	1.0000000000000004e-05	9.984101382488482e-06	9.910887096774195e-06	9.845679723502306e-06	9.886578341013827e-06	9.882258064516133e-06	8.736751152073734e-06	4.152476958525347e-06	7.90668202764977e-07	1.2193548387096772e-06	2.2691820276497695e-06	5.777534562211985e-06	6.74464285714286e-06	4.208064516129033e-06	6.391186635944701e-06	9.608986175115211e-06	9.944297235023044e-06	9.992050691244242e-06	9.990552995391707e-06
5500	1.0000000000000003e-05	9.967440476190481e-06	9.821428571428576e-06	9.766785714285717e-06	9.877202380952385e-06	7.92946428571429e-06	5.021011904761905e-06	2.339642857142857e-06	1.0045238095238094e-06	1.9833333333333335e-06	1.850714285714286e-06	1.9832142857142846e-06	1.7517857142857135e-06	7.267857142857142e-07	4.542857142857144e-06	9.119880952380955e-06	9.943809523809528e-06	9.996785714285718e-06	1.0000000000000003e-05
5600	1.0000000000000004e-05	9.96100230414747e-06	9.824135944700465e-06	9.769124423963138e-06	9.858179723502308e-06	8.487211981566822e-06	6.40385944700461e-06	3.085887096774194e-06	8.119815668202764e-07	1.7451612903225802e-06	1.6982718894009213e-06	2.8373271889400917e-06	4.239055299539169e-06	3.7915322580645168e-06	6.4352534562212016e-06	9.54735023041475e-06	9.924251152073737e-06	9.932661290322586e-06	9.942108294930878e-06
5700	1.0000000000000003e-05	9.977321428571433e-06	9.9039880952381e-06	9.891309523809528e-06	9.890535714285717e-06	9.823273809523808e-06	8.696607142857148e-06	4.194761904761905e-06	7.595833333333332e-07	1.2633333333333332e-06	1.5871428571428573e-06	4.412083333333334e-06	4.902142857142858e-06	1.58875e-06	4.566428571428572e-06	9.081071428571432e-06	9.816309523809526e-06	9.806547619047623e-06	9.903809523809528e-06
5800	1.0000000000000004e-05	1.0000000000000004e-05	1.0000000000000004e-05	1.0000000000000004e-05	9.99619815668203e-06	9.897292626728117e-06	8.355645161290325e-06	3.7220622119815673e-06	8.647465437788021e-07	1.5677419354838705e-06	1.5748271889400923e-06	4.128686635944701e-06	4.640841013824886e-06	1.6107718894009211e-06	4.760771889400923e-06	9.204262672811064e-06	7.87983870967742e-06	6.473329493087559e-06	8.502476958525351e-06
5900	9.960937500000007e-06	9.901227678571433e-06	9.939062500000002e-06	9.998772321428576e-06	9.981361607142865e-06	9.755189732142861e-06	8.454464285714288e-06	3.972935267857144e-06	7.631696428571429e-07	1.5218749999999997e-06	1.5791852678571426e-06	3.936328125000001e-06	4.8905691964285714e-06	2.0422433035714285e-06	4.871763392857145e-06	9.268805803571435e-06	8.245089285714286e-06	7.155133928571429e-06	8.850167410714287e-06
6000	9.990725806451617e-06	9.99648617511521e-06	1.0000000000000004e-05	9.980875576036871e-06	9.907834101382493e-06	9.659735023041476e-06	7.397580645161293e-06	2.8980990783410143e-06	2.33294930875576e-07	0.0	6.008064516129031e-07	4.298444700460829e-06	4.9927419354838725e-06	1.7896313364055297e-06	4.675288018433181e-06	9.114170506912442e-06	7.2469470046082966e-06	5.242050691244241e-06	7.865149769585258e-06
6100	1.0000000000000004e-05	1.0000000000000004e-05	1.0000000000000004e-05	1.0000000000000004e-05	9.998158482142862e-06	9.960323660714293e-06	8.211886160714287e-06	3.352176339285715e-06	1.4464285714285713e-07	1.6874999999999997e-07	6.147321428571429e-07	4.127566964285715e-06	5.108705357142859e-06	2.077399553571429e-06	4.855636160714286e-06	9.17896205357143e-06	7.799609375e-06	6.048214285714284e-06	8.107477678571428e-06
6200	1.0000000000000004e-05	1.0000000000000004e-05	1.0000000000000004e-05	1.0000000000000004e-05	9.997402597402606e-06	9.833279220779225e-06	8.263528138528142e-06	3.600054112554113e-06	1.7240259740259739e-07	0.0	6.261363636363637e-07	4.284740259740261e-06	5.131439393939396e-06	2.1022727272727264e-06	4.96417748917749e-06	9.268885281385281e-06	7.470779220779222e-06	5.8366883116883125e-06	8.235119047619048e-06
6300	9.90135467980296e-06	9.962869458128082e-06	9.999938423645324e-06	9.598953201970446e-06	5.794889162561575e-06	3.6059729064039416e-06	3.8398399014778315e-06	1.5295566502463053e-06	9.975369458128079e-08	0.0	6.621305418719211e-07	4.546182266009853e-06	5.127524630541873e-06	1.6643472906403939e-06	4.5581896551724145e-06	9.024507389162563e-06	7.2943965517241385e-06	5.295689655172414e-06	7.823830049261085e-06
6400	9.860937500000005e-06	9.94737723214286e-06	9.999944196428575e-06	9.771093750000005e-06	6.313504464285715e-06	3.4559151785714284e-06	3.185156249999999e-06	1.4042410714285712e-06	1.3258928571428568e-07	0.0	5.824218749999999e-07	4.488560267857144e-06	5.011328125000002e-06	1.5742745535714288e-06	4.535658482142858e-06	8.962332589285719e-06	7.427064732142861e-06	4.589006696428573e-06	5.994642857142858e-06
6500	9.854296875000002e-06	9.92198660714286e-06	9.974441964285719e-06	9.506919642857149e-06	5.9432477678571426e-06	4.095033482142856e-06	4.413448660714285e-06	1.931584821428571e-06	1.8080357142857142e-07	0.0	5.87611607142857e-07	4.2031808035714285e-06	5.003013392857142e-06	1.9643973214285713e-06	4.794531250000001e-06	9.101897321428573e-06	7.305803571428576e-06	5.104241071428572e-06	6.039341517857144e-06
6600	9.857979910714289e-06	9.947265625000004e-06	9.980803571428578e-06	9.567912946428574e-06	5.9234374999999974e-06	3.3366629464285726e-06	3.039955357142857e-06	1.1360491071428571e-06	9.642857142857142e-08	0.0	6.117187499999998e-07	4.4337053571428575e-06	4.975781250000001e-06	1.6435267857142858e-06	4.688783482142857e-06	9.093526785714292e-06	7.267466517857147e-06	4.820982142857142e-06	5.642745535714287e-06
6700	9.95446428571429e-06	9.90100446428572e-06	9.77555803571429e-06	6.711774553571431e-06	2.378459821428571e-06	3.4329241071428573e-06	4.468247767857143e-06	1.6483258928571426e-06	1.1450892857142856e-07	0.0	3.9174107142857136e-07	3.6794642857142864e-06	4.8645089285714296e-06	2.180970982142857e-06	4.872544642857145e-06	9.143526785714293e-06	7.631026785714287e-06	5.5922991071428556e-06	6.234877232142856e-06
6800	9.95964285714286e-06	9.914226190476194e-06	9.799523809523812e-06	7.044821428571432e-06	3.1810714285714292e-06	3.3394047619047616e-06	3.888690476190474e-06	1.745357142857142e-06	2.089285714285714e-07	0.0	6.304166666666666e-07	4.436785714285716e-06	4.786250000000002e-06	1.3838690476190477e-06	4.509761904761905e-06	9.00244047619048e-06	7.160476190476192e-06	3.872738095238096e-06	3.861904761904762e-06
6900	9.888571428571429e-06	9.881250000000001e-06	9.828214285714288e-06	6.694642857142858e-06	2.301309523809524e-06	2.7001190476190464e-06	3.3839880952380944e-06	1.3178571428571428e-06	1.382142857142857e-07	0.0	2.25e-08	1.0645833333333334e-06	1.9775e-06	1.460416666666666e-06	4.602857142857144e-06	8.967261904761907e-06	7.567976190476193e-06	4.671428571428572e-06	4.4035714285714285e-06
7000	9.788997695852539e-06	9.852131336405532e-06	9.700576036866363e-06	7.124251152073733e-06	3.023675115207373e-06	3.2539170506912442e-06	4.316244239631335e-06	1.881912442396313e-06	1.617511520737327e-07	0.0	0.0	9.240207373271888e-07	2.103225806451613e-06	1.281854838709677e-06	2.031451612903226e-06	6.42430875576037e-06	9.479838709677423e-06	9.805645161290324e-06	9.613940092165901e-06
7100	5.734523809523812e-06	8.712619047619046e-06	9.631726190476194e-06	6.331607142857142e-06	2.1095833333333334e-06	3.233809523809524e-06	4.151607142857144e-06	1.5074999999999998e-06	1.2535714285714283e-07	0.0	0.0	8.533928571428573e-07	1.81e-06	1.020892857142857e-06	1.8064285714285709e-06	6.1745833333333334e-06	9.404702380952382e-06	8.646250000000002e-06	6.888273809523809e-06
7200	8.964664502164507e-06	6.214231601731602e-06	6.973051948051952e-06	6.605194805194807e-06	2.3207792207792202e-06	2.5509740259740255e-06	3.6262987012987013e-06	1.6801948051948048e-06	1.198051948051948e-07	0.0	2.8436147186147176e-07	2.9132034632034627e-06	5.936850649350652e-06	6.3383116883116895e-06	6.195021645021644e-06	7.746049783549787e-06	9.567748917748922e-06	9.028030303030307e-06	7.1963744588744604e-06
7300	8.804520089285716e-06	7.1200892857142874e-06	7.82360491071429e-06	6.7874441964285735e-06	2.1151227678571427e-06	1.0215401785714285e-06	2.8235491071428564e-06	2.061160714285714e-06	1.4162946428571426e-07	0.0	2.1093749999999997e-08	1.303236607142857e-06	2.6882812499999997e-06	1.5447544642857135e-06	2.037053571428571e-06	6.328404017857145e-06	9.40641741071429e-06	8.152064732142863e-06	4.693470982142855e-06
7400	6.87247899159664e-06	6.2332457983193265e-06	7.576890756302524e-06	6.629726890756307e-06	1.913077731092437e-06	1.0351890756302517e-06	2.4957983193277304e-06	1.70735294117647e-06	1.9002100840336128e-07	0.0	4.53781512605042e-08	1.2100315126050418e-06	2.1928571428571427e-06	1.1388130252100838e-06	1.7243697478991596e-06	5.92746848739496e-06	9.283455882352948e-06	7.754674369747902e-06	3.7775735294117665e-06
7500	6.850773809523809e-06	6.066130952380953e-06	7.561726190476192e-06	6.840833333333334e-06	2.1274404761904766e-06	1.0446428571428568e-06	2.6774999999999985e-06	1.8867857142857135e-06	1.8642857142857142e-07	0.0	2.25e-08	1.1789285714285718e-06	2.3408333333333335e-06	1.2872619047619045e-06	1.6135714285714281e-06	5.934702380952382e-06	9.399761904761908e-06	8.072797619047623e-06	4.382738095238093e-06
7600	5.671428571428569e-06	5.5114285714285706e-06	7.194880952380953e-06	6.7632142857142876e-06	2.1217857142857146e-06	7.585714285714285e-07	2.3464285714285712e-06	1.8642857142857139e-06	1.671428571428571e-07	0.0	5.142857142857143e-08	1.2235119047619047e-06	2.3052380952380952e-06	1.2713690476190475e-06	3.3472619047619053e-06	8.140178571428574e-06	9.929404761904765e-06	9.998273809523814e-06	1.0000000000000003e-05
7700	5.13640552995392e-06	5.345276497695853e-06	7.525748847926268e-06	7.254032258064519e-06	2.5108870967741938e-06	1.157142857142857e-06	3.4900921658986174e-06	2.7217741935483867e-06	3.2661290322580636e-07	0.0	0.0	3.6082949308755753e-07	6.96774193548387e-07	5.474654377880184e-07	3.252822580645162e-06	7.93427419354839e-06	9.88911290322581e-06	9.996140552995397e-06	1.0000000000000004e-05
7800	5.747465437788016e-06	4.978629032258064e-06	5.571543778801843e-06	4.4819124423963134e-06	8.203341013824884e-07	8.896313364055299e-07	2.7870967741935465e-06	2.071658986175115e-06	1.7108294930875576e-07	0.0	0.0	0.0	0.0	1.4930875576036865e-07	2.563709677419355e-06	7.217281105990786e-06	9.800806451612906e-06	9.986347926267285e-06	9.956739631336406e-06
7900	7.240825123152711e-06	4.284667487684729e-06	5.006773399014779e-06	4.726847290640394e-06	6.339901477832511e-07	1.0573891625615764e-06	1.985098522167487e-06	9.90886699507389e-07	6.317733990147783e-08	0.0	0.0	0.0	0.0	0.0	9.927955665024632e-07	5.300800492610838e-06	9.304741379310346e-06	9.970012315270937e-06	9.905541871921183e-06
8000	6.768719211822661e-06	4.626477832512315e-06	4.483435960591134e-06	3.906219211822661e-06	8.124384236453202e-07	6.151477832512315e-07	1.9086206896551717e-06	1.4331280788177337e-06	1.3300492610837439e-07	0.0	0.0	4.754926108374383e-07	9.310344827586207e-07	5.752463054187192e-07	3.1385467980295575e-06	7.94747536945813e-06	9.926662561576356e-06	9.921059113300494e-06	9.79371921182266e-06
8100	7.417857142857143e-06	4.65396205357143e-06	3.3484933035714276e-06	2.717857142857143e-06	4.140625e-07	1.4162946428571426e-07	1.6874999999999997e-07	2.712053571428571e-08	0.0	0.0	0.0	3.4955357142857145e-07	6.749999999999999e-07	4.5803571428571433e-07	3.3331473214285723e-06	8.132477678571427e-06	9.865457589285719e-06	9.622879464285718e-06	9.106194196428573e-06
8200	6.996774193548388e-06	3.95581797235023e-06	1.8485599078341012e-06	1.7328341013824882e-06	4.579493087557603e-07	6.003456221198156e-07	6.96774193548387e-07	9.642857142857142e-08	0.0	0.0	0.0	0.0	0.0	9.642857142857142e-08	3.407603686635946e-06	8.248271889400923e-06	9.86923963133641e-06	9.809216589861754e-06	9.73018433179724e-06
8300	8.175518433179726e-06	4.12684331797235e-06	1.1895737327188938e-06	1.7419354838709674e-06	9.425115207373269e-07	3.141705069124424e-07	3.421658986175114e-07	3.421658986175115e-08	0.0	0.0	0.0	0.0	0.0	1.2442396313364054e-07	3.2730414746543784e-06	8.076555299539172e-06	9.868029953917057e-06	9.832315668202769e-06	9.753974654377884e-06
8400	8.791071428571431e-06	4.38807603686636e-06	9.985023041474652e-07	1.393548387096774e-06	9.26958525345622e-07	6.314516129032258e-07	6.812211981566819e-07	6.532258064516129e-08	0.0	0.0	0.0	0.0	0.0	1.6486175115207374e-07	3.215841013824885e-06	7.966762672811061e-06	9.849135944700463e-06	9.826094470046085e-06	9.763133640552995e-06
8500	8.905735930735934e-06	4.737500000000001e-06	1.0385822510822507e-06	6.545454545454545e-07	3.8279220779220785e-07	5.698051948051948e-07	6.545454545454545e-07	8.474025974025974e-08	0.0	0.0	0.0	0.0	0.0	4.6753246753246754e-08	2.6913961038961034e-06	7.572673160173161e-06	9.8387987012987e-06	9.791233766233769e-06	9.761417748917754e-06
8600	8.841820276497699e-06	4.4932603686635945e-06	8.785138248847924e-07	3.483870967741935e-07	4.354838709677419e-08	0.0	0.0	0.0	0.0	0.0	0.0	0.0	0.0	9.020737327188941e-08	3.1104838709677413e-06	7.898041474654379e-06	9.763709677419355e-06	9.772868663594473e-06	9.757315668202764e-06
8700	8.846774193548387e-06	4.350921658986176e-06	1.0358294930875578e-06	6.96774193548387e-07	9.020737327188941e-08	0.0	0.0	0.0	0.0	0.0	0.0	0.0	0.0	6.221198156682027e-08	3.085368663594471e-06	7.897523041474658e-06	9.765207373271894e-06	9.849942396313369e-06	9.959101382488482e-06
8800	6.931048387096775e-06	3.97713133640553e-06	6.376728110599077e-07	0.0	1.2442396313364054e-08	1.216244239631336e-06	1.3811059907834099e-06	1.773041474654378e-07	0.0	0.0	0.0	0.0	0.0	1.4308755760368665e-07	3.427880184331798e-06	8.169700460829492e-06	9.835599078341017e-06	9.948502304147468e-06	9.997811059907838e-06
8900	8.188950892857147e-06	4.321595982142858e-06	9.957031249999994e-07	5.032366071428571e-07	6.328125e-08	7.563616071428568e-07	8.347098214285712e-07	8.738839285714285e-08	0.0	0.0	0.0	0.0	0.0	6.328125e-08	3.0975446428571435e-06	7.909654017857146e-06	9.828515625000003e-06	9.952064732142861e-06	9.99893973214286e-06
9000	5.0532366071428585e-06	2.352455357142857e-06	3.917410714285715e-08	0.0	6.026785714285714e-09	4.4296875e-07	5.002232142857143e-07	6.328125e-08	0.0	0.0	0.0	0.0	0.0	9.040178571428571e-08	3.1122767857142866e-06	7.907700892857147e-06	9.830189732142861e-06	9.933928571428577e-06	9.986774553571433e-06
9100	3.792559523809525e-06	1.9333928571428574e-06	9.321428571428571e-08	0.0	0.0	0.0	0.0	0.0	0.0	0.0	0.0	0.0	0.0	1.0285714285714285e-07	3.000714285714286e-06	7.853452380952383e-06	9.936845238095242e-06	9.962797619047623e-06	9.9577380952381e-06
9200	5.873273809523809e-06	2.8863690476190473e-06	9.642857142857142e-08	0.0	0.0	0.0	0.0	0.0	0.0	0.0	0.0	0.0	0.0	9e-08	3.0654166666666653e-06	7.836011904761904e-06	9.815357142857145e-06	9.910238095238097e-06	9.866190476190478e-06
9300	4.035770089285714e-06	1.7564174107142856e-06	3.0133928571428574e-09	0.0	0.0	0.0	0.0	0.0	0.0	0.0	0.0	0.0	0.0	1.1450892857142856e-07	3.5852678571428584e-06	8.340792410714289e-06	9.82276785714286e-06	9.914732142857147e-06	9.906194196428577e-06
9400	4.23865207373272e-06	2.087960829493088e-06	4.976958525345622e-08	0.0	0.0	0.0	0.0	0.0	0.0	0.0	0.0	0.0	0.0	3.7327188940092163e-08	2.5387096774193548e-06	6.709504608294933e-06	9.090610599078344e-06	9.882200460829496e-06	9.999711981566823e-06
9500	4.634447004608296e-06	2.499308755760369e-06	2.2085253456221195e-07	0.0	0.0	0.0	0.0	0.0	0.0	0.0	0.0	0.0	0.0	6.221198156682027e-08	3.0849654377880193e-06	7.387154377880188e-06	9.232603686635948e-06	9.852419354838713e-06	9.935253456221203e-06
9600	3.4082031250000017e-06	1.5896763392857146e-06	9.040178571428572e-09	0.0	0.0	0.0	0.0	0.0	0.0	0.0	0.0	0.0	0.0	0.0	8.33482142857143e-07	4.713504464285715e-06	8.298046875000002e-06	9.39190848214286e-06	9.957142857142861e-06
9700	4.992511520737326e-06	2.3268433179723504e-06	1.8663594470046085e-08	0.0	0.0	0.0	0.0	0.0	0.0	0.0	0.0	0.0	0.0	0.0	1.5552995391705068e-07	2.2396313364055304e-06	6.548790322580646e-06	9.430472350230416e-06	9.962903225806455e-06
9800	3.0187788018433165e-06	1.5330645161290328e-06	8.398617511520738e-08	0.0	0.0	0.0	0.0	0.0	0.0	0.0	0.0	0.0	0.0	0.0	3.421658986175114e-07	2.227188940092166e-06	6.166820276497697e-06	9.256682027649774e-06	9.974884792626731e-06
9900	5.131105990783412e-06	2.595622119815669e-06	1.4308755760368665e-07	0.0	0.0	0.0	0.0	0.0	0.0	0.0	0.0	0.0	0.0	0.0	3.6705069124423953e-07	2.820967741935484e-06	6.979665898617512e-06	9.430414746543784e-06	9.80385944700461e-06
10000	3.0160714285714295e-06	1.4528225806451615e-06	9.331797235023043e-09	0.0	0.0	0.0	0.0	0.0	0.0	0.0	0.0	0.0	0.0	0.0	5.319124423963134e-07	2.650230414746544e-06	6.284735023041476e-06	9.089976958525348e-06	9.834274193548391e-06
