	site
generation	50	100	150	200	250	300	350	400	450	500	550	600	650	700	750	800	850	900	950
0	1.0000000000000003e-05	1.0000000000000003e-05	1.0000000000000003e-05	1.0000000000000003e-05	1.0000000000000003e-05	1.0000000000000003e-05	1.0000000000000003e-05	1.0000000000000003e-05	1.0000000000000003e-05	1.0000000000000003e-05	1.0000000000000003e-05	1.0000000000000003e-05	1.0000000000000003e-05	1.0000000000000003e-05	1.0000000000000003e-05	1.0000000000000003e-05	1.0000000000000003e-05	1.0000000000000003e-05	1.0000000000000003e-05
100	1.0000000000000004e-05	1.0000000000000004e-05	1.0000000000000004e-05	1.0000000000000004e-05	1.0000000000000004e-05	9.99976958525346e-06	9.996889400921664e-06	9.997004608294933e-06	9.99567972350231e-06	9.950864055299544e-06	9.926785714285719e-06	9.971716589861754e-06	9.99095622119816e-06	9.935887096774197e-06	9.931624423963137e-06	9.9866935483871e-06	1.0000000000000004e-05	1.0000000000000004e-05	1.0000000000000004e-05
200	1.0000000000000004e-05	1.0000000000000004e-05	9.9965367965368e-06	9.990909090909098e-06	9.994372294372298e-06	1.0000000000000004e-05	1.0000000000000004e-05	1.0000000000000004e-05	1.0000000000000004e-05	1.0000000000000004e-05	1.0000000000000004e-05	1.0000000000000004e-05	9.990530303030308e-06	9.928463203463208e-06	9.884036796536801e-06	9.8599025974026e-06	9.827326839826846e-06	9.902543290043295e-06	9.989015151515156e-06
300	9.869297235023046e-06	9.926958525345624e-06	9.979262672811066e-06	9.990725806451615e-06	1.0000000000000004e-05	1.0000000000000004e-05	1.0000000000000004e-05	1.0000000000000004e-05	1.0000000000000004e-05	1.0000000000000004e-05	1.0000000000000004e-05	9.997983870967744e-06	9.778513824884796e-06	9.294930875576038e-06	9.47361751152074e-06	9.87476958525346e-06	9.835195852534563e-06	9.849135944700462e-06	9.84884792626728e-06
400	9.889162561576357e-06	9.941810344827586e-06	9.994150246305422e-06	1.0000000000000003e-05	9.97309113300493e-06	9.907820197044338e-06	9.920751231527099e-06	9.975800492610842e-06	9.985467980295571e-06	9.995689655172415e-06	1.0000000000000003e-05	9.996982758620694e-06	9.930603448275864e-06	9.82130541871921e-06	9.836145320197042e-06	9.863238916256159e-06	9.840086206896555e-06	9.850800492610839e-06	9.839285714285717e-06
500	9.760714285714289e-06	9.896059113300495e-06	9.993288177339904e-06	9.973337438423652e-06	9.917672413793106e-06	9.883620689655175e-06	9.934482758620692e-06	9.994766009852221e-06	1.0000000000000003e-05	1.0000000000000003e-05	1.0000000000000003e-05	9.996736453201972e-06	9.927401477832516e-06	9.820566502463059e-06	9.872598522167491e-06	9.982697044334979e-06	1.0000000000000003e-05	1.0000000000000003e-05	1.0000000000000003e-05
600	9.780587557603692e-06	9.908928571428575e-06	9.995852534562216e-06	1.0000000000000004e-05	1.0000000000000004e-05	1.0000000000000004e-05	9.954953917050695e-06	6.9602534562212e-06	5.641820276497697e-06	8.636520737327192e-06	9.995737327188944e-06	9.984562211981573e-06	9.93099078341014e-06	9.882373271889404e-06	9.840725806451616e-06	9.795334101382492e-06	9.7543202764977e-06	9.822407834101387e-06	9.95138248847927e-06
700	9.964233193277318e-06	9.958718487394966e-06	9.981355042016814e-06	9.992384453781522e-06	9.988235294117657e-06	9.995850840336144e-06	9.99233193277312e-06	9.926575630252107e-06	9.8873949579832e-06	9.95110294117648e-06	9.95751050420169e-06	9.901943277310932e-06	9.876995798319334e-06	9.887289915966392e-06	9.843539915966389e-06	9.799527310924374e-06	9.790651260504204e-06	9.832457983193282e-06	9.942594537815136e-06
800	9.959885204081633e-06	9.976785714285715e-06	9.997767857142859e-06	9.990114795918367e-06	9.966900510204081e-06	9.970599489795917e-06	9.983673469387756e-06	9.462372448979591e-06	9.096237244897963e-06	9.622448979591837e-06	9.925382653061226e-06	9.802359693877555e-06	9.809885204081634e-06	9.855676020408167e-06	9.814285714285718e-06	9.802551020408167e-06	9.795408163265307e-06	9.83233418367347e-06	9.908418367346938e-06
900	9.75055803571429e-06	9.833761160714285e-06	9.87985491071429e-06	9.91462053571429e-06	9.98962053571429e-06	1.0000000000000004e-05	9.998158482142863e-06	9.943024553571435e-06	9.901841517857148e-06	9.955524553571432e-06	9.929687500000005e-06	9.795312500000003e-06	9.722879464285717e-06	9.748493303571429e-06	9.467633928571433e-06	8.795647321428576e-06	8.096651785714287e-06	8.83794642857143e-06	9.94793526785715e-06
1000	9.749880952380954e-06	9.817916666666668e-06	9.86791666666667e-06	9.91886904761905e-06	9.991011904761907e-06	1.0000000000000003e-05	9.996011904761907e-06	9.93321428571429e-06	9.869166666666667e-06	9.871547619047623e-06	9.866607142857147e-06	9.79559523809524e-06	9.806785714285718e-06	9.88190476190476e-06	8.330952380952383e-06	7.359702380952381e-06	8.933809523809525e-06	9.961369047619048e-06	1.0000000000000003e-05
1100	9.783649553571432e-06	9.83956473214286e-06	9.874330357142862e-06	9.914732142857147e-06	9.990290178571433e-06	1.0000000000000004e-05	9.992633928571436e-06	9.93381696428572e-06	9.871595982142863e-06	9.863950892857147e-06	9.857477678571432e-06	9.799553571428574e-06	9.799107142857146e-06	9.862444196428576e-06	8.800055803571434e-06	8.178013392857146e-06	9.26975446428572e-06	9.95284598214286e-06	1.0000000000000004e-05
1200	9.786520737327193e-06	9.841129032258068e-06	9.87505760368664e-06	9.914170506912446e-06	9.984274193548391e-06	1.0000000000000004e-05	9.998790322580647e-06	9.935656682027653e-06	9.873732718894014e-06	9.87286866359447e-06	9.853052995391709e-06	9.789516129032263e-06	9.809447004608296e-06	9.884331797235022e-06	8.265668202764977e-06	6.747407834101382e-06	8.392857142857144e-06	9.963767281105994e-06	1.0000000000000004e-05
1300	9.508140756302523e-06	9.761764705882357e-06	9.873949579831938e-06	9.919012605042025e-06	9.986186974789925e-06	1.000000000000001e-05	9.99658613445379e-06	9.929726890756309e-06	9.872531512605048e-06	9.875735294117654e-06	9.291806722689081e-06	8.67352941176471e-06	9.252258403361351e-06	9.817121848739497e-06	9.80404411764706e-06	9.823949579831935e-06	9.862447478991601e-06	9.959348739495807e-06	9.999737394957993e-06
1400	1.0000000000000003e-05	1.0000000000000003e-05	1.0000000000000003e-05	9.997261904761907e-06	9.932023809523813e-06	9.899404761904765e-06	9.92357142857143e-06	9.526250000000004e-06	9.390654761904766e-06	9.718690476190476e-06	9.809821428571432e-06	9.788214285714287e-06	9.609047619047623e-06	9.376369047619051e-06	9.55970238095238e-06	9.877142857142857e-06	9.947678571428575e-06	9.97666666666667e-06	9.987500000000002e-06
1500	1.0000000000000003e-05	1.0000000000000003e-05	1.0000000000000003e-05	9.996613300492613e-06	9.929741379310346e-06	9.901847290640397e-06	9.938238916256157e-06	9.849507389162564e-06	9.772844827586207e-06	9.811453201970445e-06	9.877524630541874e-06	9.755295566502467e-06	7.653448275862071e-06	6.995751231527094e-06	9.091748768472906e-06	9.90073891625616e-06	9.926108374384241e-06	9.978448275862072e-06	1.0000000000000003e-05
1600	9.975576036866363e-06	9.979953917050694e-06	9.985599078341017e-06	9.991129032258065e-06	9.929493087557609e-06	9.901152073732724e-06	9.947292626728114e-06	9.868375576036869e-06	9.797638248847929e-06	9.835253456221202e-06	9.864573732718895e-06	9.521313364055303e-06	5.949251152073734e-06	5.340034562211979e-06	8.90299539170507e-06	9.843202764976959e-06	9.882488479262676e-06	9.966013824884797e-06	1.0000000000000004e-05
1700	9.989843750000005e-06	9.995256696428572e-06	9.997042410714292e-06	9.993973214285723e-06	9.927343750000005e-06	9.903069196428576e-06	9.949107142857147e-06	9.854966517857148e-06	9.785602678571432e-06	9.833593750000003e-06	9.852399553571432e-06	9.624553571428578e-06	6.350948660714289e-06	4.30982142857143e-06	7.527008928571432e-06	9.582589285714291e-06	9.635993303571433e-06	9.922600446428576e-06	9.999553571428575e-06
1800	9.843694196428572e-06	9.928906250000005e-06	9.988337053571436e-06	9.980301339285723e-06	9.922935267857146e-06	9.901227678571433e-06	9.940736607142862e-06	8.645982142857144e-06	7.884542410714286e-06	9.095926339285716e-06	9.825334821428573e-06	9.701450892857145e-06	6.051395089285716e-06	4.917633928571428e-06	8.475334821428572e-06	9.568080357142863e-06	9.673214285714289e-06	9.955301339285717e-06	1.0000000000000004e-05
1900	9.739901477832516e-06	9.89458128078818e-06	9.988423645320198e-06	9.982327586206901e-06	9.917672413793103e-06	9.889716748768475e-06	9.915394088669952e-06	9.820566502463055e-06	9.746982758620691e-06	9.743780788177342e-06	9.813854679802958e-06	9.951354679802958e-06	1.0000000000000003e-05	9.998891625615767e-06	9.956834975369463e-06	9.866564039408871e-06	9.889224137931039e-06	9.964655172413797e-06	9.965578817733994e-06
2000	9.78850446428572e-06	9.810937500000004e-06	9.865178571428575e-06	9.915234375000003e-06	9.98565848214286e-06	9.978292410714291e-06	9.78805803571429e-06	9.587779017857143e-06	9.699832589285715e-06	9.855022321428575e-06	9.924944196428576e-06	9.991406250000004e-06	1.0000000000000004e-05	9.998716517857147e-06	9.938169642857149e-06	9.828850446428572e-06	9.854352678571432e-06	9.917801339285716e-06	9.902622767857143e-06
2100	5.812779017857144e-06	7.929743303571432e-06	9.87087053571429e-06	9.98493303571429e-06	9.899944196428575e-06	9.82912946428572e-06	9.854687500000005e-06	9.813504464285719e-06	9.741183035714291e-06	9.722042410714288e-06	9.794810267857146e-06	9.941015625000002e-06	9.988113839285719e-06	9.929799107142864e-06	9.93376116071429e-06	9.992075892857145e-06	1.0000000000000004e-05	1.0000000000000004e-05	1.0000000000000004e-05
2200	1.0000000000000003e-05	1.0000000000000003e-05	1.0000000000000003e-05	9.98994047619048e-06	9.911428571428573e-06	9.834523809523813e-06	9.849940476190478e-06	9.815000000000003e-06	9.747083333333334e-06	9.718750000000002e-06	9.791607142857145e-06	9.941785714285716e-06	9.989761904761909e-06	9.91702380952381e-06	9.910178571428574e-06	9.982976190476194e-06	1.0000000000000003e-05	9.953809523809529e-06	9.867500000000002e-06
2300	9.998437500000005e-06	9.996875000000008e-06	9.998437500000003e-06	9.983482142857149e-06	9.90167410714286e-06	9.834430803571433e-06	9.866685267857146e-06	9.817968750000004e-06	9.73604910714286e-06	9.721428571428573e-06	9.795703125000006e-06	9.94268973214286e-06	9.99776785714286e-06	9.95993303571429e-06	9.945870535714294e-06	9.983816964285717e-06	9.999553571428577e-06	9.952678571428576e-06	9.86383928571429e-06
2400	9.998341836734695e-06	9.996428571428572e-06	9.99808673469388e-06	9.987882653061225e-06	9.86211734693878e-06	9.735905612244899e-06	9.796237244897963e-06	9.670025510204081e-06	9.551020408163265e-06	9.669579081632652e-06	9.794323979591838e-06	9.940178571428572e-06	9.989094387755101e-06	9.921556122448985e-06	9.917920918367348e-06	9.98558673469388e-06	9.996109693877551e-06	9.98348214285714e-06	9.974617346938774e-06
2500	1.000000000000001e-05	1.000000000000001e-05	1.000000000000001e-05	9.989233193277319e-06	9.707615546218492e-06	9.423371848739498e-06	9.639758403361347e-06	9.585136554621854e-06	7.977678571428575e-06	7.50031512605042e-06	9.119117647058828e-06	9.946060924369757e-06	9.999947478991606e-06	9.986292016806732e-06	9.854464285714291e-06	9.825472689075639e-06	9.957300420168077e-06	9.955567226890765e-06	9.874159663865551e-06
2600	1.0000000000000003e-05	1.0000000000000003e-05	1.0000000000000003e-05	9.986206896551727e-06	9.859174876847293e-06	9.731896551724143e-06	9.802647783251233e-06	9.694581280788178e-06	8.452955665024636e-06	7.91539408866995e-06	9.154187192118229e-06	9.940886699507392e-06	1.0000000000000003e-05	9.983435960591137e-06	9.833189655172418e-06	9.81656403940887e-06	9.964963054187195e-06	9.996551724137932e-06	9.998399014778327e-06
2700	1.000000000000001e-05	1.000000000000001e-05	1.000000000000001e-05	9.948004201680682e-06	8.850315126050425e-06	8.241806722689077e-06	9.137657563025214e-06	9.307720588235299e-06	8.166649159663867e-06	8.1125e-06	9.407142857142861e-06	9.95173319327732e-06	1.000000000000001e-05	9.98550420168068e-06	9.878781512605047e-06	9.855672268907571e-06	9.962394957983203e-06	1.000000000000001e-05	1.000000000000001e-05
2800	1.0000000000000003e-05	1.0000000000000003e-05	1.0000000000000003e-05	9.940416666666669e-06	9.466785714285716e-06	9.323333333333334e-06	9.747202380952385e-06	9.705476190476195e-06	8.54589285714286e-06	8.140892857142858e-06	9.296785714285716e-06	9.946547619047621e-06	1.0000000000000003e-05	9.980773809523812e-06	9.872321428571432e-06	9.859226190476193e-06	9.967678571428573e-06	9.973750000000003e-06	9.929107142857142e-06
2900	1.0000000000000004e-05	9.995926339285718e-06	9.987890625000005e-06	9.984430803571435e-06	9.921372767857149e-06	9.816796875000006e-06	9.82594866071429e-06	8.81266741071429e-06	5.613950892857143e-06	6.083147321428572e-06	9.288392857142862e-06	9.944531250000003e-06	9.999944196428575e-06	1.0000000000000004e-05	1.0000000000000004e-05	1.0000000000000004e-05	1.0000000000000004e-05	1.0000000000000004e-05	1.0000000000000004e-05
3000	9.966350446428576e-06	9.936383928571433e-06	9.891741071428575e-06	9.87751116071429e-06	9.808593750000004e-06	9.786718750000002e-06	9.842968750000002e-06	9.726841517857149e-06	8.747154017857148e-06	8.205357142857148e-06	9.206808035714292e-06	9.94190848214286e-06	9.999944196428575e-06	9.987165178571434e-06	9.867968750000004e-06	9.84408482142858e-06	9.963281250000005e-06	9.973772321428577e-06	9.909598214285719e-06
3100	1.0000000000000003e-05	9.999137931034487e-06	9.993780788177345e-06	9.952339901477836e-06	9.825431034482763e-06	9.787807881773401e-06	9.860283251231527e-06	9.638485221674878e-06	8.220689655172416e-06	7.784975369458129e-06	9.209359605911332e-06	9.934482758620694e-06	9.983559113300494e-06	9.993288177339902e-06	9.967857142857149e-06	9.957758620689658e-06	9.987315270935963e-06	9.990024630541878e-06	9.962315270935964e-06
3200	9.85915178571429e-06	9.920535714285722e-06	9.903404017857147e-06	9.154352678571433e-06	6.159988839285716e-06	6.724888392857143e-06	9.721372767857147e-06	9.694810267857146e-06	8.245758928571432e-06	7.459263392857142e-06	8.859877232142862e-06	9.828738839285718e-06	9.90329241071429e-06	9.942578125000003e-06	9.835491071428574e-06	9.809486607142862e-06	9.939341517857147e-06	9.925502232142863e-06	9.831584821428577e-06
3300	9.85472350230415e-06	9.919470046082953e-06	9.90529953917051e-06	9.288076036866363e-06	6.387096774193548e-06	6.752131336405531e-06	9.617223502304154e-06	9.605241935483873e-06	8.211808755760373e-06	7.729493087557605e-06	9.16993087557604e-06	9.886520737327192e-06	9.90201612903226e-06	9.942281105990785e-06	9.839746543778807e-06	9.814170506912447e-06	9.947983870967744e-06	9.623905529953924e-06	9.008294930875579e-06
3400	1.0000000000000004e-05	9.973325892857147e-06	9.904241071428577e-06	9.216908482142861e-06	6.0206473214285746e-06	6.430859375e-06	9.59079241071429e-06	9.517187500000003e-06	7.667410714285716e-06	7.060770089285715e-06	8.955691964285717e-06	9.886607142857148e-06	9.901841517857148e-06	9.925781250000006e-06	9.878292410714287e-06	9.836272321428574e-06	9.911718750000003e-06	9.913392857142859e-06	9.860714285714288e-06
3500	1.0000000000000004e-05	9.971819196428576e-06	9.872656250000003e-06	9.37109375e-06	6.6038504464285746e-06	6.524330357142857e-06	9.150613839285715e-06	9.484933035714285e-06	8.697879464285717e-06	8.454129464285716e-06	9.418861607142861e-06	9.873772321428575e-06	9.906138392857148e-06	9.878069196428577e-06	6.527566964285715e-06	4.889508928571429e-06	8.241183035714289e-06	9.916741071428579e-06	9.817299107142865e-06
3600	1.0000000000000003e-05	9.051785714285718e-06	5.704583333333334e-06	5.590238095238095e-06	6.355059523809524e-06	7.24136904761905e-06	9.710773809523812e-06	9.83434523809524e-06	9.150059523809525e-06	8.618571428571432e-06	9.359523809523815e-06	9.943690476190478e-06	1.0000000000000003e-05	9.962202380952383e-06	9.85369047619048e-06	9.482083333333339e-06	9.399464285714286e-06	9.748511904761907e-06	9.82059523809524e-06
3700	1.0000000000000003e-05	8.745297619047623e-06	5.2444047619047616e-06	5.595833333333334e-06	5.27154761904762e-06	5.791607142857144e-06	9.501488095238097e-06	9.826726190476195e-06	8.86184523809524e-06	8.084464285714288e-06	9.110714285714288e-06	9.94607142857143e-06	1.0000000000000003e-05	9.985595238095242e-06	9.57178571428572e-06	9.20434523809524e-06	9.592023809523811e-06	7.914107142857141e-06	4.553333333333334e-06
3800	1.0000000000000004e-05	9.073381696428578e-06	5.815401785714288e-06	5.8377790178571455e-06	6.3377232142857136e-06	6.945145089285714e-06	9.593359375000002e-06	9.825837053571432e-06	9.238616071428574e-06	8.855245535714288e-06	9.499330357142863e-06	9.94698660714286e-06	9.999944196428575e-06	9.986272321428576e-06	9.152343750000004e-06	8.40859375e-06	9.20217633928572e-06	8.279687500000004e-06	4.846261160714287e-06
3900	9.91889400921659e-06	9.451728110599082e-06	7.735195852534565e-06	7.72966589861751e-06	8.232258064516127e-06	8.430933179723506e-06	9.58018433179724e-06	9.871025345622124e-06	9.435195852534567e-06	9.053801843317973e-06	9.551324884792631e-06	9.937730414746545e-06	9.956278801843319e-06	9.975518433179724e-06	9.466071428571429e-06	8.99493087557604e-06	9.48087557603687e-06	7.754550691244244e-06	3.4167626728110588e-06
4000	9.862154377880186e-06	8.970622119815672e-06	5.587269585253455e-06	5.423271889400923e-06	6.024251152073733e-06	6.9792050691244254e-06	9.713594470046085e-06	9.458582949308757e-06	7.4746543778801864e-06	7.044642857142858e-06	9.089400921658989e-06	9.949827188940096e-06	9.996313364055306e-06	9.77448156682028e-06	8.061635944700464e-06	7.442569124423966e-06	9.124251152073737e-06	7.7278801843318e-06	3.5403225806451625e-06
4100	9.863528138528144e-06	8.674621212121215e-06	5.105248917748918e-06	5.315259740259742e-06	5.935389610389609e-06	6.745346320346323e-06	9.634523809523813e-06	8.901677489177492e-06	4.615313852813853e-06	1.6091450216450216e-06	5.390909090909092e-06	9.377326839826842e-06	9.997132034632042e-06	9.600324675324677e-06	7.552543290043292e-06	7.283982683982685e-06	9.297240259740265e-06	7.807575757575763e-06	3.878517316017317e-06
4200	1.0000000000000004e-05	8.704032258064518e-06	5.0785714285714305e-06	6.152764976958528e-06	9.635714285714291e-06	8.761923963133642e-06	8.700979262672812e-06	8.80028801843318e-06	4.716993087557604e-06	1.928110599078341e-06	5.729032258064517e-06	9.514170506912445e-06	1.0000000000000004e-05	1.0000000000000004e-05	1.0000000000000004e-05	1.0000000000000004e-05	1.0000000000000004e-05	1.0000000000000004e-05	1.0000000000000004e-05
4300	1.0000000000000004e-05	8.63766233766234e-06	5.088203463203464e-06	6.195995670995674e-06	9.544101731601735e-06	8.468181818181822e-06	8.483928571428576e-06	8.96693722943723e-06	4.853463203463204e-06	2.017316017316017e-06	5.81818181818182e-06	9.501515151515151e-06	9.996212121212126e-06	9.994209956709964e-06	9.997727272727277e-06	1.0000000000000004e-05	1.0000000000000004e-05	1.0000000000000004e-05	1.0000000000000004e-05
4400	1.0000000000000003e-05	8.859761904761908e-06	5.96607142857143e-06	6.878273809523811e-06	9.610178571428573e-06	9.027678571428574e-06	8.991904761904759e-06	8.93416666666667e-06	4.918511904761906e-06	1.994940476190476e-06	5.703333333333335e-06	9.495178571428574e-06	1.0000000000000003e-05	1.0000000000000003e-05	1.0000000000000003e-05	9.9889880952381e-06	9.936130952380957e-06	9.934345238095241e-06	9.987202380952382e-06
4500	9.99598214285715e-06	8.653571428571431e-06	4.87427455357143e-06	5.933258928571429e-06	9.465178571428574e-06	7.779185267857147e-06	7.802901785714286e-06	8.675725446428575e-06	4.673270089285716e-06	2.408872767857142e-06	6.290680803571433e-06	9.65440848214286e-06	9.999944196428575e-06	1.0000000000000004e-05	1.0000000000000004e-05	1.0000000000000004e-05	1.0000000000000004e-05	1.0000000000000004e-05	1.0000000000000004e-05
4600	1.0000000000000003e-05	1.0000000000000003e-05	9.985357142857145e-06	9.872559523809527e-06	9.34619047619048e-06	5.2506547619047626e-06	4.67077380952381e-06	5.5359523809523815e-06	1.7597023809523812e-06	1.4948214285714282e-06	5.814702380952381e-06	9.417678571428573e-06	9.979464285714293e-06	9.981666666666671e-06	9.997142857142861e-06	9.99910714285715e-06	9.97833333333334e-06	9.974226190476196e-06	9.995000000000003e-06
4700	1.0000000000000004e-05	1.0000000000000004e-05	9.98739177489178e-06	9.861309523809528e-06	9.471753246753252e-06	5.516883116883117e-06	3.471428571428572e-06	4.614339826839829e-06	2.251893939393939e-06	1.6093073593073591e-06	5.984307359307359e-06	9.52662337662338e-06	9.902002164502169e-06	9.938203463203466e-06	9.997889610389614e-06	1.0000000000000004e-05	9.998647186147192e-06	9.995887445887454e-06	9.994534632034639e-06
4800	1.0000000000000004e-05	1.0000000000000004e-05	9.99170506912443e-06	9.865841013824887e-06	9.340552995391707e-06	5.5707949308755755e-06	4.647292626728111e-06	5.708640552995392e-06	2.168836405529954e-06	1.05028801843318e-06	5.6158986175115235e-06	9.523271889400923e-06	9.901382488479265e-06	9.945679723502307e-06	9.998847926267286e-06	1.0000000000000004e-05	9.99216589861752e-06	9.96100230414747e-06	9.942914746543783e-06
4900	1.0000000000000004e-05	1.0000000000000004e-05	9.974078341013831e-06	9.480357142857147e-06	8.78922811059908e-06	5.109216589861751e-06	4.51849078341014e-06	5.683928571428574e-06	2.0601382488479264e-06	1.4017281105990786e-06	5.890034562211981e-06	9.525288018433184e-06	9.912096774193552e-06	9.941417050691247e-06	9.992396313364057e-06	9.987384792626733e-06	9.971198156682032e-06	9.913076036866366e-06	9.885771889400924e-06
5000	9.98715437788019e-06	9.980875576036873e-06	9.97874423963134e-06	9.859101382488484e-06	9.529089861751156e-06	5.634619815668205e-06	4.476324884792627e-06	5.661923963133641e-06	2.3582949308755767e-06	1.3815092165898617e-06	5.749481566820279e-06	9.527995391705073e-06	9.853859447004611e-06	9.844700460829495e-06	9.948790322580646e-06	9.990149769585257e-06	9.972580645161296e-06	9.914458525345626e-06	9.897811059907837e-06
5100	1.0000000000000004e-05	1.0000000000000004e-05	9.987220982142859e-06	9.86707589285715e-06	9.326395089285718e-06	5.351674107142858e-06	4.523716517857144e-06	5.590736607142859e-06	1.975167410714286e-06	1.156529017857143e-06	5.63091517857143e-06	9.345089285714289e-06	8.96796875e-06	8.959542410714288e-06	9.812611607142862e-06	9.90513392857143e-06	9.879408482142862e-06	9.824944196428575e-06	9.841517857142864e-06
5200	1.0000000000000004e-05	1.0000000000000004e-05	9.98950216450217e-06	9.322835497835503e-06	7.731709956709959e-06	4.313041125541127e-06	4.727867965367966e-06	5.918019480519481e-06	2.169101731601731e-06	1.221482683982684e-06	5.644967532467534e-06	9.298701298701302e-06	7.699621212121215e-06	6.020183982683984e-06	8.029761904761907e-06	9.635335497835503e-06	8.478030303030307e-06	6.5341450216450245e-06	6.984199134199137e-06
5300	1.0000000000000004e-05	1.0000000000000004e-05	1.0000000000000004e-05	9.987154377880187e-06	9.45276497695853e-06	5.56054147465438e-06	4.657085253456222e-06	5.854953917050694e-06	2.364343317972351e-06	1.208410138248848e-06	5.741762672811063e-06	9.453225806451619e-06	7.679781105990785e-06	5.918375576036867e-06	7.607315668202767e-06	8.051094470046086e-06	7.288997695852537e-06	6.47546082949309e-06	7.175691244239635e-06
5400	9.977770935960596e-06	9.984236453201975e-06	9.968657635467982e-06	9.964162561576359e-06	9.5573275862069e-06	5.385406403940888e-06	4.2467980295566515e-06	5.0481527093596075e-06	1.6858374384236453e-06	1.4090517241379308e-06	5.923891625615764e-06	9.392179802955666e-06	6.863546798029556e-06	2.4982758620689656e-06	2.49051724137931e-06	6.200800492610836e-06	7.591440886699506e-06	6.781958128078819e-06	8.284544334975371e-06
5500	1.0000000000000004e-05	9.988058035714292e-06	9.907756696428573e-06	9.369754464285715e-06	7.843136160714288e-06	4.294084821428572e-06	4.5595424107142856e-06	5.828683035714288e-06	2.236439732142857e-06	1.2309151785714287e-06	5.721763392857146e-06	9.45206473214286e-06	7.518973214285719e-06	3.262890625000001e-06	2.389620535714285e-06	5.670703125e-06	8.89190848214286e-06	9.905691964285717e-06	9.889062500000004e-06
5600	9.869252232142858e-06	9.80786830357143e-06	9.88404017857143e-06	9.876841517857149e-06	8.948381696428572e-06	4.75859375e-06	3.072433035714285e-06	4.05625e-06	1.691964285714286e-06	1.0155133928571426e-06	4.9252790178571445e-06	8.80401785714286e-06	9.832868303571432e-06	9.93063616071429e-06	9.858928571428577e-06	9.577176339285718e-06	9.673549107142862e-06	9.963281250000002e-06	1.0000000000000004e-05
5700	9.860535714285717e-06	9.81011904761905e-06	9.890833333333337e-06	9.893988095238099e-06	9.335952380952382e-06	4.975e-06	3.268214285714286e-06	4.426190476190477e-06	1.7847619047619046e-06	1.2278571428571428e-06	5.086607142857144e-06	8.81291666666667e-06	9.821547619047624e-06	9.929583333333336e-06	9.817976190476193e-06	9.387500000000001e-06	9.510654761904765e-06	9.88291666666667e-06	9.876726190476193e-06
5800	1.0000000000000003e-05	1.0000000000000003e-05	9.93386904761905e-06	9.801250000000004e-06	9.169464285714288e-06	5.022083333333334e-06	2.2685714285714278e-06	3.1726190476190478e-06	1.6947619047619046e-06	7.649999999999999e-07	4.59e-06	8.615952380952384e-06	9.641130952380956e-06	9.913809523809526e-06	9.590714285714289e-06	7.980178571428572e-06	8.311488095238098e-06	9.918809523809527e-06	9.965892857142862e-06
5900	1.0000000000000004e-05	1.0000000000000004e-05	9.947042410714294e-06	9.805189732142862e-06	7.846372767857147e-06	3.0665736607142865e-06	2.380580357142857e-06	4.188616071428572e-06	2.0822544642857147e-06	1.0878348214285713e-06	4.613727678571429e-06	8.346763392857145e-06	9.543750000000003e-06	9.879073660714289e-06	9.528069196428575e-06	8.745089285714286e-06	9.145703125000004e-06	9.960881696428574e-06	9.978571428571434e-06
6000	9.985822510822513e-06	9.98501082251083e-06	9.697240259740265e-06	8.800649350649357e-06	6.051893939393944e-06	2.04215367965368e-06	1.7912337662337665e-06	3.2727272727272725e-06	1.5662337662337663e-06	7.415584415584416e-07	4.14615800865801e-06	8.06737012987013e-06	9.44015151515152e-06	8.87429653679654e-06	8.377435064935067e-06	8.938636363636367e-06	9.627164502164507e-06	9.95708874458875e-06	9.952867965367967e-06
6100	1.0000000000000004e-05	1.0000000000000004e-05	9.945679723502307e-06	9.775345622119819e-06	7.932085253456224e-06	3.80852534562212e-06	7.0610599078341e-07	1.0887096774193546e-07	1.7419354838709676e-07	1.0033986175115208e-06	5.53225806451613e-06	9.565610599078346e-06	9.154953917050694e-06	4.976728110599079e-06	1.944124423963133e-06	4.657258064516129e-06	8.500921658986177e-06	9.958928571428576e-06	9.883698156682026e-06
6200	9.999441964285717e-06	9.99642857142858e-06	9.937165178571436e-06	8.971037946428574e-06	5.130691964285717e-06	1.313783482142857e-06	5.574776785714286e-07	5.0625e-07	1.6272321428571427e-07	8.328124999999999e-07	5.195870535714286e-06	9.337779017857147e-06	8.96886160714286e-06	4.677734375e-06	2.7382812499999992e-06	6.1122767857142875e-06	9.05011160714286e-06	9.966796875000003e-06	9.915680803571432e-06
6300	1.0000000000000004e-05	9.995256696428577e-06	9.151674107142862e-06	6.415736607142859e-06	3.0502232142857133e-06	1.0952566964285713e-06	5.635044642857144e-07	6.087053571428572e-07	4.1584821428571437e-07	1.3498883928571427e-06	5.906250000000002e-06	9.600111607142862e-06	9.19575892857143e-06	5.078794642857144e-06	1.835491071428571e-06	4.233091517857143e-06	8.237500000000002e-06	9.943415178571431e-06	9.894252232142857e-06
6400	1.0000000000000003e-05	9.997678571428574e-06	8.781785714285715e-06	5.743452380952379e-06	2.906785714285714e-06	1.0888690476190474e-06	4.0178571428571434e-07	3.5999999999999994e-07	9.964285714285715e-08	9.70357142857143e-07	5.28672619047619e-06	9.290714285714287e-06	8.94196428571429e-06	4.965714285714286e-06	4.124047619047619e-06	6.87220238095238e-06	8.657261904761906e-06	9.889940476190482e-06	9.93726190476191e-06
6500	1.0000000000000004e-05	9.988191244239637e-06	7.404493087557609e-06	4.117223502304147e-06	3.18847926267281e-06	2.1687788018433174e-06	8.274193548387095e-07	3.452764976958525e-07	2.0218894009216587e-07	7.19815668202765e-07	5.232373271889401e-06	9.493260368663597e-06	9.433813364055303e-06	6.1668778801843334e-06	3.2343894009216587e-06	4.090610599078341e-06	7.518778801843321e-06	9.924827188940098e-06	9.906682027649773e-06
6600	9.991647465437794e-06	9.207949308755764e-06	5.5502880184331815e-06	1.3339861751152075e-06	5.661290322580645e-07	1.0451612903225806e-06	1.0078341013824888e-06	6.96774193548387e-07	1.6797235023041474e-07	1.0736175115207375e-06	5.418260368663596e-06	9.304608294930876e-06	8.559504608294933e-06	4.14700460829493e-06	1.4899769585253453e-06	2.1891129032258065e-06	6.016129032258067e-06	9.769527649769588e-06	1.0000000000000004e-05
6700	9.989170506912448e-06	9.40812211981567e-06	5.578571428571429e-06	1.1596198156682026e-06	5.879032258064517e-07	1.0451612903225806e-06	7.216589861751153e-07	3.483870967741935e-07	8.398617511520737e-08	1.0537442396313365e-06	5.57701612903226e-06	9.493029953917053e-06	9.06054147465438e-06	4.772004608294932e-06	1.3624423963133638e-06	3.129608294930876e-06	7.416129032258067e-06	9.967741935483877e-06	1.0000000000000004e-05
6800	9.989006696428577e-06	9.14587053571429e-06	5.082868303571429e-06	9.260044642857142e-07	0.0	0.0	1.49765625e-06	2.6999999999999996e-06	1.2023437499999998e-06	9.383928571428571e-07	4.920256696428572e-06	8.909040178571432e-06	9.926618303571433e-06	9.999441964285717e-06	1.0000000000000004e-05	1.0000000000000004e-05	1.0000000000000004e-05	9.961607142857147e-06	9.89185267857143e-06
6900	9.831797235023043e-06	9.219873271889405e-06	5.603341013824885e-06	1.3045506912442393e-06	0.0	0.0	1.5273041474654375e-06	2.9550691244239634e-06	1.4339861751152072e-06	8.86520737327189e-07	4.725518433179724e-06	8.777822580645164e-06	9.932546082949312e-06	9.999942396313369e-06	9.997868663594475e-06	9.981509216589866e-06	9.97955069124424e-06	9.952880184331802e-06	9.882085253456226e-06
7000	9.831912442396316e-06	9.251094470046083e-06	5.619873271889403e-06	1.52016129032258e-06	3.546082949308756e-07	1.2442396313364054e-07	1.6672811059907838e-06	3.132373271889402e-06	1.4682027649769587e-06	1.112442396313364e-06	5.239343317972351e-06	9.018260368663596e-06	9.48001152073733e-06	9.107891705069126e-06	9.032258064516131e-06	9.294354838709679e-06	9.777419354838713e-06	9.959389400921665e-06	9.89107142857143e-06
7100	1.0000000000000004e-05	9.98600230414747e-06	8.24251152073733e-06	4.930011520737328e-06	2.6844470046082937e-06	1.3033410138248846e-06	2.9239631336405525e-07	0.0	0.0	1.0693548387096776e-06	5.41376728110599e-06	8.910483870967744e-06	6.244297235023042e-06	2.007949308755761e-06	1.3935483870967737e-06	3.4048387096774194e-06	7.2288018433179755e-06	9.862211981566823e-06	9.974423963133644e-06
7200	9.947695852534568e-06	9.36612903225807e-06	5.490437788018435e-06	1.1036866359447005e-06	0.0	0.0	1.6486175115207373e-06	3.483870967741936e-06	1.8352534562211982e-06	6.905529953917049e-07	4.252188940092167e-06	8.299942396313368e-06	9.65017281105991e-06	9.886923963133646e-06	9.975057603686639e-06	9.991359447004613e-06	9.925460829493093e-06	9.908640552995397e-06	9.974539170506917e-06
7300	9.684047619047624e-06	9.364940476190478e-06	5.4917261904761916e-06	1.022142857142857e-06	0.0	0.0	1.6328571428571427e-06	3.7800000000000002e-06	2.1471428571428573e-06	9.213690476190479e-07	5.48309523809524e-06	9.558750000000002e-06	9.996904761904766e-06	9.999880952380957e-06	1.0000000000000003e-05	9.990297619047624e-06	9.933928571428577e-06	9.916369047619051e-06	9.972738095238098e-06
7400	9.887388392857147e-06	9.431863839285719e-06	5.775167410714286e-06	1.283705357142857e-06	0.0	0.0	1.3228794642857143e-06	2.8657366071428575e-06	1.5458705357142858e-06	1.0226562499999999e-06	5.512500000000003e-06	9.492857142857146e-06	1.0000000000000004e-05	1.0000000000000004e-05	1.0000000000000004e-05	9.997488839285717e-06	9.974888392857151e-06	9.97126116071429e-06	9.99386160714286e-06
7500	9.839880952380955e-06	9.92327380952381e-06	7.96244047619048e-06	4.897142857142857e-06	2.6328571428571427e-06	9.50595238095238e-07	2.3464285714285714e-07	0.0	0.0	1.2857738095238096e-06	5.847500000000001e-06	9.55982142857143e-06	9.947738095238098e-06	9.90166666666667e-06	9.951428571428575e-06	9.999404761904766e-06	9.998809523809524e-06	9.951726190476195e-06	9.872559523809525e-06
7600	9.736363636363642e-06	9.84145021645022e-06	7.79805194805195e-06	4.6823051948051955e-06	2.9369047619047616e-06	1.4420454545454545e-06	3.5649350649350643e-07	0.0	0.0	9.656385281385283e-07	5.523160173160175e-06	9.554653679653682e-06	9.940584415584419e-06	9.901082251082256e-06	9.957467532467537e-06	9.999837662337665e-06	9.99951298701299e-06	9.97272727272728e-06	9.924512987012993e-06
7700	9.737611607142859e-06	9.833482142857145e-06	7.290011160714289e-06	3.387444196428572e-06	1.9589285714285703e-06	1.3093749999999999e-06	4.0982142857142843e-07	0.0	0.0	1.0353236607142859e-06	5.611886160714288e-06	9.573939732142859e-06	9.899051339285719e-06	9.800669642857147e-06	9.898437500000004e-06	9.999441964285717e-06	9.999832589285715e-06	9.954352678571433e-06	9.865234375000005e-06
7800	9.756785714285719e-06	9.846250000000003e-06	8.047559523809525e-06	5.032559523809523e-06	2.7195238095238097e-06	9.208928571428567e-07	1.4785714285714285e-07	0.0	0.0	9.933928571428569e-07	5.390714285714286e-06	9.378154761904762e-06	9.416726190476192e-06	9.243035714285719e-06	9.80589285714286e-06	9.996369047619049e-06	9.996428571428572e-06	9.950119047619052e-06	9.870952380952383e-06
7900	9.74691558441559e-06	9.843398268398274e-06	7.355790043290047e-06	2.406709956709957e-06	4.938311688311689e-07	8.181818181818181e-07	3.4188311688311683e-07	0.0	0.0	5.91991341991342e-07	4.755465367965369e-06	9.13122294372295e-06	9.592748917748924e-06	9.474567099567107e-06	9.848755411255416e-06	9.999188311688315e-06	9.999729437229442e-06	9.941450216450223e-06	9.841612554112556e-06
8000	9.744754464285714e-06	9.845424107142862e-06	7.858258928571431e-06	2.9306919642857146e-06	3.1941964285714293e-07	5.0625e-07	2.2600446428571425e-07	0.0	0.0	8.809151785714283e-07	5.106082589285715e-06	9.192075892857146e-06	9.819029017857147e-06	9.633258928571434e-06	9.781138392857146e-06	9.990234375000006e-06	9.956361607142863e-06	9.909598214285719e-06	9.854185267857148e-06
8100	9.861904761904766e-06	9.890178571428574e-06	8.109285714285716e-06	3.171964285714286e-06	4.403571428571429e-07	7.199999999999999e-07	3.021428571428571e-07	0.0	0.0	1.1480357142857146e-06	5.5820238095238115e-06	9.398630952380954e-06	9.96464285714286e-06	1.0000000000000003e-05	1.0000000000000003e-05	9.99946428571429e-06	9.938630952380956e-06	9.900535714285719e-06	9.96136904761905e-06
8200	9.858866995073891e-06	9.88189655172414e-06	7.539655172413793e-06	2.6242610837438423e-06	1.4963054187192118e-07	1.862068965517241e-07	7.64778325123153e-08	0.0	0.0	1.225e-06	5.8068965517241405e-06	9.58189655172414e-06	1.0000000000000003e-05	1.0000000000000003e-05	1.0000000000000003e-05	1.0000000000000003e-05	1.0000000000000003e-05	1.0000000000000003e-05	1.0000000000000003e-05
8300	9.803325123152712e-06	9.789532019704437e-06	8.280295566502466e-06	3.4375615763546792e-06	1.6958128078817728e-07	1.862068965517241e-07	8.312807881773399e-08	0.0	0.0	1.4526477832512318e-06	6.120689655172416e-06	9.668041871921184e-06	1.0000000000000003e-05	1.0000000000000003e-05	1.0000000000000003e-05	1.0000000000000003e-05	1.0000000000000003e-05	1.0000000000000003e-05	1.0000000000000003e-05
8400	9.74166666666667e-06	9.787770562770566e-06	7.4997294372294395e-06	2.5996212121212125e-06	3.0681818181818174e-07	4.909090909090909e-07	2.1915584415584416e-07	0.0	0.0	8.382034632034634e-07	5.178787878787881e-06	9.34058441558442e-06	1.0000000000000004e-05	9.999512987012991e-06	9.996969696969703e-06	9.997456709956714e-06	1.0000000000000004e-05	1.0000000000000004e-05	1.0000000000000004e-05
8500	9.771666666666673e-06	9.801666666666671e-06	7.450714285714286e-06	2.541190476190476e-06	1.9285714285714284e-08	0.0	0.0	0.0	0.0	1.1667261904761904e-06	5.993333333333336e-06	9.826607142857146e-06	1.0000000000000003e-05	1.0000000000000003e-05	1.0000000000000003e-05	1.0000000000000003e-05	1.0000000000000003e-05	1.0000000000000003e-05	1.0000000000000003e-05
8600	9.708064516129034e-06	9.611578341013828e-06	8.109907834101383e-06	3.3303571428571432e-06	2.36405529953917e-07	3.483870967741935e-07	1.5241935483870968e-07	0.0	0.0	1.476094470046083e-06	6.066186635944704e-06	9.503225806451613e-06	9.895046082949313e-06	9.942281105990787e-06	9.902131336405535e-06	9.939688940092169e-06	9.997753456221201e-06	9.951670506912445e-06	9.871198156682028e-06
8700	8.256092436974797e-06	6.892226890756305e-06	6.089128151260504e-06	2.5645483193277313e-06	2.9212184873949574e-07	4.764705882352942e-07	2.0136554621848738e-07	0.0	0.0	9.113970588235294e-07	5.386134453781512e-06	9.38792016806723e-06	9.837710084033618e-06	9.883035714285718e-06	9.958508403361355e-06	1.000000000000001e-05	9.964758403361352e-06	9.854569327731097e-06	9.776890756302522e-06
8800	9.880714285714286e-06	9.794583333333338e-06	7.486488095238094e-06	2.6122619047619047e-06	4.339285714285715e-07	7.199999999999999e-07	2.9892857142857146e-07	0.0	0.0	8.937500000000001e-07	5.276904761904761e-06	9.245595238095239e-06	9.741845238095241e-06	9.843988095238097e-06	9.964583333333336e-06	9.997738095238097e-06	9.99636904761905e-06	9.95011904761905e-06	9.868154761904763e-06
8900	9.892075892857146e-06	9.76729910714286e-06	7.295870535714289e-06	2.4429687499999992e-06	9.341517857142859e-08	1.6874999999999997e-07	7.533482142857143e-08	0.0	0.0	1.0098214285714286e-06	5.498549107142859e-06	9.403794642857144e-06	9.898325892857147e-06	9.983258928571432e-06	1.0000000000000004e-05	1.0000000000000004e-05	9.992243303571435e-06	9.97829241071429e-06	9.983258928571435e-06
9000	9.87979910714286e-06	9.757366071428573e-06	6.9646205357142875e-06	2.114955357142857e-06	3.887276785714286e-07	6.749999999999999e-07	2.862723214285714e-07	0.0	0.0	7.824218750000001e-07	5.181082589285714e-06	9.270479910714287e-06	9.747042410714289e-06	9.788281250000005e-06	9.86328125e-06	9.94737723214286e-06	9.938392857142863e-06	9.902064732142861e-06	9.960825892857145e-06
9100	9.815178571428577e-06	9.614006696428573e-06	7.043582589285715e-06	2.275446428571429e-06	4.068080357142858e-07	6.749999999999999e-07	2.6819196428571427e-07	0.0	0.0	9.801339285714285e-07	5.32963169642857e-06	9.227790178571433e-06	9.719587053571431e-06	9.696819196428572e-06	9.796037946428574e-06	9.93761160714286e-06	9.934933035714293e-06	9.901395089285719e-06	9.963560267857145e-06
9200	9.8817118226601e-06	9.771120689655174e-06	7.032635467980298e-06	2.167857142857143e-06	5.55295566502463e-07	9.310344827586207e-07	3.757389162561576e-07	0.0	0.0	7.647783251231528e-07	4.930233990147785e-06	8.968411330049262e-06	9.736268472906407e-06	9.838362068965522e-06	9.845504926108376e-06	9.871182266009856e-06	9.844704433497539e-06	9.833189655172411e-06	9.839162561576352e-06
9300	9.911255411255416e-06	9.76493506493507e-06	8.139015151515154e-06	3.2907467532467536e-06	0.0	0.0	0.0	0.0	0.0	1.3733766233766235e-06	5.661958874458874e-06	9.205194805194808e-06	9.8844696969697e-06	9.891774891774897e-06	9.911904761904767e-06	9.987229437229443e-06	9.98290043290044e-06	9.97575757575758e-06	9.992099567099572e-06
9400	9.912662337662343e-06	9.831818181818186e-06	7.261742424242426e-06	2.3588203463203463e-06	0.0	0.0	0.0	0.0	0.0	9.693181818181817e-07	5.430303030303033e-06	9.460984848484852e-06	1.0000000000000004e-05	1.0000000000000004e-05	1.0000000000000004e-05	1.0000000000000004e-05	1.0000000000000004e-05	1.0000000000000004e-05	1.0000000000000004e-05
9500	9.88503694581281e-06	9.750431034482761e-06	6.949568965517242e-06	2.108805418719212e-06	0.0	0.0	0.0	0.0	0.0	1.1899630541871922e-06	5.7182266009852235e-06	9.510036945812809e-06	9.981773399014781e-06	9.999199507389166e-06	9.99439655172414e-06	9.993903940886703e-06	9.998706896551728e-06	1.0000000000000003e-05	1.0000000000000003e-05
9600	9.897656250000004e-06	9.755301339285719e-06	7.644308035714288e-06	2.8006138392857146e-06	0.0	0.0	0.0	0.0	0.0	1.5728236607142858e-06	6.191238839285717e-06	9.605301339285719e-06	9.98415178571429e-06	9.982700892857147e-06	9.983984375000004e-06	9.990513392857146e-06	9.920758928571436e-06	9.901785714285718e-06	9.972991071428574e-06
9700	9.863058035714291e-06	9.755412946428578e-06	7.189341517857144e-06	2.344419642857143e-06	0.0	0.0	0.0	0.0	0.0	1.0657366071428571e-06	5.627845982142856e-06	9.549888392857146e-06	9.987779017857146e-06	1.0000000000000004e-05	9.999162946428574e-06	9.984821428571435e-06	9.92745535714286e-06	9.920647321428576e-06	9.976060267857147e-06
9800	9.860714285714288e-06	9.763895089285717e-06	7.535881696428573e-06	2.6717633928571425e-06	0.0	0.0	0.0	0.0	0.0	1.2143973214285717e-06	5.552622767857144e-06	9.313727678571432e-06	9.97550223214286e-06	1.0000000000000004e-05	1.0000000000000004e-05	9.994029017857147e-06	9.924944196428576e-06	9.90597098214286e-06	9.975055803571432e-06
9900	9.717261904761908e-06	8.809404761904762e-06	7.016726190476188e-06	2.948392857142857e-06	0.0	0.0	0.0	0.0	0.0	8.903571428571428e-07	4.778988095238096e-06	8.84964285714286e-06	9.961011904761907e-06	1.0000000000000003e-05	1.0000000000000003e-05	9.994583333333336e-06	9.929821428571431e-06	9.905416666666668e-06	9.970178571428573e-06
10000	9.702246543778802e-06	8.878801843317976e-06	5.954723502304147e-06	1.8271313364055297e-06	0.0	0.0	0.0	0.0	0.0	8.771889400921659e-07	5.18001152073733e-06	9.274366359447007e-06	9.907949308755764e-06	9.903283410138251e-06	9.966877880184334e-06	9.99735023041475e-06	9.982776497695856e-06	9.969758064516135e-06	9.964170506912447e-06
