	site
generation	N_variants	50	100	150	200	250	300	350	400	450	500	550	600	650	700	750	800	850	900
0	1	nan	nan	nan	nan	nan	nan	nan	nan	nan	0.3333333333333333	0.3333333333333333	nan	nan	nan	nan	nan	nan	nan
100	5	nan	nan	nan	nan	0.025641025641025664	0.025641025641025664	nan	nan	nan	0.3333333333333333	0.3333333333333333	nan	nan	nan	0.3333333333333333	0.3333333333333333	0.3333333333333333	0.3333333333333333
200	6	0.05263157894736832	nan	nan	nan	nan	nan	0.2903225806451612	0.2903225806451612	nan	0.3333333333333333	0.3333333333333333	nan	0.9047619047619047	0.9047619047619047	0.2903225806451612	0.2903225806451612	0.3333333333333333	0.3333333333333333
300	8	nan	nan	nan	nan	0.051428571428571344	0.051428571428571344	0.8181818181818182	0.8181818181818182	nan	0.1794871794871795	0.1794871794871795	nan	0.2903225806451612	0.2903225806451612	0.3333333333333333	0.1794871794871795	0.46520146520146516	0.9047619047619047
400	8	nan	nan	nan	nan	0.0025062656641602365	0.0025062656641602365	0.17489125111629644	0.17489125111629644	nan	0.3333333333333333	0.3333333333333333	nan	0.0025062656641602365	0.0025062656641602365	0.3333333333333333	0.3333333333333333	0.3333333333333333	0.3333333333333333
500	8	nan	nan	nan	nan	0.3333333333333333	0.3333333333333333	0.6666666666666666	0.6666666666666666	nan	0.3333333333333333	0.3333333333333333	nan	0.3333333333333333	0.3333333333333333	0.3333333333333333	0.3333333333333333	0.3333333333333333	0.3333333333333333
600	13	nan	0.21333333333333324	0.11948717948717945	0.025641025641025664	0.21333333333333324	0.16077922077922063	0.27205777077899834	0.32666865829696173	nan	0.3333333333333333	0.3333333333333333	nan	0.07122507122507109	0.16061253561253563	0.29166666666666674	0.3333333333333333	0.3333333333333333	0.3333333333333333
700	11	nan	0.2903225806451612	0.2903225806451612	0.3333333333333333	0.3333333333333333	0.16666666666666666	0.2222222222222222	0.3333333333333333	nan	0.3333333333333333	0.3333333333333333	nan	0.9047619047619047	0.9047619047619047	0.9047619047619047	0.9047619047619047	0.9047619047619047	0.9047619047619047
800	9	nan	nan	nan	nan	nan	0.0	0.0	0.0	nan	0.3333333333333333	0.3333333333333333	nan	0.3333333333333333	0.3333333333333333	0.3333333333333333	0.3333333333333333	0.3333333333333333	0.1794871794871795
900	11	nan	nan	nan	nan	nan	0.0	0.027027027027027046	0.04054054054054057	nan	0.3333333333333333	0.3333333333333333	nan	0.3333333333333333	0.3333333333333333	0.3333333333333333	0.3333333333333333	0.3333333333333333	0.3333333333333333
1000	10	nan	nan	nan	nan	nan	0.0	0.0	0.0	nan	0.3333333333333333	0.3333333333333333	0.025641025641025664	0.13720197930724243	0.1929824561403508	0.025641025641025664	0.025641025641025664	nan	0.3333333333333333
1100	12	nan	nan	nan	nan	nan	0.0	0.017543859649122775	0.02631578947368416	0.3333333333333333	0.3333333333333333	0.3333333333333333	nan	0.20720720720720723	0.20720720720720723	0.025641025641025664	0.025641025641025664	nan	0.2903225806451612
1200	8	nan	nan	nan	nan	nan	0.3333333333333333	0.3333333333333333	0.3333333333333333	0.3333333333333333	0.3333333333333333	0.3333333333333333	0.3333333333333333	nan	nan	nan	0.08108108108108114	0.08108108108108114	0.2903225806451612
1300	10	0.05263157894736832	nan	nan	nan	nan	0.3333333333333333	0.3333333333333333	0.3333333333333333	0.3333333333333333	0.3333333333333333	0.3333333333333333	0.3333333333333333	nan	nan	0.3333333333333333	0.3333333333333333	nan	0.3333333333333333
1400	11	nan	nan	nan	nan	nan	0.3333333333333333	0.3333333333333333	0.3333333333333333	0.3333333333333333	0.3333333333333333	0.3333333333333333	0.3333333333333333	nan	0.1929824561403508	0.23976608187134496	0.3333333333333333	nan	0.33928571428571436
1500	11	nan	nan	nan	nan	nan	0.3333333333333333	0.3333333333333333	0.3333333333333333	0.3333333333333333	0.3333333333333333	0.3333333333333333	0.3333333333333333	0.3333333333333333	0.3333333333333333	0.3333333333333333	0.3333333333333333	nan	0.27333333333333326
1600	15	nan	nan	nan	nan	nan	0.2297132297132297	0.2556182556182556	0.3333333333333333	0.3333333333333333	0.3333333333333333	0.3333333333333333	0.25448028673835127	0.17562724014336925	0.3333333333333333	0.2612286160673257	0.1586645135032232	0.025641025641025664	0.24346917450365724
1700	17	0.5128205128205129	nan	nan	nan	nan	0.2202380952380952	0.2882799671592775	0.3563218390804598	0.3333333333333333	0.3333333333333333	0.3333333333333333	0.2727272727272727	0.21212121212121204	0.3333333333333333	0.16955960705960704	0.11496836496836493	nan	0.2202380952380952
1800	16	nan	nan	0.025641025641025664	0.025641025641025664	nan	0.27333333333333326	0.2933333333333333	0.3333333333333333	0.3333333333333333	0.3333333333333333	0.3333333333333333	0.6511111111111111	0.8099999999999999	0.022556390977443573	0.20506668971278766	0.2963218390804597	nan	0.11794486215538841
1900	18	nan	0.025641025641025664	0.025641025641025664	nan	0.025641025641025664	0.42124542124542125	0.7142857142857141	0.46520146520146516	0.1794871794871795	0.3333333333333333	0.3068617206548241	0.08631034220870872	0.0025062656641602365	0.9047619047619047	0.5094726062467997	0.31182795698924726	nan	0.12695924764890285
2000	19	nan	0.10791979949874674	0.10791979949874674	0.21333333333333324	0.13298245614035079	0.11515347508556324	0.14641442315466072	nan	nan	0.3333333333333333	0.3333333333333333	0.1111111111111111	0.0	0.3636363636363637	0.19853709508881923	0.11598746081504699	0.13261648745519716	0.09120967741935486
2100	21	nan	0.038534798534798506	0.03423687423687422	0.025641025641025664	0.025641025641025664	0.3333333333333333	0.23076923076923075	0.5128205128205129	1.0	0.3333333333333333	0.3333333333333333	0.3333333333333333	0.3333333333333333	1.0	1.0	0.5128205128205129	0.23076923076923075	0.3333333333333333
2200	22	nan	0.16791979949874677	0.20872072654755158	0.31182795698924726	0.3333333333333333	0.3333333333333333	0.3333333333333333	0.6666666666666666	0.452991452991453	0.23076923076923075	0.3333333333333333	0.3333333333333333	0.3333333333333333	0.42857142857142866	0.4285714285714286	0.42857142857142855	0.17171717171717177	0.17171717171717177
2300	25	nan	0.3333333333333333	0.3333333333333333	0.3333333333333333	0.3333333333333333	0.3333333333333333	0.3333333333333333	0.14481606314637158	0.14481606314637158	0.25062656641604003	0.26716791979949867	0.3333333333333333	0.3333333333333333	0.3793103448275862	0.3793103448275862	0.20247568523430592	0.12049354154617307	0.16791979949874677
2400	24	nan	0.2903225806451612	0.2903225806451612	0.2903225806451612	0.2903225806451612	0.2903225806451612	0.2903225806451612	0.19658603143176642	0.19658603143176642	0.23987387824399703	0.24996361872422987	0.4951356886840757	0.597542242703533	0.2147728677205874	0.22782141024632682	0.2539184952978057	0.2539184952978055	0.17782600541221225
2500	15	nan	0.16666666666666666	0.1111111111111111	0.0	0.0	nan	0.16666666666666666	0.25	0.3333333333333333	0.25	0.2	0.1111111111111111	0.16666666666666666	nan	nan	nan	nan	nan
2600	19	0.1794871794871795	0.5555555555555555	0.5555555555555555	0.23076923076923075	0.1794871794871795	nan	0.3333333333333333	0.3333333333333333	0.3333333333333333	0.3333333333333333	0.3333333333333333	0.5555555555555555	0.6666666666666666	nan	nan	0.3333333333333333	0.2936259143155695	0.2539184952978057
2700	19	0.15294024971444323	0.6999487967229902	0.9047619047619047	nan	0.08108108108108114	0.08108108108108114	0.9047619047619047	0.9047619047619047	0.5238095238095237	0.3333333333333333	0.3333333333333333	0.5238095238095237	0.619047619047619	nan	nan	0.3333333333333333	0.2936259143155695	0.2539184952978057
2800	17	0.3333333333333333	0.1111111111111111	0.0	nan	nan	nan	1.0	1.0	0.5555555555555555	0.3333333333333333	0.3333333333333333	0.3333333333333333	0.3333333333333333	nan	nan	0.3333333333333333	0.1794871794871795	0.025641025641025664
2900	18	0.3333333333333333	0.1111111111111111	0.0	nan	nan	nan	0.3333333333333333	0.3333333333333333	0.3333333333333333	0.3333333333333333	0.3333333333333333	0.3333333333333333	0.3333333333333333	nan	nan	0.3333333333333333	0.1794871794871795	0.11888111888111885
3000	21	0.27212053797148344	0.14681295715778475	0.0964912280701754	0.05263157894736832	nan	nan	0.3333333333333333	0.3333333333333333	0.3333333333333333	0.3333333333333333	0.3333333333333333	0.3333333333333333	0.3333333333333333	nan	nan	0.3333333333333333	0.3333333333333333	0.3333333333333333
3100	20	0.3333333333333333	0.16666666666666666	0.1111111111111111	nan	nan	nan	0.3333333333333333	0.3333333333333333	0.3333333333333333	0.3333333333333333	0.3333333333333333	0.2727925809822362	0.2727925809822362	nan	0.025641025641025664	0.0533610533610534	0.08108108108108114	0.2539184952978057
3200	30	0.2717948717948718	0.378917378917379	0.452991452991453	nan	0.3333333333333333	0.3333333333333333	0.3333333333333333	0.3333333333333333	0.5	0.4444444444444444	0.3333333333333333	0.49999999999999994	0.4666666666666666	0.3333333333333333	0.3333333333333333	0.29166666666666674	0.25000000000000017	0.42191142191142195
3300	24	0.25	0.27777777777777773	0.3333333333333333	nan	0.3333333333333333	0.3333333333333333	0.3333333333333333	0.2564102564102564	0.2717948717948718	0.3333333333333333	0.3333333333333333	0.21333333333333324	0.21333333333333324	0.21333333333333324	0.16222222222222216	0.16222222222222216	nan	0.21333333333333324
3400	19	0.23805791909240182	0.2539184952978056	0.2539184952978056	nan	nan	0.3333333333333333	0.3333333333333333	0.3333333333333333	0.2771929824561403	0.2865497076023391	0.3333333333333333	nan	0.05263157894736832	0.05263157894736832	nan	nan	nan	nan
3500	20	0.14276960784313725	0.17647058823529407	0.17647058823529407	nan	nan	0.17647058823529416	0.17647058823529416	0.2810457516339869	0.3333333333333333	0.3333333333333333	0.3703703703703704	0.48148148148148157	nan	0.11111111111111105	0.11111111111111105	nan	nan	nan
3600	23	1.0	1.0	1.0	nan	0.6464646464646464	0.43771043771043766	0.3333333333333333	0.3333333333333333	0.28809523809523807	0.2956349206349206	0.3333333333333333	0.03913630229419699	0.03913630229419699	nan	0.11111111111111105	0.11111111111111105	nan	nan
3700	22	1.0	1.0	1.0	nan	1.0	0.5555555555555555	0.3333333333333333	0.27179487179487183	0.2669683257918552	0.3109243697478991	0.3333333333333333	nan	nan	nan	nan	nan	nan	nan
3800	27	0.2564102564102564	0.28937728937728935	0.3333333333333333	0.08108108108108114	0.20720720720720723	0.3333333333333333	0.3333333333333333	0.3333333333333333	0.2222222222222222	0.25	0.3333333333333333	0.025641025641025664	0.025641025641025664	nan	nan	nan	nan	nan
3900	33	0.37931034482758613	0.32878615637236325	0.30857648099027407	nan	1.0	0.49999999999999994	0.3333333333333333	0.3333333333333333	0.3333333333333333	0.4	0.4444444444444444	1.0	1.0	nan	0.3333333333333333	0.3333333333333333	0.3333333333333333	0.1794871794871795
4000	39	0.17256778309409887	0.18933697881066314	0.21212121212121227	nan	0.515151515151515	0.42424242424242425	0.28205128205128205	0.2717948717948718	0.3333333333333333	0.4	0.42857142857142855	0.4369369369369369	0.47147147147147145	nan	0.11999999999999995	0.1911111111111111	0.3333333333333333	0.3333333333333333
4100	23	0.3333333333333333	nan	0.08108108108108114	0.08108108108108114	0.6666666666666666	0.4666666666666666	0.3333333333333333	0.3333333333333333	0.3333333333333333	0.2948717948717948	0.28937728937728935	0.3333333333333333	0.3333333333333333	nan	nan	0.3333333333333333	0.3333333333333333	0.3333333333333333
4200	27	0.17562724014336925	nan	0.1794871794871795	0.23076923076923075	0.32666865829696173	0.32933452831151033	0.28205128205128205	0.2717948717948718	0.3333333333333333	0.30519480519480513	0.3011750154607297	0.3333333333333333	0.3333333333333333	nan	nan	0.1294911984567157	0.1294911984567157	0.23076923076923078
4300	29	0.3333333333333333	0.025641025641025664	0.1794871794871795	0.23976608187134496	0.2959575512207092	0.348970473970474	0.3333333333333333	0.3333333333333333	0.3333333333333333	0.31547619047619047	0.31292517006802717	0.3333333333333333	0.3333333333333333	nan	nan	0.26190476190476186	0.26190476190476186	0.26190476190476186
4400	22	0.6666666666666666	1.0	1.0	0.6666666666666666	0.5555555555555555	0.4666666666666666	0.3333333333333333	0.3333333333333333	0.3333333333333333	0.3333333333333333	0.3333333333333333	0.3333333333333333	0.3333333333333333	nan	nan	nan	nan	nan
4500	27	0.6666666666666666	1.0	1.0	0.6666666666666666	0.5555555555555555	0.4666666666666666	0.28205128205128205	0.2717948717948718	0.36296296296296293	0.31560620449509336	0.28937728937728935	0.3333333333333333	0.3333333333333333	nan	nan	0.08108108108108114	0.1466011466011466	0.21212121212121204
4600	28	1.0	1.0	1.0	0.6666666666666666	0.5555555555555555	0.4666666666666666	0.4444444444444444	0.4666666666666666	0.4666666666666666	0.41666666666666663	0.3333333333333333	0.3333333333333333	0.3333333333333333	0.025641025641025664	0.025641025641025664	nan	nan	0.6464646464646464
4700	37	1.0	1.0	1.0	0.47147147147147145	0.41621621621621624	0.4444444444444444	0.42857142857142855	0.42857142857142855	0.42857142857142855	0.4074074074074074	0.3181818181818181	0.24755244755244754	0.1794871794871795	nan	0.05263157894736832	0.1929824561403508	0.2936259143155695	0.12821238048098302
4800	31	0.3333333333333333	0.3333333333333333	0.3333333333333333	0.3333333333333333	0.3333333333333333	0.3333333333333333	0.3333333333333333	0.3333333333333333	0.28654970760233917	0.3021442495126705	0.3333333333333333	0.3333333333333333	0.3333333333333333	0.08108108108108114	0.08108108108108114	0.3333333333333333	0.3333333333333333	0.3333333333333333
4900	34	0.3333333333333333	0.3333333333333333	0.3333333333333333	0.3333333333333333	0.3333333333333333	0.3333333333333333	0.3333333333333333	0.3333333333333333	0.3333333333333333	0.33333333333333337	0.3333333333333333	0.25641025641025644	0.1794871794871795	nan	nan	0.3333333333333333	0.3333333333333333	0.24999999999999992
5000	36	0.3333333333333333	0.3333333333333333	0.3333333333333333	0.3333333333333333	0.3333333333333333	0.3333333333333333	0.3333333333333333	0.3333333333333333	0.3333333333333333	0.3076923076923077	0.29914529914529914	0.3333333333333333	0.3333333333333333	nan	nan	0.3333333333333333	0.3333333333333333	0.12000000000000002
5100	35	0.27777777777777773	0.22222222222222218	0.3333333333333333	0.3333333333333333	0.3333333333333333	0.27777777777777773	0.2962962962962963	0.3333333333333333	0.3333333333333333	0.27505827505827507	0.2621082621082621	0.3333333333333333	0.1794871794871795	0.025641025641025664	nan	0.023999999999999962	0.023999999999999962	nan
5200	34	0.25391849529780564	0.25391849529780564	0.3333333333333333	0.3333333333333333	0.3333333333333333	0.29166666666666663	0.2962962962962963	0.3333333333333333	0.3333333333333333	0.3	0.29166666666666663	0.3333333333333333	0.3333333333333333	0.3333333333333333	0.3333333333333333	0.09890109890109876	0.09890109890109876	nan
5300	42	0.3333333333333333	0.3333333333333333	0.3333333333333333	0.3333333333333333	0.2771929824561403	0.24953993375046005	0.27505827505827507	0.3333333333333333	0.3333333333333333	0.3	0.3	0.3333333333333333	0.3333333333333333	0.3333333333333333	0.3333333333333333	0.03921568627450984	0.03921568627450984	0.08108108108108114
5400	46	0.2768817204301075	0.2903225806451612	0.2519592476489029	0.20261714238574496	0.22094192909718932	0.23163398180961553	0.22421589299992203	0.24798477384684275	0.31292906821271665	0.32942326490713586	0.33333333333333337	0.28205128205128205	0.1794871794871795	0.3333333333333333	0.3333333333333333	0.3333333333333333	0.3333333333333333	0.1929824561403508
5500	41	nan	nan	0.3333333333333333	0.3333333333333333	0.49999999999999994	0.41666666666666663	0.30966469428007887	0.30536130536130535	0.3333333333333333	0.4666666666666666	0.5151515151515151	0.5555555555555556	0.6666666666666666	0.3333333333333333	0.3333333333333333	0.3333333333333333	0.3333333333333333	0.2903225806451612
5600	43	nan	nan	0.3333333333333333	0.3333333333333333	0.49999999999999994	0.41666666666666663	0.3333333333333333	0.33333333333333337	0.3333333333333333	0.4545454545454545	0.5151515151515151	0.5555555555555556	0.6666666666666666	0.16727716727716727	0.16727716727716727	0.3333333333333333	0.3333333333333333	0.3333333333333333
5700	45	0.3333333333333333	nan	0.3333333333333333	0.2564102564102564	0.39316239316239315	0.4074074074074074	0.3333333333333333	0.33333333333333337	0.3333333333333333	0.4545454545454545	0.5151515151515151	0.5555555555555556	0.6666666666666666	0.3333333333333333	0.3333333333333333	0.1794871794871795	0.1794871794871795	0.2903225806451612
5800	45	0.3333333333333333	nan	0.3333333333333333	0.3333333333333333	0.4666666666666666	0.4	0.3333333333333333	0.33333333333333337	0.2948717948717948	0.3076923076923077	0.33333333333333337	0.3333333333333333	0.3333333333333333	0.3333333333333333	0.3333333333333333	0.3333333333333333	0.3333333333333333	0.3333333333333333
5900	51	0.16666666666666666	nan	0.16666666666666666	0.2222222222222222	0.27777777777777773	0.30303030303030304	0.3333333333333333	0.33333333333333337	0.3333333333333333	0.3333333333333333	0.3053306342780027	0.287828947368421	0.3333333333333333	0.3333333333333333	0.3333333333333333	0.6666666666666666	0.6666666666666666	1.0
6000	52	0.16666666666666666	nan	0.16666666666666666	0.2222222222222222	0.27777777777777773	0.30303030303030304	0.3333333333333333	0.33333333333333337	0.3333333333333333	0.3333333333333333	0.30966469428007887	0.2948717948717948	0.3333333333333333	0.3333333333333333	0.3333333333333333	0.452991452991453	0.452991452991453	1.0
6100	57	0.16666666666666666	nan	0.16666666666666666	0.2222222222222222	0.27777777777777773	0.30303030303030304	0.3333333333333333	0.3333333333333333	0.33333333333333337	0.3333333333333333	0.3139293139293139	0.30180180180180183	0.3333333333333333	0.3333333333333333	0.3333333333333333	0.26666666666666666	0.2222222222222222	0.0
6200	59	0.16666666666666666	0.05263157894736832	0.3104543844437055	0.40402163590569384	0.30104463437796763	0.2927892927892928	0.2612612612612613	0.30993602297950124	0.4009661835748792	0.3671497584541062	0.3333333333333333	0.3333333333333333	0.3333333333333333	0.3333333333333333	0.3333333333333333	0.17817561807331625	0.10059676044330772	0.023017902813299254
6300	65	0.16666666666666666	0.3333333333333333	0.25	0.25	0.2857142857142857	0.30303030303030304	0.3333333333333333	0.3194444444444444	0.3162393162393163	0.3333333333333333	0.3333333333333333	0.3333333333333333	0.3333333333333333	0.3333333333333333	0.25641025641025644	0.282051282051282	0.3333333333333333	0.3333333333333333
6400	56	0.0	0.0	0.1111111111111111	0.25	0.3333333333333333	0.27505827505827507	0.22393162393162397	0.23992673992673993	0.30536130536130535	0.31392931392931395	0.3123123123123124	0.3333333333333333	0.3333333333333333	0.3333333333333333	0.3333333333333333	0.3333333333333333	0.3333333333333333	0.16666666666666666
6500	54	0.0	0.01010101010101011	0.15088383838383845	0.25202020202020203	0.3194444444444444	0.29267676767676765	0.24098124098124102	0.25233100233100236	0.31666666666666665	0.3263888888888889	0.33333333333333337	0.3333333333333333	0.3333333333333333	0.3333333333333333	0.3333333333333333	0.3333333333333333	0.29166666666666674	0.25000000000000006
6600	58	0.027568922305764333	0.027568922305764278	0.17941405237231	0.2763633220983493	0.3038654417964763	0.28857480763106896	0.24511278195488723	0.26052531860154365	0.3425287356321839	0.3371647509578544	0.33333333333333337	0.3333333333333333	0.3333333333333333	0.3333333333333333	0.3333333333333333	0.3333333333333333	0.3563218390804598	0.21597096188747783
6700	59	0.16666666666666666	0.0	0.16666666666666666	0.26666666666666666	0.28937728937728935	0.2799145299145299	0.2444444444444445	0.25641025641025644	0.33333333333333337	0.3333333333333333	0.33333333333333337	0.2948717948717948	0.2564102564102564	0.2022792022792022	0.15859449192782518	0.036733143399810035	0.17348528015194686	0.48148148148148157
6800	63	0.02301790281329931	0.08605233924927018	0.18496473688289541	0.2712702472293265	0.3333333333333333	0.38292011019283745	0.47319347319347316	0.438073038073038	0.32231404958677684	0.3333333333333333	0.33333333333333337	0.3333333333333333	0.3333333333333333	0.5645342312008979	0.6734006734006734	1.0	0.606060606060606	0.2929292929292929
6900	60	0.3333333333333333	0.3333333333333333	0.3333333333333333	0.3333333333333333	0.3333333333333333	0.4	0.5238095238095236	0.487179487179487	0.33333333333333337	0.3333333333333333	0.33333333333333337	0.3333333333333333	0.3333333333333333	1.0	1.0	0.7777777777777777	0.4619883040935672	0.21109224674589688
7000	64	0.2903225806451612	0.2903225806451612	0.29892473118279567	0.29285262492093606	0.3047799765067317	0.38617511520737324	0.47525676937441635	0.4415056345118691	0.32473118279569885	0.30657063026362247	0.3096428268842062	0.3333333333333333	0.3333333333333333	0.9047619047619047	0.9047619047619047	0.49733791113101455	0.2936259143155695	0.0025062656641603475
7100	64	0.3333333333333333	0.3333333333333333	0.3333333333333333	0.3333333333333333	0.3333333333333333	0.4	0.5238095238095236	0.47947454844006554	0.3375130616509927	0.33687002652519893	0.3335615070876472	0.3285543608124253	0.3333333333333333	0.002506265664160292	0.08521303258145356	0.25856576926186425	0.3189964157706093	0.0025062656641602365
7200	62	0.3333333333333333	0.3333333333333333	0.3333333333333333	0.3333333333333333	0.3333333333333333	0.4	0.5238095238095236	0.476190476190476	0.33333333333333337	0.3333333333333333	0.2875457875457875	0.2692307692307693	0.3333333333333333	0.0	0.0	0.0	0.0	0.0
7300	63	0.3333333333333333	0.3333333333333333	0.3333333333333333	0.3333333333333333	0.3333333333333333	0.4	0.5055555555555554	0.44717261904761907	0.3246753246753247	0.34126984126984133	0.31579531579531583	0.2974186307519641	0.3333333333333333	0.010101010101010166	0.010101010101010147	0.010101010101010166	0.010101010101010222	0.022556390977443573
7400	64	0.24924924924924927	0.3333333333333333	0.3333333333333333	0.3333333333333333	0.3333333333333333	0.4	0.5238095238095236	0.5238095238095236	0.4	0.38095238095238093	0.37398085785182555	0.3285543608124253	0.3333333333333333	0.2903225806451612	0.3010752688172042	0.31182795698924726	0.31182795698924726	nan
7500	69	0.3333333333333333	0.3333333333333333	0.30000000000000004	0.2976190476190476	0.32291666666666663	0.4	0.5055555555555554	0.4921034946236559	0.39002932551319647	0.38888888888888884	0.3846153846153845	0.3333333333333333	0.3333333333333333	0.11784511784511788	0.13939393939393946	0.17171717171717177	0.22558922558922564	0.3333333333333333
7600	74	0.30465949820788524	0.22879987396116427	0.2500415170048095	0.3101725448777729	0.3197304899195889	0.3825347066726377	0.4828469022017407	0.4635754493930244	0.3708423238203803	0.38095238095238093	0.3711805435943366	0.32450946244049694	0.3333333333333333	0.16666666666666666	0.13333333333333333	0.16666666666666666	0.2222222222222222	0.3333333333333333
7700	68	0.1111111111111111	0.08333333333333333	0.1111111111111111	0.20833333333333331	0.29166666666666663	0.3333333333333333	0.31111111111111106	0.3095238095238095	0.3333333333333333	0.3186813186813187	0.3186813186813187	0.3333333333333333	0.3333333333333333	0.16666666666666666	0.13333333333333333	0.16666666666666666	0.2222222222222222	0.3333333333333333
7800	70	0.1111111111111111	0.13333333333333333	0.14285714285714285	0.20833333333333331	0.29166666666666663	0.3333333333333333	0.31111111111111106	0.3095238095238095	0.3333333333333333	0.3333333333333333	0.33333333333333326	0.3333333333333333	0.3333333333333333	0.16666666666666666	0.13333333333333333	0.25	0.3486590038314176	0.3793103448275862
7900	74	0.1111111111111111	0.13333333333333333	0.1282051282051282	0.18803418803418803	0.29166666666666663	0.3333333333333333	0.31127819548872177	0.30970282849982095	0.3333333333333333	0.3333333333333333	0.33333333333333326	0.30256410256410254	0.282051282051282	0.1679197994987468	0.1348370927318295	0.2506265664160401	0.20562945826103723	0.1204935415461731
8000	72	0.1111111111111111	0.13333333333333333	0.19047619047619047	0.29166666666666663	0.3333333333333333	0.3142857142857143	0.3214285714285714	0.3333333333333333	0.3333333333333333	0.3333333333333333	0.33333333333333326	0.43589743589743585	0.6153846153846154	0.7777777777777777	0.6666666666666666	0.5384615384615384	0.4230769230769231	0.3333333333333333
8100	74	0.1111111111111111	0.13333333333333333	0.17913121361397225	0.27181295715778475	0.3234064785788924	0.3333333333333333	0.3234064785788924	0.3227446882619296	0.3333333333333333	0.32198835647111507	0.3174503657262278	0.2509923362917918	0.13483709273182953	0.0863103422087088	0.128212380480983	0.1851195386585586	0.20050125313283207	0.17307692307692307
8200	77	0.1111111111111111	0.16666666666666666	0.16666666666666666	0.20833333333333331	0.29166666666666663	0.3333333333333333	0.2894461859979101	0.2867032392894462	0.3333333333333333	0.2857142857142857	0.2666666666666667	0.38906048906048907	0.577005577005577	0.6999487967229902	0.5975422427035328	0.611879160266257	0.6118791602662569	0.6999487967229902
8300	78	0.11194653299916456	0.1670843776106934	0.16666666666666666	0.20833333333333331	0.29166666666666663	0.3333333333333333	0.29411764705882354	0.29166666666666663	0.33333333333333337	0.29166666666666663	0.2666666666666667	0.4444444444444444	0.7333333333333333	0.7777777777777777	0.41666666666666663	0.16666666666666666	0.16666666666666666	0.1111111111111111
8400	82	0.1111111111111111	0.16666666666666666	0.16666666666666666	0.20833333333333331	0.2682682682682683	0.3081081081081082	0.29411764705882354	0.29166666666666663	0.33333333333333337	0.2941176470588235	0.2708333333333333	0.41428571428571426	0.6349206349206349	0.7777777777777777	0.41919191919191917	0.14393939393939403	0.17099567099567106	0.17171717171717177
8500	83	0.1111111111111111	0.16666666666666666	0.16666666666666666	0.20833333333333331	0.2962962962962963	0.33333333333333337	0.29411764705882354	0.29166666666666663	0.33333333333333337	0.2941176470588235	0.2708333333333333	0.4333333333333334	0.6666666666666666	0.7777777777777777	0.3384615384615385	0.1465201465201465	0.19047619047619047	0.16666666666666666
8600	86	0.29291052479458274	0.43936578719187414	0.3886411495107147	0.26068376068376065	0.36567958790181015	0.38181818181818183	0.3000147427392009	0.2979323308270676	0.42148760330578516	0.37356760886172646	0.306547619047619	0.4243107769423558	0.6198830409356725	0.5897435897435896	0.37655677655677655	0.4235209235209236	0.36588630667578037	0.22005012531328322
8700	74	0.4444444444444444	0.6666666666666666	0.5833333333333333	0.3333333333333333	0.4074074074074074	0.4	0.3333333333333333	0.3113553113553113	0.3076923076923077	0.33333333333333326	0.32212885154061627	0.3159041394335512	0.3333333333333333	0.3333333333333333	0.3333333333333333	0.3333333333333333	0.3333333333333333	0.3333333333333333
8800	73	0.4444444444444444	0.6666666666666666	0.5833333333333333	0.3333333333333333	0.37777777777777777	0.3737373737373737	0.3333333333333333	0.3333333333333333	0.33333333333333337	0.33333333333333326	0.3333333333333333	0.3333333333333333	0.3333333333333333	0.3333333333333333	0.3333333333333333	0.3333333333333333	0.3333333333333333	0.3333333333333333
8900	82	0.3611111111111111	0.7142857142857143	0.6296296296296295	0.3333333333333333	0.4074074074074074	0.4	0.3333333333333333	0.29980506822612085	0.294646873594242	0.33333333333333326	0.3153153153153153	0.30530530530530536	0.32142857142857145	0.2824074074074074	0.27777777777777773	0.3333333333333333	0.38095238095238093	0.4444444444444445
9000	77	0.5555555555555555	0.7142857142857143	0.6296296296296295	0.3333333333333333	0.3872053872053872	0.38181818181818183	0.3333333333333333	0.3679653679653679	0.3737373737373737	0.33333333333333326	0.3333333333333333	0.3333333333333333	0.3333333333333333	0.3333333333333333	0.3333333333333333	0.3333333333333333	0.40259740259740256	0.494949494949495
9100	83	0.5555555555555555	0.7142857142857143	0.6296296296296295	0.3333333333333333	0.4074074074074074	0.3939393939393939	0.3141025641025641	0.35726495726495716	0.38888888888888884	0.33333333333333326	0.3333333333333333	0.3333333333333333	0.3333333333333333	0.3333333333333333	0.5	0.4444444444444444	0.42857142857142855	0.49999999999999994
9200	87	0.5122358175750834	0.7081413210445469	0.6296296296296295	0.3333333333333333	0.4074074074074074	0.3678678678678679	0.31756756756756754	0.3809523809523809	0.3809523809523809	0.33333333333333326	0.33333333333333326	0.3333333333333333	0.3333333333333333	0.3333333333333333	0.5	0.4444444444444444	0.42857142857142855	0.6666666666666666
9300	92	0.47586206896551725	0.7142857142857143	0.6296296296296295	0.3333333333333333	0.4074074074074074	0.3881520778072502	0.3360378634212305	0.3809523809523809	0.38423645320197036	0.3358876117496806	0.33333333333333326	0.3333333333333333	0.3333333333333333	0.34099616858237547	0.4008252284114353	0.38461538461538464	0.42857142857142855	0.5404040404040404
9400	95	0.39643206256109487	0.6043250144632631	0.4906562594168705	0.2878073319499465	0.39204642430448877	0.37087912087912084	0.3284313725490196	0.31204134818798074	0.3064857926324252	0.32933681544792653	0.3340930674264007	0.3333333333333333	0.33496133496133496	0.32134377967711303	0.2505115089514066	0.27820403523728326	0.28607964925100465	0.22182507563251722
9500	98	0.4666666666666666	0.7142857142857143	0.6296296296296295	0.3333333333333333	0.4	0.3846153846153845	0.3162393162393162	0.2932692307692307	0.31111111111111106	0.33333333333333326	0.33333333333333326	0.3333333333333333	0.3333333333333333	0.3333333333333333	0.2655723905723906	0.1915974415974416	0.29246738621738627	0.35263347763347763
9600	98	0.4444444444444444	0.6666666666666666	0.6296296296296295	0.3333333333333333	0.4	0.36090225563909767	0.3177387914230019	0.3333333333333333	0.3809523809523809	0.35327635327635326	0.31282051282051276	0.32121212121212117	0.316017316017316	0.4666666666666666	0.4666666666666666	0.3333333333333333	0.4492753623188405	0.4958278436539305
9700	100	0.38461538461538464	0.6666666666666666	0.6296296296296295	0.3333333333333333	0.4	0.3809523809523809	0.33333333333333326	0.3333333333333333	0.3809523809523809	0.37254901960784315	0.3333333333333333	0.33333333333333337	0.3333333333333333	0.4666666666666666	0.39316239316239315	0.28937728937728935	0.5238095238095238	0.619047619047619
9800	103	0.4444444444444444	0.6666666666666666	0.6296296296296295	0.3333333333333333	0.4	0.3809523809523809	0.32222222222222213	0.3194444444444444	0.3809523809523809	0.37254901960784315	0.3333333333333333	0.30536130536130535	0.3042538559779939	0.45210727969348663	0.4521072796934866	0.33990147783251234	0.5238095238095238	0.6129032258064516
9900	100	0.4444444444444444	0.6666666666666666	0.6296296296296295	0.3333333333333333	0.4	0.3809523809523809	0.33333333333333326	0.33333333333333326	0.3809523809523809	0.37254901960784315	0.3333333333333333	0.33333333333333337	0.3333333333333333	0.4444444444444445	0.4444444444444444	0.3333333333333333	0.5238095238095238	0.6666666666666666
10000	101	0.4444444444444444	0.6666666666666666	0.5719298245614034	0.3052631578947368	0.4	0.3809523809523809	0.33333333333333326	0.33333333333333326	0.3809523809523809	0.37254901960784315	0.3333333333333333	0.33333333333333337	0.3333333333333333	0.27777777777777773	0.27777777777777773	0.3333333333333333	0.23809523809523808	0.16666666666666666
