	site
generation	50	100	150	200	250	300	350	400	450	500	550	600	650	700	750	800	850	900	950
0	1.0000000000000004e-05	1.0000000000000004e-05	1.0000000000000004e-05	1.0000000000000004e-05	1.0000000000000004e-05	1.0000000000000004e-05	1.0000000000000004e-05	1.0000000000000004e-05	1.0000000000000004e-05	1.0000000000000004e-05	1.0000000000000004e-05	1.0000000000000004e-05	1.0000000000000004e-05	1.0000000000000004e-05	1.0000000000000004e-05	1.0000000000000004e-05	1.0000000000000004e-05	1.0000000000000004e-05	1.0000000000000004e-05
100	1.0000000000000004e-05	1.0000000000000004e-05	1.0000000000000004e-05	1.0000000000000004e-05	1.0000000000000004e-05	1.0000000000000004e-05	1.0000000000000004e-05	1.0000000000000004e-05	1.0000000000000004e-05	1.0000000000000004e-05	1.0000000000000004e-05	1.0000000000000004e-05	1.0000000000000004e-05	1.0000000000000004e-05	1.0000000000000004e-05	1.0000000000000004e-05	1.0000000000000004e-05	1.0000000000000004e-05	1.0000000000000004e-05
200	1.0000000000000003e-05	1.0000000000000003e-05	1.0000000000000003e-05	9.97255952380953e-06	9.845178571428577e-06	9.840773809523815e-06	9.96797619047619e-06	9.9952380952381e-06	9.991964285714288e-06	9.994761904761908e-06	9.99821428571429e-06	1.0000000000000003e-05	1.0000000000000003e-05	1.0000000000000003e-05	1.0000000000000003e-05	1.0000000000000003e-05	9.983392857142863e-06	9.961607142857149e-06	9.969285714285722e-06
300	9.91291666666667e-06	9.972440476190479e-06	1.0000000000000003e-05	9.969047619047625e-06	9.858035714285717e-06	9.864285714285717e-06	9.975297619047622e-06	1.0000000000000003e-05	1.0000000000000003e-05	9.995000000000003e-06	9.98125e-06	9.985000000000002e-06	9.998750000000003e-06	1.0000000000000003e-05	1.0000000000000003e-05	1.0000000000000003e-05	9.958750000000005e-06	9.901369047619047e-06	9.897976190476189e-06
400	9.902738095238096e-06	9.968214285714287e-06	1.0000000000000003e-05	9.974464285714288e-06	9.82886904761905e-06	9.825535714285719e-06	9.971130952380955e-06	1.0000000000000003e-05	1.0000000000000003e-05	1.0000000000000003e-05	1.0000000000000003e-05	9.998452380952383e-06	9.982916666666669e-06	9.90714285714286e-06	9.913750000000003e-06	9.991071428571431e-06	1.0000000000000003e-05	1.0000000000000003e-05	1.0000000000000003e-05
500	9.913504464285718e-06	9.974888392857146e-06	1.0000000000000004e-05	1.0000000000000004e-05	9.999218750000004e-06	9.996875000000008e-06	9.997656250000005e-06	1.0000000000000004e-05	1.0000000000000004e-05	1.0000000000000004e-05	1.0000000000000004e-05	1.0000000000000004e-05	9.99893973214286e-06	9.996149553571435e-06	9.994810267857151e-06	9.997600446428575e-06	9.986049107142862e-06	9.928292410714292e-06	9.894810267857149e-06
600	1.0000000000000004e-05	9.99821428571429e-06	9.945075757575764e-06	9.898322510822516e-06	9.887932900432906e-06	9.903463203463209e-06	9.966991341991346e-06	1.0000000000000004e-05	1.0000000000000004e-05	9.999837662337669e-06	9.995941558441562e-06	9.994101731601737e-06	9.99799783549784e-06	9.997997835497842e-06	9.996969696969703e-06	9.998971861471865e-06	9.986201298701307e-06	9.917370129870133e-06	9.877056277056278e-06
700	1.0000000000000003e-05	9.998460591133008e-06	9.950184729064042e-06	9.895443349753695e-06	9.849137931034483e-06	9.807266009852218e-06	9.891625615763549e-06	9.983497536945815e-06	9.885036945812813e-06	9.808497536945816e-06	9.917118226600988e-06	9.999938423645324e-06	9.997721674876852e-06	9.889655172413793e-06	9.802955665024633e-06	9.84137931034483e-06	9.901970443349758e-06	9.96896551724138e-06	9.997352216748771e-06
800	1.0000000000000004e-05	1.0000000000000004e-05	9.997781385281392e-06	9.996969696969703e-06	9.999188311688315e-06	1.0000000000000004e-05	1.0000000000000004e-05	1.0000000000000004e-05	9.997564935064941e-06	9.996969696969701e-06	9.999404761904766e-06	1.0000000000000004e-05	1.0000000000000004e-05	9.996049783549787e-06	9.919588744588752e-06	9.863690476190482e-06	9.937987012987017e-06	9.9978354978355e-06	1.0000000000000004e-05
900	1.0000000000000004e-05	1.0000000000000004e-05	1.0000000000000004e-05	9.999423963133643e-06	9.956739631336411e-06	9.914976958525351e-06	9.956163594470049e-06	9.99850230414747e-06	1.0000000000000004e-05	1.0000000000000004e-05	1.0000000000000004e-05	1.0000000000000004e-05	1.0000000000000004e-05	1.0000000000000004e-05	1.0000000000000004e-05	9.99976958525346e-06	9.94948156682028e-06	9.913421658986181e-06	9.960829493087561e-06
1000	9.996540178571438e-06	9.99285714285715e-06	9.94508928571429e-06	9.891629464285719e-06	9.892466517857146e-06	9.85641741071429e-06	9.706417410714288e-06	9.74157366071429e-06	9.938002232142861e-06	9.995647321428578e-06	9.999609375000001e-06	1.0000000000000004e-05	1.0000000000000004e-05	1.0000000000000004e-05	1.0000000000000004e-05	1.0000000000000004e-05	9.998939732142862e-06	9.974051339285721e-06	9.944419642857146e-06
1100	1.0000000000000003e-05	1.0000000000000003e-05	1.0000000000000003e-05	1.0000000000000003e-05	1.0000000000000003e-05	9.999880952380953e-06	9.98583333333334e-06	9.91428571428572e-06	9.907500000000003e-06	9.97916666666667e-06	1.0000000000000003e-05	1.0000000000000003e-05	9.983988095238098e-06	9.9114880952381e-06	9.916011904761905e-06	9.988511904761906e-06	1.0000000000000003e-05	1.0000000000000003e-05	1.0000000000000003e-05
1200	1.0000000000000004e-05	9.997235023041479e-06	9.992108294930881e-06	9.993087557603692e-06	9.99821428571429e-06	1.0000000000000004e-05	1.0000000000000004e-05	1.0000000000000004e-05	1.0000000000000004e-05	9.992108294930881e-06	9.987096774193554e-06	9.994988479262675e-06	9.978168202764981e-06	9.284158986175119e-06	5.870218894009218e-06	6.308870967741935e-06	9.725806451612904e-06	9.91411290322581e-06	9.852304147465437e-06
1300	1.000000000000001e-05	1.000000000000001e-05	1.000000000000001e-05	1.000000000000001e-05	9.999842436974799e-06	9.99721638655463e-06	9.997216386554633e-06	9.999842436974799e-06	1.000000000000001e-05	1.000000000000001e-05	9.998792016806729e-06	9.99705882352942e-06	9.9982668067227e-06	1.000000000000001e-05	1.000000000000001e-05	1.000000000000001e-05	1.000000000000001e-05	1.000000000000001e-05	1.000000000000001e-05
1400	9.831797235023042e-06	9.885483870967743e-06	9.95731566820277e-06	9.979723502304151e-06	9.944470046082954e-06	9.889400921658993e-06	9.709101382488482e-06	9.629262672811064e-06	9.81584101382489e-06	9.935656682027653e-06	9.952016129032262e-06	9.910714285714288e-06	9.910599078341019e-06	9.901555299539175e-06	9.844873271889405e-06	9.896774193548391e-06	9.976152073732724e-06	9.992165898617515e-06	9.97776497695853e-06
1500	9.909040178571432e-06	9.902064732142863e-06	9.854799107142861e-06	9.826841517857151e-06	8.178125000000002e-06	4.0753348214285705e-06	1.6016741071428572e-06	2.2567522321428573e-06	5.824832589285716e-06	9.293303571428575e-06	9.920647321428578e-06	9.920479910714289e-06	9.916406250000003e-06	9.852678571428575e-06	9.79598214285715e-06	9.898660714285718e-06	9.982756696428575e-06	1.0000000000000004e-05	1.0000000000000004e-05
1600	9.89792626728111e-06	9.887039170506914e-06	9.760023041474658e-06	9.629147465437794e-06	8.255933179723504e-06	3.845910138248849e-06	7.189516129032257e-07	1.1494815668202767e-06	4.627649769585254e-06	8.694873271889402e-06	9.866474654377885e-06	9.903052995391709e-06	9.838709677419356e-06	9.525172811059914e-06	9.449366359447007e-06	9.740956221198158e-06	9.902937788018435e-06	9.988421658986178e-06	1.0000000000000004e-05
1700	9.986117511520743e-06	9.997638248847929e-06	9.999308755760373e-06	9.996428571428575e-06	9.994239631336409e-06	9.831509216589864e-06	9.667741935483874e-06	9.672062211981577e-06	9.778801843317976e-06	9.938709677419358e-06	9.997465437788021e-06	9.994009216589866e-06	9.993778801843322e-06	9.990092165898622e-06	9.981797235023049e-06	9.987442396313367e-06	9.996543778801846e-06	9.999423963133645e-06	1.0000000000000004e-05
1800	9.954285714285713e-06	9.985476190476194e-06	9.99369047619048e-06	9.99821428571429e-06	9.981369047619051e-06	9.948333333333334e-06	9.957559523809525e-06	9.93821428571429e-06	9.931547619047619e-06	9.983452380952383e-06	9.999523809523814e-06	9.998690476190478e-06	9.989226190476197e-06	9.987976190476194e-06	9.994523809523815e-06	9.97964285714286e-06	9.979583333333335e-06	9.997023809523813e-06	1.0000000000000003e-05
1900	9.918657635467988e-06	9.805665024630547e-06	9.784667487684731e-06	9.7814039408867e-06	8.226169950738919e-06	3.438177339901478e-06	8.651477832512315e-08	3.591133004926107e-07	3.393903940886698e-06	7.836145320197042e-06	9.799199507389164e-06	9.997844827586209e-06	1.0000000000000003e-05	1.0000000000000003e-05	1.0000000000000003e-05	1.0000000000000003e-05	1.0000000000000003e-05	1.0000000000000003e-05	1.0000000000000003e-05
2000	9.888095238095245e-06	9.21666666666667e-06	8.230892857142859e-06	8.106428571428573e-06	9.150476190476193e-06	9.958273809523811e-06	9.997083333333336e-06	9.987261904761912e-06	9.989583333333337e-06	9.999404761904766e-06	1.0000000000000003e-05	1.0000000000000003e-05	1.0000000000000003e-05	1.0000000000000003e-05	1.0000000000000003e-05	1.0000000000000003e-05	1.0000000000000003e-05	1.0000000000000003e-05	1.0000000000000003e-05
2100	1.0000000000000003e-05	1.0000000000000003e-05	1.0000000000000003e-05	1.0000000000000003e-05	1.0000000000000003e-05	1.0000000000000003e-05	1.0000000000000003e-05	1.0000000000000003e-05	1.0000000000000003e-05	1.0000000000000003e-05	1.0000000000000003e-05	1.0000000000000003e-05	1.0000000000000003e-05	1.0000000000000003e-05	1.0000000000000003e-05	1.0000000000000003e-05	1.0000000000000003e-05	1.0000000000000003e-05	1.0000000000000003e-05
2200	9.979631696428577e-06	9.933258928571432e-06	9.94196428571429e-06	9.93493303571429e-06	9.932924107142861e-06	9.989118303571431e-06	1.0000000000000004e-05	1.0000000000000004e-05	1.0000000000000004e-05	1.0000000000000004e-05	1.0000000000000004e-05	1.0000000000000004e-05	1.0000000000000004e-05	1.0000000000000004e-05	1.0000000000000004e-05	1.0000000000000004e-05	1.0000000000000004e-05	1.0000000000000004e-05	1.0000000000000004e-05
2300	1.0000000000000003e-05	1.0000000000000003e-05	1.0000000000000003e-05	9.993571428571433e-06	9.986666666666672e-06	9.992559523809524e-06	9.996666666666669e-06	9.997202380952384e-06	9.999166666666667e-06	9.991726190476196e-06	9.990833333333336e-06	9.998273809523813e-06	1.0000000000000003e-05	1.0000000000000003e-05	1.0000000000000003e-05	1.0000000000000003e-05	1.0000000000000003e-05	1.0000000000000003e-05	1.0000000000000003e-05
2400	1.0000000000000004e-05	1.0000000000000004e-05	9.995200892857147e-06	9.919196428571431e-06	9.831026785714288e-06	9.890178571428576e-06	9.983147321428576e-06	9.998381696428575e-06	9.996875000000006e-06	9.998493303571433e-06	1.0000000000000004e-05	1.0000000000000004e-05	9.99748883928572e-06	9.991685267857153e-06	9.98688616071429e-06	9.974330357142864e-06	9.91501116071429e-06	9.918359375000003e-06	9.984988839285719e-06
2500	9.713798701298707e-06	9.884686147186151e-06	9.997727272727277e-06	1.0000000000000004e-05	1.0000000000000004e-05	1.0000000000000004e-05	9.989177489177497e-06	9.943885281385284e-06	9.935227272727275e-06	9.977326839826845e-06	9.992261904761908e-06	9.98463203463204e-06	9.923322510822515e-06	9.648701298701303e-06	9.714556277056281e-06	9.985010822510826e-06	9.938636363636367e-06	9.936201298701304e-06	9.982575757575761e-06
2600	9.84976958525346e-06	9.95345622119816e-06	1.0000000000000004e-05	1.0000000000000004e-05	1.0000000000000004e-05	1.0000000000000004e-05	1.0000000000000004e-05	1.0000000000000004e-05	1.0000000000000004e-05	9.972177419354841e-06	9.90841013824885e-06	9.927822580645163e-06	9.991589861751155e-06	1.0000000000000004e-05	1.0000000000000004e-05	1.0000000000000004e-05	1.0000000000000004e-05	1.0000000000000004e-05	1.0000000000000004e-05
2700	9.831105990783412e-06	9.948271889400924e-06	9.973214285714292e-06	9.951497695852536e-06	9.958410138248852e-06	9.91428571428572e-06	9.482546082949315e-06	9.178974654377885e-06	9.624539170506917e-06	9.98225806451613e-06	9.949884792626734e-06	9.95086405529954e-06	9.959562211981569e-06	9.95529953917051e-06	9.98410138248848e-06	9.99625576036867e-06	9.966013824884797e-06	9.955069124423965e-06	9.97379032258065e-06
2800	8.915783410138251e-06	9.768317972350233e-06	1.0000000000000004e-05	1.0000000000000004e-05	1.0000000000000004e-05	1.0000000000000004e-05	1.0000000000000004e-05	1.0000000000000004e-05	1.0000000000000004e-05	1.0000000000000004e-05	1.0000000000000004e-05	1.0000000000000004e-05	1.0000000000000004e-05	1.0000000000000004e-05	1.0000000000000004e-05	1.0000000000000004e-05	1.0000000000000004e-05	1.0000000000000004e-05	1.0000000000000004e-05
2900	9.892083333333336e-06	9.958750000000002e-06	9.887857142857148e-06	9.805000000000002e-06	9.882797619047624e-06	9.81791666666667e-06	9.058690476190477e-06	8.460535714285719e-06	9.233988095238098e-06	9.984642857142859e-06	1.0000000000000003e-05	1.0000000000000003e-05	1.0000000000000003e-05	1.0000000000000003e-05	1.0000000000000003e-05	1.0000000000000003e-05	1.0000000000000003e-05	9.999464285714286e-06	9.996488095238096e-06
3000	6.471947004608296e-06	7.775691244239632e-06	7.602246543778803e-06	7.683006912442397e-06	8.875748847926272e-06	9.971082949308758e-06	1.0000000000000004e-05	1.0000000000000004e-05	1.0000000000000004e-05	1.0000000000000004e-05	1.0000000000000004e-05	1.0000000000000004e-05	9.999308755760373e-06	9.996774193548392e-06	9.997465437788021e-06	9.997119815668206e-06	9.994239631336409e-06	9.996428571428575e-06	9.999308755760373e-06
3100	8.156624423963133e-06	7.091705069124424e-06	6.833294930875576e-06	6.748156682027651e-06	7.920046082949314e-06	9.951440092165903e-06	9.941877880184335e-06	9.934447004608298e-06	9.977649769585257e-06	9.971255760368669e-06	9.20074884792627e-06	6.04809907834101e-06	3.742165898617512e-06	5.560138248847928e-06	8.583755760368665e-06	9.886232718894014e-06	9.88899769585254e-06	9.919988479262677e-06	9.941762672811062e-06
3200	9.712890625000005e-06	9.570479910714289e-06	8.793303571428576e-06	8.245870535714285e-06	9.114899553571432e-06	9.966294642857146e-06	9.924107142857148e-06	9.908203125000006e-06	9.969642857142862e-06	9.994977678571432e-06	9.815625000000003e-06	9.19224330357143e-06	8.714843750000001e-06	9.133147321428576e-06	9.784375000000006e-06	9.983314732142867e-06	9.980803571428578e-06	9.980580357142861e-06	9.98325892857143e-06
3300	9.99637096774194e-06	9.999251152073736e-06	1.0000000000000004e-05	1.0000000000000004e-05	1.0000000000000004e-05	1.0000000000000004e-05	1.0000000000000004e-05	1.0000000000000004e-05	1.0000000000000004e-05	1.0000000000000004e-05	1.0000000000000004e-05	1.0000000000000004e-05	1.0000000000000004e-05	1.0000000000000004e-05	1.0000000000000004e-05	9.996716589861755e-06	9.988882488479267e-06	9.984389400921665e-06	9.974942396313375e-06
3400	1.0000000000000004e-05	1.0000000000000004e-05	9.983820346320353e-06	9.94009740259741e-06	9.911363636363644e-06	9.911796536796542e-06	9.950270562770569e-06	9.993560606060611e-06	1.0000000000000004e-05	1.0000000000000004e-05	1.0000000000000004e-05	9.999350649350656e-06	9.996969696969705e-06	9.997619047619051e-06	1.0000000000000004e-05	1.0000000000000004e-05	1.0000000000000004e-05	9.976298701298709e-06	9.933008658008666e-06
3500	9.947695852534566e-06	9.964458525345625e-06	9.983640552995395e-06	9.91480414746544e-06	9.716013824884796e-06	8.337269585253457e-06	6.985771889400922e-06	7.378974654377883e-06	8.921198156682032e-06	9.976728110599081e-06	9.987327188940096e-06	9.992223502304151e-06	9.99976958525346e-06	1.0000000000000004e-05	1.0000000000000004e-05	1.0000000000000004e-05	1.0000000000000004e-05	9.954262672811064e-06	9.84481566820277e-06
3600	9.988257575757577e-06	9.990746753246759e-06	9.976406926406932e-06	9.911688311688313e-06	9.84945887445888e-06	8.417316017316022e-06	7.650324675324675e-06	9.09063852813853e-06	9.923917748917753e-06	9.972835497835506e-06	9.958603896103905e-06	9.965097402597408e-06	9.995941558441562e-06	1.0000000000000004e-05	1.0000000000000004e-05	1.0000000000000004e-05	1.0000000000000004e-05	9.956872294372302e-06	9.854058441558448e-06
3700	1.0000000000000003e-05	9.973337438423646e-06	9.909667487684733e-06	9.831157635467982e-06	9.133066502463057e-06	5.35954433497537e-06	4.176108374384236e-06	6.995997536945816e-06	8.899692118226603e-06	9.820504926108375e-06	7.976416256157638e-06	3.50911330049261e-06	8.658866995073892e-07	3.054802955665025e-06	7.556157635467983e-06	9.894150246305422e-06	9.786453201970446e-06	9.807758620689657e-06	9.933682266009852e-06
3800	1.0000000000000003e-05	9.978928571428574e-06	9.902023809523812e-06	9.851190476190479e-06	9.584583333333336e-06	5.523214285714287e-06	1.3777976190476192e-06	3.794583333333334e-06	8.250892857142859e-06	9.873809523809526e-06	8.425297619047621e-06	3.5349404761904775e-06	2.2178571428571426e-07	3.3410119047619047e-06	8.101904761904764e-06	9.884226190476192e-06	9.780833333333335e-06	9.790535714285716e-06	9.909464285714286e-06
3900	9.99533410138249e-06	9.818433179723508e-06	9.587788018433182e-06	9.640322580645165e-06	8.915207373271892e-06	4.547119815668204e-06	1.136347926267281e-06	4.353859447004609e-06	8.703801843317975e-06	9.961693548387101e-06	9.300000000000002e-06	8.029608294930876e-06	7.518778801843318e-06	8.11451612903226e-06	9.269412442396315e-06	9.942165898617517e-06	9.915034562211983e-06	9.872580645161294e-06	9.880990783410141e-06
4000	9.998102678571432e-06	9.929743303571433e-06	9.783482142857148e-06	9.716517857142862e-06	9.337444196428575e-06	5.228738839285715e-06	1.5032924107142858e-06	4.3584263392857165e-06	8.590178571428575e-06	9.939285714285719e-06	9.900725446428576e-06	9.939787946428576e-06	9.998660714285719e-06	9.946819196428573e-06	9.901116071428574e-06	9.951227678571432e-06	9.950055803571434e-06	9.868526785714287e-06	9.832310267857142e-06
4100	9.999464285714289e-06	9.909345238095242e-06	9.758988095238099e-06	9.692738095238098e-06	8.751250000000002e-06	4.317916666666667e-06	1.043511904761905e-06	4.269523809523809e-06	8.586785714285716e-06	9.903571428571431e-06	9.9014880952381e-06	9.946904761904764e-06	9.997976190476193e-06	9.9627380952381e-06	9.901309523809526e-06	9.937261904761907e-06	9.953630952380957e-06	9.86482142857143e-06	9.818154761904763e-06
4200	9.9705069124424e-06	9.919124423963138e-06	9.786405529953921e-06	9.5168202764977e-06	8.831912442396313e-06	4.927188940092166e-06	1.7241935483870962e-06	4.391993087557604e-06	8.406682027649772e-06	9.945737327188944e-06	9.900748847926272e-06	9.933237327188942e-06	9.999251152073736e-06	1.0000000000000004e-05	1.0000000000000004e-05	1.0000000000000004e-05	1.0000000000000004e-05	1.0000000000000004e-05	1.0000000000000004e-05
4300	9.998099078341017e-06	9.922407834101386e-06	9.77177419354839e-06	9.725345622119817e-06	9.323271889400925e-06	5.610311059907837e-06	2.11491935483871e-06	4.601900921658988e-06	8.632085253456223e-06	9.943087557603689e-06	9.912442396313365e-06	9.948559907834103e-06	9.997983870967747e-06	9.993663594470051e-06	9.994585253456227e-06	9.998675115207377e-06	9.994297235023046e-06	9.994758064516133e-06	9.999251152073736e-06
4400	1.0000000000000004e-05	1.0000000000000004e-05	1.0000000000000004e-05	1.0000000000000004e-05	1.0000000000000004e-05	1.0000000000000004e-05	1.0000000000000004e-05	1.0000000000000004e-05	1.0000000000000004e-05	9.998271889400925e-06	9.996774193548392e-06	9.998502304147468e-06	9.999308755760373e-06	9.996774193548392e-06	9.997465437788021e-06	1.0000000000000004e-05	1.0000000000000004e-05	1.0000000000000004e-05	1.0000000000000004e-05
4500	9.854129464285718e-06	9.876227678571432e-06	9.830691964285715e-06	9.830301339285717e-06	9.954743303571432e-06	1.0000000000000004e-05	9.999888392857145e-06	9.995424107142866e-06	9.983761160714292e-06	9.922712053571432e-06	9.910100446428576e-06	9.975613839285718e-06	1.0000000000000004e-05	1.0000000000000004e-05	1.0000000000000004e-05	9.998214285714291e-06	9.995982142857148e-06	9.99084821428572e-06	9.984709821428575e-06
4600	4.542619047619049e-06	6.760476190476191e-06	9.535357142857144e-06	9.824642857142859e-06	9.95357142857143e-06	1.0000000000000003e-05	1.0000000000000003e-05	1.0000000000000003e-05	9.989166666666673e-06	9.92416666666667e-06	9.910833333333333e-06	9.975833333333335e-06	1.0000000000000003e-05	1.0000000000000003e-05	1.0000000000000003e-05	1.0000000000000003e-05	9.993750000000004e-06	9.934642857142861e-06	9.869464285714289e-06
4700	5.692586580086581e-06	7.762283549783552e-06	9.746536796536803e-06	9.824891774891776e-06	9.948376623376627e-06	1.0000000000000004e-05	1.0000000000000004e-05	1.0000000000000004e-05	9.989339826839832e-06	9.91515151515152e-06	9.898538961038965e-06	9.972727272727274e-06	1.0000000000000004e-05	1.0000000000000004e-05	9.973755411255417e-06	9.906709956709962e-06	9.920562770562774e-06	9.925974025974032e-06	9.86531385281386e-06
4800	7.191935483870969e-06	8.144585253456221e-06	9.654205069124428e-06	9.867626728110604e-06	9.956394009216591e-06	1.0000000000000004e-05	1.0000000000000004e-05	1.0000000000000004e-05	9.990207373271896e-06	9.88260368663595e-06	9.835599078341019e-06	9.943202764976961e-06	1.0000000000000004e-05	9.998156682027654e-06	9.928341013824887e-06	9.837788018433182e-06	9.89746543778802e-06	9.989861751152076e-06	1.0000000000000004e-05
4900	9.939987244897961e-06	9.958992346938775e-06	9.905102040816329e-06	9.925637755102042e-06	9.994897959183674e-06	1e-05	1e-05	1e-05	9.996747448979592e-06	9.94183673469388e-06	9.903252551020408e-06	9.958163265306123e-06	1e-05	1e-05	9.977997448979592e-06	9.910140306122454e-06	9.922002551020407e-06	9.98985969387755e-06	1e-05
5000	9.796964285714289e-06	9.905833333333336e-06	9.898690476190478e-06	9.924345238095241e-06	9.99464285714286e-06	1.0000000000000003e-05	1.0000000000000003e-05	1.0000000000000003e-05	9.998988095238098e-06	9.948988095238099e-06	9.901011904761908e-06	9.951011904761905e-06	1.0000000000000003e-05	1.0000000000000003e-05	1.0000000000000003e-05	1.0000000000000003e-05	1.0000000000000003e-05	1.0000000000000003e-05	1.0000000000000003e-05
5100	9.85097926267282e-06	9.930357142857148e-06	9.925403225806456e-06	9.944009216589867e-06	9.996140552995395e-06	9.98842165898618e-06	9.981682027649775e-06	9.992223502304151e-06	9.998847926267282e-06	9.959216589861759e-06	9.923732718894013e-06	9.963364055299542e-06	1.0000000000000004e-05	1.0000000000000004e-05	1.0000000000000004e-05	1.0000000000000004e-05	1.0000000000000004e-05	1.0000000000000004e-05	1.0000000000000004e-05
5200	9.996372767857149e-06	9.999162946428574e-06	1.0000000000000004e-05	1.0000000000000004e-05	1.0000000000000004e-05	1.0000000000000004e-05	1.0000000000000004e-05	9.99207589285715e-06	9.984709821428577e-06	9.992299107142863e-06	9.999665178571431e-06	1.0000000000000004e-05	9.995312500000008e-06	9.987779017857146e-06	9.988281250000006e-06	9.97885044642858e-06	9.978794642857148e-06	9.978571428571434e-06	9.957700892857148e-06
5300	9.799441964285721e-06	9.929743303571433e-06	9.996875000000008e-06	9.997712053571433e-06	1.0000000000000004e-05	1.0000000000000004e-05	1.0000000000000004e-05	1.0000000000000004e-05	1.0000000000000004e-05	1.0000000000000004e-05	1.0000000000000004e-05	1.0000000000000004e-05	1.0000000000000004e-05	1.0000000000000004e-05	1.0000000000000004e-05	1.0000000000000004e-05	1.0000000000000004e-05	1.0000000000000004e-05	1.0000000000000004e-05
5400	9.794758064516133e-06	9.938709677419358e-06	9.961981566820283e-06	9.897638248847931e-06	9.931566820276501e-06	9.995967741935488e-06	1.0000000000000004e-05	1.0000000000000004e-05	9.990610599078346e-06	9.926958525345628e-06	9.909389400921665e-06	9.947868663594477e-06	9.906163594470049e-06	9.92517281105991e-06	9.97764976958526e-06	9.912096774193555e-06	9.914055299539172e-06	9.984677419354843e-06	9.998905529953921e-06
5500	9.815892857142862e-06	9.915476190476195e-06	9.862440476190483e-06	9.82916666666667e-06	9.937559523809526e-06	9.999226190476195e-06	1.0000000000000003e-05	9.962321428571433e-06	9.905000000000003e-06	9.937678571428573e-06	9.995000000000003e-06	1.0000000000000003e-05	1.0000000000000003e-05	1.0000000000000003e-05	1.0000000000000003e-05	1.0000000000000003e-05	1.0000000000000003e-05	1.0000000000000003e-05	1.0000000000000003e-05
5600	9.866326530612248e-06	9.937946428571428e-06	9.867346938775511e-06	9.83016581632653e-06	9.943367346938775e-06	9.998214285714286e-06	1e-05	9.97110969387755e-06	9.914030612244902e-06	9.939604591836736e-06	9.996683673469388e-06	9.995280612244899e-06	9.992857142857143e-06	9.997576530612246e-06	9.999553571428572e-06	9.996428571428572e-06	9.967538265306123e-06	9.91498724489796e-06	9.925191326530611e-06
5700	9.807142857142861e-06	9.911104910714289e-06	9.866127232142858e-06	9.832756696428573e-06	9.933872767857147e-06	9.997209821428577e-06	1.0000000000000004e-05	1.0000000000000004e-05	1.0000000000000004e-05	1.0000000000000004e-05	1.0000000000000004e-05	1.0000000000000004e-05	1.0000000000000004e-05	1.0000000000000004e-05	9.995312500000008e-06	9.993750000000004e-06	9.998437500000003e-06	9.993024553571433e-06	9.979073660714291e-06
5800	9.601116071428576e-06	9.860044642857147e-06	9.858928571428575e-06	9.833649553571431e-06	9.933091517857148e-06	9.991015625000005e-06	9.998604910714289e-06	1.0000000000000004e-05	1.0000000000000004e-05	1.0000000000000004e-05	1.0000000000000004e-05	1.0000000000000004e-05	1.0000000000000004e-05	9.975055803571435e-06	9.906473214285717e-06	9.928069196428574e-06	9.979408482142865e-06	9.91216517857143e-06	9.84849330357143e-06
5900	9.871071428571432e-06	9.925833333333338e-06	7.836428571428574e-06	7.4446428571428595e-06	9.566904761904765e-06	9.999166666666669e-06	1.0000000000000003e-05	1.0000000000000003e-05	1.0000000000000003e-05	1.0000000000000003e-05	1.0000000000000003e-05	1.0000000000000003e-05	1.0000000000000003e-05	9.960773809523813e-06	9.902261904761907e-06	9.902261904761907e-06	9.879880952380956e-06	9.827083333333334e-06	9.79785714285714e-06
6000	9.831336405529958e-06	9.89907834101383e-06	8.347465437788018e-06	8.041705069124426e-06	9.642857142857146e-06	9.998963133640558e-06	1.0000000000000004e-05	1.0000000000000004e-05	9.98047235023042e-06	9.90547235023042e-06	9.903398617511522e-06	9.978398617511524e-06	1.0000000000000004e-05	9.966417050691252e-06	9.904262672811066e-06	9.86042626728111e-06	9.773041474654384e-06	9.756278801843323e-06	9.805011520737328e-06
6100	9.84363839285715e-06	9.91422991071429e-06	8.248716517857147e-06	7.913560267857145e-06	9.629408482142861e-06	9.997209821428577e-06	9.995758928571432e-06	9.939341517857147e-06	9.877287946428576e-06	9.865736607142862e-06	9.926953125000003e-06	9.983649553571435e-06	9.91300223214286e-06	9.882421875000005e-06	9.878404017857148e-06	9.275781250000002e-06	8.915736607142861e-06	9.547154017857145e-06	9.972991071428577e-06
6200	9.846037946428579e-06	9.899832589285723e-06	7.997823660714289e-06	7.600223214285715e-06	9.549051339285716e-06	9.998883928571432e-06	1.0000000000000004e-05	1.0000000000000004e-05	1.0000000000000004e-05	1.0000000000000004e-05	1.0000000000000004e-05	1.0000000000000004e-05	1.0000000000000004e-05	9.96356026785715e-06	9.87550223214286e-06	9.68091517857143e-06	9.571149553571435e-06	9.785658482142862e-06	9.961160714285723e-06
6300	8.088333333333335e-06	8.588511904761908e-06	6.361250000000002e-06	6.917916666666666e-06	9.780952380952384e-06	9.996845238095244e-06	9.985773809523814e-06	9.984404761904765e-06	9.997559523809527e-06	9.991071428571433e-06	9.983333333333335e-06	9.992261904761906e-06	1.0000000000000003e-05	9.994880952380957e-06	9.97601190476191e-06	9.797976190476193e-06	9.762976190476194e-06	9.943809523809526e-06	9.997678571428574e-06
6400	9.93824884792627e-06	9.948675115207377e-06	9.691993087557608e-06	9.648156682027653e-06	9.895794930875578e-06	9.968490783410141e-06	9.996082949308759e-06	1.0000000000000004e-05	1.0000000000000004e-05	1.0000000000000004e-05	1.0000000000000004e-05	1.0000000000000004e-05	1.0000000000000004e-05	9.997580645161295e-06	9.985599078341019e-06	9.512672811059913e-06	9.227649769585259e-06	9.696198156682032e-06	9.993202764976962e-06
6500	9.904743303571434e-06	9.925669642857147e-06	9.820926339285719e-06	9.846037946428577e-06	9.97907366071429e-06	1.0000000000000004e-05	1.0000000000000004e-05	1.0000000000000004e-05	1.0000000000000004e-05	1.0000000000000004e-05	1.0000000000000004e-05	1.0000000000000004e-05	1.0000000000000004e-05	1.0000000000000004e-05	1.0000000000000004e-05	1.0000000000000004e-05	1.0000000000000004e-05	1.0000000000000004e-05	1.0000000000000004e-05
6600	1.0000000000000004e-05	1.0000000000000004e-05	1.0000000000000004e-05	1.0000000000000004e-05	1.0000000000000004e-05	1.0000000000000004e-05	1.0000000000000004e-05	1.0000000000000004e-05	1.0000000000000004e-05	9.99752304147466e-06	9.996774193548392e-06	9.999251152073736e-06	1.0000000000000004e-05	1.0000000000000004e-05	9.999251152073736e-06	9.996774193548392e-06	9.997523041474657e-06	1.0000000000000004e-05	1.0000000000000004e-05
6700	9.999583333333333e-06	9.996666666666669e-06	9.997083333333336e-06	1.0000000000000003e-05	9.999761904761904e-06	9.992440476190483e-06	9.9902380952381e-06	9.997559523809527e-06	1.0000000000000003e-05	9.975178571428574e-06	9.88589285714286e-06	9.830833333333336e-06	9.914107142857144e-06	9.993988095238098e-06	1.0000000000000003e-05	1.0000000000000003e-05	1.0000000000000003e-05	1.0000000000000003e-05	1.0000000000000003e-05
6800	1.0000000000000003e-05	9.989716748768478e-06	9.489655172413795e-06	9.41028325123153e-06	9.910344827586209e-06	1.0000000000000003e-05	1.0000000000000003e-05	1.0000000000000003e-05	1.0000000000000003e-05	9.977463054187194e-06	9.928201970443353e-06	9.914716748768478e-06	9.961453201970447e-06	9.997475369458132e-06	1.0000000000000003e-05	9.99433497536946e-06	9.993103448275864e-06	9.998768472906406e-06	1.0000000000000003e-05
6900	1.0000000000000003e-05	1.0000000000000003e-05	1.0000000000000003e-05	1.0000000000000003e-05	1.0000000000000003e-05	1.0000000000000003e-05	1.0000000000000003e-05	1.0000000000000003e-05	1.0000000000000003e-05	1.0000000000000003e-05	1.0000000000000003e-05	1.0000000000000003e-05	1.0000000000000003e-05	1.0000000000000003e-05	1.0000000000000003e-05	1.0000000000000003e-05	1.0000000000000003e-05	1.0000000000000003e-05	1.0000000000000003e-05
7000	1.0000000000000003e-05	9.997906403940891e-06	9.996551724137932e-06	9.998645320197046e-06	1.0000000000000003e-05	1.0000000000000003e-05	1.0000000000000003e-05	1.0000000000000003e-05	1.0000000000000003e-05	9.9878078817734e-06	9.954802955665027e-06	9.940517241379312e-06	9.97278325123153e-06	9.999261083743845e-06	1.0000000000000003e-05	1.0000000000000003e-05	9.979187192118228e-06	9.965517241379312e-06	9.986330049261087e-06
7100	9.998325892857149e-06	9.992968750000004e-06	9.992299107142864e-06	9.997656250000005e-06	1.0000000000000004e-05	1.0000000000000004e-05	1.0000000000000004e-05	1.0000000000000004e-05	1.0000000000000004e-05	1.0000000000000004e-05	1.0000000000000004e-05	1.0000000000000004e-05	1.0000000000000004e-05	1.0000000000000004e-05	1.0000000000000004e-05	1.0000000000000004e-05	9.994531250000003e-06	9.990625000000004e-06	9.996093750000002e-06
7200	1.0000000000000003e-05	1.0000000000000003e-05	1.0000000000000003e-05	1.0000000000000003e-05	1.0000000000000003e-05	1.0000000000000003e-05	1.0000000000000003e-05	1.0000000000000003e-05	1.0000000000000003e-05	1.0000000000000003e-05	1.0000000000000003e-05	1.0000000000000003e-05	1.0000000000000003e-05	1.0000000000000003e-05	1.0000000000000003e-05	1.0000000000000003e-05	1.0000000000000003e-05	1.0000000000000003e-05	1.0000000000000003e-05
7300	9.997967980295568e-06	9.97672413793104e-06	9.963608374384242e-06	9.98189655172414e-06	9.99704433497537e-06	1.0000000000000003e-05	1.0000000000000003e-05	1.0000000000000003e-05	9.984421182266016e-06	9.969027093596064e-06	9.98454433497537e-06	9.995443349753697e-06	9.988669950738918e-06	9.990701970443354e-06	9.99753694581281e-06	9.999876847290643e-06	9.996798029556656e-06	9.996674876847293e-06	9.999753694581283e-06
7400	1.0000000000000004e-05	9.994534632034639e-06	9.987878787878797e-06	9.956547619047623e-06	9.902651515151519e-06	9.936471861471863e-06	9.991612554112556e-06	9.994264069264071e-06	9.999675324675328e-06	1.0000000000000004e-05	1.0000000000000004e-05	1.0000000000000004e-05	1.0000000000000004e-05	1.0000000000000004e-05	1.0000000000000004e-05	9.976406926406932e-06	9.84891774891775e-06	9.823863636363639e-06	9.948647186147191e-06
7500	9.996763392857148e-06	9.998772321428573e-06	9.99045758928572e-06	9.961439732142861e-06	9.918750000000004e-06	9.945200892857144e-06	9.943024553571434e-06	9.850502232142861e-06	9.891517857142861e-06	9.987388392857146e-06	1.0000000000000004e-05	9.992187500000005e-06	9.936718750000006e-06	9.923437500000003e-06	9.978906250000002e-06	1.0000000000000004e-05	1.0000000000000004e-05	1.0000000000000004e-05	1.0000000000000004e-05
7600	1.0000000000000004e-05	1.0000000000000004e-05	1.0000000000000004e-05	9.974441964285719e-06	9.904687500000004e-06	9.924218750000002e-06	9.922712053571432e-06	9.817354910714288e-06	9.872600446428575e-06	9.983984375000004e-06	1.0000000000000004e-05	9.991852678571432e-06	9.934151785714292e-06	9.917522321428574e-06	9.974609375e-06	9.996875000000008e-06	9.997488839285717e-06	1.0000000000000004e-05	1.0000000000000004e-05
7700	1.0000000000000004e-05	1.0000000000000004e-05	1.0000000000000004e-05	9.97309907834102e-06	9.906970046082953e-06	9.92885944700461e-06	9.92459677419355e-06	9.826152073732722e-06	9.878110599078345e-06	9.981566820276501e-06	1.0000000000000004e-05	1.0000000000000004e-05	1.0000000000000004e-05	1.0000000000000004e-05	1.0000000000000004e-05	9.986232718894013e-06	9.917453917050692e-06	9.911002304147469e-06	9.976900921658989e-06
7800	1.0000000000000004e-05	1.0000000000000004e-05	9.98655133928572e-06	9.881026785714291e-06	9.820145089285717e-06	9.918694196428574e-06	9.91233258928572e-06	9.809709821428573e-06	9.880022321428577e-06	9.97410714285715e-06	9.972823660714291e-06	9.98833705357143e-06	1.0000000000000004e-05	1.0000000000000004e-05	1.0000000000000004e-05	9.972600446428574e-06	9.91015625e-06	9.926171875000004e-06	9.980245535714288e-06
7900	1.0000000000000004e-05	1.0000000000000004e-05	9.979838709677423e-06	9.876440092165904e-06	9.8190668202765e-06	9.846082949308757e-06	9.820967741935485e-06	9.79089861751152e-06	9.87690092165899e-06	9.983352534562217e-06	1.0000000000000004e-05	1.0000000000000004e-05	1.0000000000000004e-05	1.0000000000000004e-05	1.0000000000000004e-05	9.977073732718898e-06	9.903052995391709e-06	9.91324884792627e-06	9.987269585253458e-06
8000	9.857846320346322e-06	9.903896103896107e-06	9.81617965367966e-06	9.7448051948052e-06	9.808170995670997e-06	9.852380952380952e-06	9.561417748917753e-06	8.282196969696973e-06	8.589772727272731e-06	9.939393939393943e-06	1.0000000000000004e-05	9.432846320346327e-06	6.247943722943723e-06	6.57321428571429e-06	9.758116883116887e-06	9.950757575757582e-06	9.434090909090914e-06	9.352272727272733e-06	9.868939393939397e-06
8100	1e-05	1e-05	1e-05	1e-05	1e-05	1e-05	1e-05	1e-05	1e-05	1e-05	1e-05	1e-05	1e-05	1e-05	1e-05	1e-05	1e-05	1e-05	1e-05
8200	9.978409090909096e-06	9.988528138528143e-06	9.99929653679654e-06	1.0000000000000004e-05	9.999188311688317e-06	9.995075757575763e-06	9.993019480519485e-06	9.992803030303036e-06	9.981547619047624e-06	9.907251082251089e-06	9.82597402597403e-06	9.437716450216453e-06	6.795075757575758e-06	7.010876623376625e-06	9.577056277056281e-06	9.112716450216452e-06	9.23127705627706e-06	9.899729437229445e-06	9.869155844155848e-06
8300	1.0000000000000003e-05	1.0000000000000003e-05	9.997475369458132e-06	9.996551724137932e-06	9.999076354679807e-06	1.0000000000000003e-05	1.0000000000000003e-05	1.0000000000000003e-05	9.989408866995078e-06	9.92001231527094e-06	9.836268472906404e-06	9.103694581280788e-06	5.933805418719214e-06	6.561083743842365e-06	8.988793103448278e-06	7.88509852216749e-06	8.64020935960591e-06	9.846921182266013e-06	9.845197044334977e-06
8400	9.985023041474658e-06	9.996543778801846e-06	1.0000000000000004e-05	1.0000000000000004e-05	1.0000000000000004e-05	1.0000000000000004e-05	1.0000000000000004e-05	1.0000000000000004e-05	9.991762672811066e-06	9.944758064516133e-06	9.893721198156686e-06	9.607085253456226e-06	7.962557603686637e-06	8.188018433179725e-06	9.291359447004611e-06	8.443490783410138e-06	8.990264976958529e-06	9.906394009216595e-06	9.911117511520741e-06
8500	1.0000000000000004e-05	1.0000000000000004e-05	1.0000000000000004e-05	1.0000000000000004e-05	1.0000000000000004e-05	1.0000000000000004e-05	1.0000000000000004e-05	9.999274553571432e-06	9.986160714285722e-06	9.920926339285721e-06	9.852176339285713e-06	9.88292410714286e-06	9.963783482142862e-06	9.99168526785715e-06	9.974274553571435e-06	9.971595982142862e-06	9.985435267857151e-06	9.983872767857147e-06	9.96891741071429e-06
8600	1.0000000000000004e-05	1.0000000000000004e-05	1.0000000000000004e-05	1.0000000000000004e-05	1.0000000000000004e-05	1.0000000000000004e-05	1.0000000000000004e-05	1.0000000000000004e-05	9.99285714285715e-06	9.922991071428576e-06	9.843080357142861e-06	9.883258928571433e-06	9.967243303571434e-06	9.937834821428577e-06	9.856026785714287e-06	9.817689732142863e-06	9.853571428571431e-06	9.950725446428574e-06	9.99972098214286e-06
8700	1.0000000000000004e-05	1.0000000000000004e-05	1.0000000000000004e-05	1.0000000000000004e-05	9.993917410714291e-06	9.985993303571434e-06	9.958593750000006e-06	9.935323660714289e-06	9.93292410714286e-06	9.916183035714292e-06	9.945814732142859e-06	9.993750000000004e-06	9.99363839285715e-06	9.965345982142862e-06	9.965345982142862e-06	9.960212053571433e-06	9.947321428571434e-06	9.980691964285717e-06	9.999944196428575e-06
8800	1e-05	1e-05	1e-05	1e-05	1e-05	1e-05	1e-05	1e-05	9.974043367346938e-06	9.880548469387757e-06	9.835395408163267e-06	9.87429846938776e-06	9.90554846938776e-06	9.900191326530614e-06	9.829464285714287e-06	9.796109693877555e-06	9.88418367346939e-06	9.974298469387756e-06	9.99362244897959e-06
8900	1.0000000000000004e-05	1.0000000000000004e-05	1.0000000000000004e-05	1.0000000000000004e-05	9.999025974025977e-06	9.993777056277063e-06	9.992045454545462e-06	9.994588744588752e-06	9.958712121212127e-06	9.839177489177495e-06	9.851677489177493e-06	9.966883116883123e-06	9.989448051948059e-06	9.950162337662345e-06	9.904545454545458e-06	9.94334415584416e-06	9.992424242424246e-06	9.999242424242429e-06	9.996590909090916e-06
9000	1.0000000000000004e-05	1.0000000000000004e-05	9.998883928571436e-06	9.99391741071429e-06	9.993080357142863e-06	9.992466517857148e-06	9.989062500000005e-06	9.991852678571435e-06	9.959598214285722e-06	9.837276785714293e-06	9.838616071428575e-06	9.960937500000007e-06	9.995758928571436e-06	9.960546875000005e-06	9.899051339285719e-06	9.93141741071429e-06	9.991573660714292e-06	9.997209821428577e-06	1.0000000000000004e-05
9100	1.0000000000000004e-05	1.0000000000000004e-05	1.0000000000000004e-05	1.0000000000000004e-05	1.0000000000000004e-05	9.999366359447006e-06	9.97494239631337e-06	9.929147465437792e-06	9.935253456221203e-06	9.981163594470047e-06	9.99948156682028e-06	1.0000000000000004e-05	1.0000000000000004e-05	1.0000000000000004e-05	1.0000000000000004e-05	1.0000000000000004e-05	1.0000000000000004e-05	1.0000000000000004e-05	1.0000000000000004e-05
9200	9.996547619047621e-06	9.999523809523814e-06	1.0000000000000003e-05	1.0000000000000003e-05	9.984166666666672e-06	8.65809523809524e-06	5.802678571428572e-06	6.271904761904764e-06	9.110357142857142e-06	9.933035714285717e-06	9.960654761904764e-06	9.99184523809524e-06	9.994047619047619e-06	9.992976190476194e-06	9.98833333333334e-06	9.968511904761908e-06	9.969761904761904e-06	9.993630952380955e-06	1.0000000000000003e-05
9300	9.994464285714292e-06	9.990000000000006e-06	9.995535714285719e-06	9.989464285714289e-06	9.928452380952384e-06	8.510416666666667e-06	5.64702380952381e-06	6.320357142857143e-06	9.1914880952381e-06	9.883571428571431e-06	9.930476190476194e-06	9.985833333333337e-06	9.981428571428578e-06	9.98285714285715e-06	9.980476190476195e-06	9.975178571428578e-06	9.985595238095242e-06	9.385178571428573e-06	8.298630952380951e-06
9400	9.996540178571434e-06	9.993750000000004e-06	9.997209821428577e-06	9.999274553571432e-06	9.975111607142866e-06	8.603738839285719e-06	6.030803571428572e-06	6.752901785714288e-06	9.310323660714292e-06	9.900948660714288e-06	9.65993303571429e-06	9.475669642857148e-06	9.747991071428578e-06	9.986607142857151e-06	9.976283482142866e-06	9.97494419642858e-06	9.993247767857145e-06	9.992633928571436e-06	9.981863839285724e-06
9500	9.986347926267285e-06	9.977419354838714e-06	9.991071428571431e-06	9.998444700460834e-06	9.975633640552996e-06	9.953168202764982e-06	9.975979262672815e-06	1.0000000000000004e-05	9.997465437788023e-06	9.994585253456224e-06	9.892857142857147e-06	9.8168202764977e-06	9.91705069124424e-06	9.990207373271893e-06	9.973559907834107e-06	9.943951612903233e-06	9.964228110599083e-06	9.996947004608299e-06	9.994470046082951e-06
9600	8.386997767857142e-06	6.342689732142858e-06	7.813281250000002e-06	9.933537946428576e-06	9.901618303571434e-06	9.948828125000005e-06	9.994084821428577e-06	9.99776785714286e-06	9.907533482142863e-06	9.797600446428575e-06	8.189732142857144e-06	5.942020089285714e-06	4.483203125e-06	5.3128906250000014e-06	8.244810267857146e-06	9.686997767857146e-06	9.877678571428576e-06	9.914899553571433e-06	9.874609375000005e-06
9700	8.120926339285715e-06	5.547767857142858e-06	7.165513392857146e-06	9.808928571428576e-06	9.899609375000004e-06	9.951953125000002e-06	9.998325892857149e-06	9.996875000000008e-06	9.998381696428575e-06	1.0000000000000004e-05	1.0000000000000004e-05	1.0000000000000004e-05	1.0000000000000004e-05	1.0000000000000004e-05	1.0000000000000004e-05	1.0000000000000004e-05	1.0000000000000004e-05	1.0000000000000004e-05	1.0000000000000004e-05
9800	1.0000000000000004e-05	1.0000000000000004e-05	1.0000000000000004e-05	1.0000000000000004e-05	1.0000000000000004e-05	9.962946428571434e-06	9.905412946428573e-06	9.935491071428576e-06	9.89949776785715e-06	9.633091517857148e-06	6.928404017857147e-06	4.5131138392857135e-06	3.828515625000001e-06	3.7398995535714283e-06	4.094029017857144e-06	6.66607142857143e-06	9.794140625000002e-06	9.99893973214286e-06	9.996763392857148e-06
9900	9.239107142857143e-06	8.946607142857144e-06	9.317738095238097e-06	9.99714285714286e-06	1.0000000000000003e-05	9.967440476190481e-06	9.934464285714289e-06	9.964404761904766e-06	9.943214285714291e-06	9.629642857142863e-06	7.4217857142857155e-06	6.577202380952382e-06	6.181785714285713e-06	5.6445833333333334e-06	6.042083333333334e-06	7.283571428571428e-06	9.540000000000004e-06	9.996488095238098e-06	1.0000000000000003e-05
10000	9.945218894009222e-06	9.980241935483875e-06	9.92505760368664e-06	9.813997695852536e-06	9.874942396313368e-06	9.937615207373275e-06	9.899251152073739e-06	9.943951612903228e-06	9.91157834101383e-06	9.421486175115213e-06	6.146601382488482e-06	4.262903225806452e-06	3.241186635944701e-06	3.425921658986175e-06	5.320449308755761e-06	7.3256912442396316e-06	9.80996543778802e-06	9.999884792626732e-06	1.0000000000000004e-05
