	site
generation	50	100	150	200	250	300	350	400	450	500	550	600	650	700	750	800	850	900	950
0	1.0000000000000004e-05	1.0000000000000004e-05	1.0000000000000004e-05	1.0000000000000004e-05	1.0000000000000004e-05	1.0000000000000004e-05	1.0000000000000004e-05	1.0000000000000004e-05	1.0000000000000004e-05	1.0000000000000004e-05	1.0000000000000004e-05	1.0000000000000004e-05	1.0000000000000004e-05	1.0000000000000004e-05	1.0000000000000004e-05	1.0000000000000004e-05	1.0000000000000004e-05	1.0000000000000004e-05	1.0000000000000004e-05
100	1.0000000000000003e-05	1.0000000000000003e-05	1.0000000000000003e-05	1.0000000000000003e-05	1.0000000000000003e-05	1.0000000000000003e-05	1.0000000000000003e-05	1.0000000000000003e-05	1.0000000000000003e-05	1.0000000000000003e-05	1.0000000000000003e-05	1.0000000000000003e-05	1.0000000000000003e-05	9.997440476190477e-06	9.996666666666669e-06	9.999226190476195e-06	1.0000000000000003e-05	1.0000000000000003e-05	1.0000000000000003e-05
200	9.99636904761905e-06	9.998392857142857e-06	9.993690476190478e-06	9.994285714285718e-06	9.999642857142861e-06	1.0000000000000003e-05	1.0000000000000003e-05	1.0000000000000003e-05	1.0000000000000003e-05	1.0000000000000003e-05	1.0000000000000003e-05	1.0000000000000003e-05	1.0000000000000003e-05	1.0000000000000003e-05	1.0000000000000003e-05	1.0000000000000003e-05	9.993095238095243e-06	9.983750000000004e-06	9.987678571428573e-06
300	9.985546875000004e-06	9.989062500000006e-06	9.995145089285718e-06	1.0000000000000004e-05	1.0000000000000004e-05	1.0000000000000004e-05	1.0000000000000004e-05	1.0000000000000004e-05	1.0000000000000004e-05	1.0000000000000004e-05	9.99118303571429e-06	9.959542410714289e-06	9.965066964285718e-06	9.996707589285718e-06	9.975055803571435e-06	9.92271205357143e-06	9.914453125e-06	9.909207589285718e-06	9.900558035714287e-06
400	1.0000000000000004e-05	9.99948156682028e-06	9.996774193548392e-06	9.997292626728114e-06	1.0000000000000004e-05	1.0000000000000004e-05	1.0000000000000004e-05	1.0000000000000004e-05	9.960426267281113e-06	9.912903225806456e-06	9.952476958525347e-06	1.0000000000000004e-05	1.0000000000000004e-05	1.0000000000000004e-05	9.964170506912447e-06	9.916129032258068e-06	9.92943548387097e-06	9.923387096774199e-06	9.908467741935486e-06
500	9.95259216589862e-06	9.990034562211985e-06	1.0000000000000004e-05	1.0000000000000004e-05	9.983237327188947e-06	9.903398617511522e-06	9.851670506912445e-06	9.919182027649772e-06	9.986059907834102e-06	9.95478110599079e-06	9.917741935483874e-06	9.961347926267285e-06	1.0000000000000004e-05	9.999596774193554e-06	9.98761520737328e-06	9.974884792626733e-06	9.966993087557608e-06	9.924308755760371e-06	9.898099078341018e-06
600	9.96336206896552e-06	9.991071428571431e-06	1.0000000000000003e-05	1.0000000000000003e-05	9.965948275862072e-06	9.87863300492611e-06	9.843719211822663e-06	9.921366995073893e-06	9.988793103448279e-06	9.9564039408867e-06	9.901600985221677e-06	9.943596059113303e-06	9.991317733990151e-06	9.967302955665029e-06	9.974137931034485e-06	9.99821428571429e-06	1.0000000000000003e-05	1.0000000000000003e-05	1.0000000000000003e-05
700	1.0000000000000004e-05	1.0000000000000004e-05	1.0000000000000004e-05	1.0000000000000004e-05	9.997712053571434e-06	9.994921875000006e-06	9.996037946428577e-06	9.998828125000003e-06	1.0000000000000004e-05	9.999386160714288e-06	9.996875000000008e-06	9.997488839285717e-06	1.0000000000000004e-05	1.0000000000000004e-05	1.0000000000000004e-05	1.0000000000000004e-05	1.0000000000000004e-05	1.0000000000000004e-05	1.0000000000000004e-05
800	1.0000000000000004e-05	1.0000000000000004e-05	1.0000000000000004e-05	1.0000000000000004e-05	1.0000000000000004e-05	1.0000000000000004e-05	1.0000000000000004e-05	1.0000000000000004e-05	1.0000000000000004e-05	9.99861751152074e-06	9.993548387096779e-06	9.994930875576042e-06	9.993260368663601e-06	9.971486175115211e-06	9.97448156682028e-06	9.996255760368668e-06	1.0000000000000004e-05	1.0000000000000004e-05	1.0000000000000004e-05
900	9.999162946428574e-06	9.996875000000008e-06	9.997712053571433e-06	1.0000000000000004e-05	1.0000000000000004e-05	1.0000000000000004e-05	1.0000000000000004e-05	1.0000000000000004e-05	1.0000000000000004e-05	1.0000000000000004e-05	9.995256696428577e-06	9.97667410714286e-06	9.971875000000007e-06	9.944196428571432e-06	9.935993303571435e-06	9.982254464285718e-06	1.0000000000000004e-05	1.0000000000000004e-05	1.0000000000000004e-05
1000	1.0000000000000003e-05	1.0000000000000003e-05	1.0000000000000003e-05	9.997261904761907e-06	9.996666666666669e-06	9.999404761904766e-06	1.0000000000000003e-05	1.0000000000000003e-05	1.0000000000000003e-05	1.0000000000000003e-05	1.0000000000000003e-05	1.0000000000000003e-05	1.0000000000000003e-05	9.997500000000002e-06	9.996666666666669e-06	9.999166666666669e-06	1.0000000000000003e-05	1.0000000000000003e-05	1.0000000000000003e-05
1100	1.0000000000000004e-05	1.0000000000000004e-05	1.0000000000000004e-05	1.0000000000000004e-05	9.99804147465438e-06	9.968605990783417e-06	9.96002304147466e-06	9.967396313364058e-06	9.912096774193552e-06	9.916186635944703e-06	9.920622119815671e-06	9.903225806451616e-06	9.933410138248855e-06	9.904205069124427e-06	9.907661290322586e-06	9.90783410138249e-06	9.92620967741936e-06	9.990610599078344e-06	1.0000000000000004e-05
1200	1.0000000000000004e-05	1.0000000000000004e-05	1.0000000000000004e-05	1.0000000000000004e-05	9.993024553571433e-06	9.921316964285719e-06	9.906975446428576e-06	9.961272321428575e-06	9.91584821428572e-06	9.876339285714288e-06	9.822098214285719e-06	9.828850446428576e-06	9.89112723214286e-06	9.81975446428572e-06	9.573493303571431e-06	9.39732142857143e-06	9.694308035714289e-06	9.992020089285717e-06	1.0000000000000004e-05
1300	1.0000000000000004e-05	9.97753456221199e-06	9.906682027649773e-06	9.922465437788021e-06	9.989804147465442e-06	9.925288018433184e-06	9.903513824884797e-06	9.953571428571434e-06	9.919585253456225e-06	9.679953917050695e-06	8.361002304147463e-06	8.492972350230417e-06	9.85178571428572e-06	9.742972350230417e-06	6.969930875576038e-06	5.776382488479263e-06	8.512442396313367e-06	9.928859447004611e-06	9.9852534562212e-06
1400	9.975979262672818e-06	9.940725806451617e-06	9.909907834101387e-06	9.947523041474657e-06	9.993605990783413e-06	9.924078341013828e-06	9.837960829493092e-06	9.875921658986179e-06	9.95841013824885e-06	8.116129032258067e-06	4.365552995391706e-06	6.119758064516132e-06	9.876555299539173e-06	9.788882488479267e-06	5.728283410138252e-06	4.537615207373273e-06	8.59320276497696e-06	9.990380184331802e-06	9.992914746543781e-06
1500	9.888364055299544e-06	9.94066820276498e-06	9.90771889400922e-06	9.919700460829497e-06	9.989170506912446e-06	9.926440092165904e-06	9.835714285714286e-06	9.873559907834105e-06	9.962327188940096e-06	7.951728110599081e-06	3.891877880184333e-06	5.396831797235024e-06	9.461578341013827e-06	9.79153225806452e-06	5.969124423963136e-06	4.719815668202766e-06	8.479781105990786e-06	9.861405529953923e-06	9.849135944700465e-06
1600	9.903906250000004e-06	9.947600446428575e-06	9.909821428571431e-06	9.920479910714289e-06	9.985602678571433e-06	9.90764508928572e-06	9.814676339285717e-06	9.89235491071429e-06	9.82550223214286e-06	6.859375000000002e-06	2.61875e-06	4.756696428571431e-06	9.161272321428575e-06	9.962388392857149e-06	9.90251116071429e-06	9.937165178571431e-06	9.997488839285717e-06	9.999051339285718e-06	9.996261160714291e-06
1700	9.902023809523808e-06	9.949523809523812e-06	9.910952380952384e-06	9.912380952380954e-06	9.979047619047622e-06	9.662023809523812e-06	9.25922619047619e-06	9.577559523809527e-06	9.864940476190478e-06	7.076666666666668e-06	2.8412499999999997e-06	4.920000000000001e-06	9.275238095238097e-06	9.969404761904763e-06	9.906130952380956e-06	9.930595238095241e-06	9.99386904761905e-06	9.997083333333336e-06	9.994107142857144e-06
1800	9.902678571428574e-06	9.93141741071429e-06	9.902287946428575e-06	9.92784598214286e-06	9.988002232142861e-06	9.14162946428572e-06	8.411383928571431e-06	9.248995535714287e-06	9.91662946428572e-06	7.659375000000002e-06	3.686383928571429e-06	5.468805803571432e-06	9.509263392857146e-06	9.973493303571434e-06	9.905747767857147e-06	9.925000000000006e-06	9.987276785714294e-06	9.992075892857149e-06	9.997600446428575e-06
1900	9.894700460829497e-06	9.943663594470052e-06	9.908064516129036e-06	9.914746543778804e-06	9.982718894009218e-06	8.782430875576041e-06	7.66849078341014e-06	8.86526497695853e-06	9.868317972350235e-06	7.432258064516132e-06	3.2449884792626735e-06	5.142684331797236e-06	9.44677419354839e-06	9.966993087557608e-06	9.902592165898622e-06	9.921140552995395e-06	9.984504608294934e-06	9.99821428571429e-06	1.0000000000000004e-05
2000	9.893630952380954e-06	9.520416666666666e-06	9.481547619047622e-06	9.89077380952381e-06	9.984523809523811e-06	8.543630952380953e-06	7.11672619047619e-06	8.457083333333336e-06	9.813630952380956e-06	8.869285714285716e-06	7.083154761904761e-06	7.797142857142858e-06	9.625000000000002e-06	9.391666666666669e-06	6.970357142857144e-06	6.701607142857145e-06	9.149523809523812e-06	9.960416666666672e-06	9.957380952380953e-06
2100	1.0000000000000003e-05	1.0000000000000003e-05	1.0000000000000003e-05	1.0000000000000003e-05	9.989285714285718e-06	9.605172413793104e-06	9.181157635467983e-06	9.546551724137933e-06	9.863793103448279e-06	6.724137931034483e-06	2.4639162561576357e-06	4.055172413793105e-06	8.3756157635468e-06	9.166133004926114e-06	4.739778325123154e-06	4.179187192118226e-06	8.658866995073893e-06	9.990701970443352e-06	9.98848522167488e-06
2200	1.0000000000000004e-05	1.0000000000000004e-05	1.0000000000000004e-05	1.0000000000000004e-05	9.992410714285719e-06	9.069810267857146e-06	8.25870535714286e-06	9.16545758928572e-06	9.588337053571434e-06	6.583482142857143e-06	2.662053571428572e-06	3.827957589285715e-06	8.06735491071429e-06	9.429185267857144e-06	5.903794642857143e-06	4.872823660714288e-06	8.474218750000002e-06	9.99815848214286e-06	1.0000000000000004e-05
2300	1.0000000000000004e-05	1.0000000000000004e-05	9.999827188940097e-06	9.979435483870973e-06	9.960023041474659e-06	9.734331797235027e-06	9.562039170506917e-06	9.80172811059908e-06	9.85218894009217e-06	8.632891705069126e-06	7.059562211981569e-06	7.687442396313365e-06	9.374135944700462e-06	9.608179723502307e-06	8.278398617511523e-06	7.949942396313363e-06	9.307373271889403e-06	9.996831797235027e-06	9.99435483870968e-06
2400	1.0000000000000004e-05	9.9866935483871e-06	9.938306451612905e-06	9.91889400921659e-06	9.931451612903231e-06	9.066647465437792e-06	7.537615207373271e-06	8.34677419354839e-06	9.166877880184335e-06	5.797119815668204e-06	1.6392857142857148e-06	3.1939516129032256e-06	8.01664746543779e-06	9.065495391705073e-06	4.8897465437788035e-06	3.780760368663595e-06	8.034907834101386e-06	9.998502304147468e-06	1.0000000000000004e-05
2500	1.0000000000000004e-05	9.999711981566823e-06	9.96307603686636e-06	9.902188940092168e-06	9.936923963133643e-06	9.994700460829496e-06	9.932891705069129e-06	9.901094470046083e-06	9.721140552995396e-06	6.563594470046085e-06	1.9069700460829498e-06	2.777592165898618e-06	7.619182027649773e-06	9.062039170506915e-06	4.721543778801845e-06	3.637211981566821e-06	8.033755760368666e-06	9.994066820276501e-06	9.990956221198161e-06
2600	1.0000000000000004e-05	9.99959677419355e-06	9.953801843317976e-06	9.848099078341019e-06	9.84619815668203e-06	9.944470046082952e-06	9.86198156682028e-06	9.804896313364063e-06	9.110483870967744e-06	4.896486175115209e-06	8.365783410138249e-07	3.229320276497696e-06	8.042165898617515e-06	9.076900921658989e-06	4.896831797235025e-06	3.9536290322580655e-06	8.20213133640553e-06	9.955299539170513e-06	9.898041474654383e-06
2700	1.0000000000000003e-05	9.99982142857143e-06	9.958630952380954e-06	9.866666666666672e-06	9.854702380952385e-06	9.940416666666667e-06	9.86964285714286e-06	9.817857142857148e-06	8.762500000000001e-06	4.635238095238095e-06	1.222321428571428e-06	3.513630952380953e-06	8.038095238095242e-06	8.941250000000004e-06	4.837321428571431e-06	4.210952380952381e-06	8.295535714285716e-06	9.824285714285718e-06	9.822083333333337e-06
2800	9.946025345622122e-06	9.918548387096777e-06	7.726555299539173e-06	6.957834101382491e-06	9.058064516129039e-06	8.727361751152076e-06	4.886981566820277e-06	3.969009216589862e-06	6.781336405529954e-06	4.883698156682027e-06	1.4827764976958524e-06	3.939112903225807e-06	8.409101382488481e-06	9.352016129032263e-06	5.652592165898617e-06	4.192914746543778e-06	7.88778801843318e-06	9.835080645161291e-06	9.826267281105992e-06
2900	1.000000000000001e-05	9.992436974789922e-06	9.932773109243703e-06	9.907563025210091e-06	9.967226890756311e-06	9.999527310924379e-06	9.99705882352942e-06	9.982142857142865e-06	9.91911764705883e-06	9.915388655462193e-06	9.980882352941187e-06	9.999002100840344e-06	9.994432773109251e-06	9.995115546218498e-06	9.970220588235303e-06	9.905042016806729e-06	9.929464285714295e-06	9.994957983193286e-06	1.000000000000001e-05
3000	1.0000000000000003e-05	9.997500000000002e-06	9.93136904761905e-06	9.893214285714288e-06	9.958630952380954e-06	9.872619047619053e-06	9.809523809523812e-06	9.914761904761906e-06	9.906666666666668e-06	9.911904761904764e-06	9.983333333333333e-06	9.996130952380957e-06	9.982857142857146e-06	9.97994047619048e-06	9.979107142857148e-06	9.959821428571436e-06	9.957797619047622e-06	9.968750000000003e-06	9.967500000000002e-06
3100	9.949251152073738e-06	9.980933179723505e-06	1.0000000000000004e-05	9.9991935483871e-06	9.996774193548392e-06	9.997580645161293e-06	1.0000000000000004e-05	9.985195852534569e-06	9.426555299539172e-06	9.24706221198157e-06	9.805702764976961e-06	1.0000000000000004e-05	1.0000000000000004e-05	1.0000000000000004e-05	9.996255760368668e-06	9.984792626728117e-06	9.987442396313367e-06	9.98784562211982e-06	9.974539170506918e-06
3200	1.0000000000000004e-05	1.0000000000000004e-05	1.0000000000000004e-05	1.0000000000000004e-05	1.0000000000000004e-05	1.0000000000000004e-05	1.0000000000000004e-05	9.977016129032264e-06	9.491474654377883e-06	8.814861751152076e-06	9.249596774193551e-06	9.914228110599085e-06	9.940668202764982e-06	9.94832949308756e-06	9.925633640552999e-06	9.853744239631339e-06	9.224481566820278e-06	9.156912442396318e-06	9.76987327188941e-06
3300	9.997712053571434e-06	9.996875000000006e-06	9.999162946428574e-06	1.0000000000000004e-05	1.0000000000000004e-05	1.0000000000000004e-05	1.0000000000000004e-05	1.0000000000000004e-05	9.997265625000007e-06	9.996875000000006e-06	9.999609375000001e-06	1.0000000000000004e-05	1.0000000000000004e-05	1.0000000000000004e-05	1.0000000000000004e-05	1.0000000000000004e-05	1.0000000000000004e-05	1.0000000000000004e-05	1.0000000000000004e-05
3400	1.0000000000000004e-05	9.633984375000004e-06	7.23995535714286e-06	7.209877232142859e-06	9.533426339285717e-06	8.141294642857144e-06	4.595703125000001e-06	5.767968750000002e-06	5.7496651785714295e-06	3.1549107142857137e-06	6.525167410714288e-06	9.62181919642857e-06	9.834263392857144e-06	9.948270089285716e-06	9.999944196428575e-06	9.909207589285718e-06	7.1708705357142866e-06	6.576116071428572e-06	9.191685267857145e-06
3500	9.854377880184333e-06	9.429838709677422e-06	6.219700460829497e-06	6.397580645161292e-06	9.610771889400924e-06	7.586751152073734e-06	4.568951612903227e-06	6.09562211981567e-06	5.5896313364055306e-06	3.2051267281105996e-06	6.571774193548388e-06	9.158928571428572e-06	9.305645161290324e-06	9.933410138248851e-06	1.0000000000000004e-05	9.9528801843318e-06	7.934619815668204e-06	7.282200460829494e-06	9.162211981566825e-06
3600	9.866741071428574e-06	9.68370535714286e-06	6.54614955357143e-06	5.912388392857143e-06	8.978850446428576e-06	7.575334821428576e-06	4.439397321428571e-06	5.924832589285717e-06	5.166183035714287e-06	2.403515625e-06	6.1453124999999994e-06	9.106752232142862e-06	9.331250000000003e-06	9.932812500000005e-06	9.992187500000005e-06	9.894363839285718e-06	7.952678571428575e-06	7.554073660714284e-06	9.209095982142859e-06
3700	9.87886904761905e-06	9.648511904761906e-06	6.767380952380955e-06	6.4332142857142865e-06	9.266011904761906e-06	7.939583333333336e-06	5.201666666666667e-06	6.492321428571427e-06	5.9451190476190475e-06	3.1603571428571427e-06	6.123630952380955e-06	6.480773809523811e-06	5.188452380952382e-06	8.26714285714286e-06	9.985238095238099e-06	9.945892857142859e-06	9.92934523809524e-06	9.97744047619048e-06	1.0000000000000003e-05
3800	9.997656250000006e-06	9.601953125000005e-06	6.241796875000001e-06	6.078683035714285e-06	9.367578125000008e-06	8.592689732142858e-06	6.7204799107142856e-06	7.676841517857146e-06	7.525613839285719e-06	5.994029017857142e-06	7.930301339285719e-06	8.124553571428577e-06	6.522656249999999e-06	8.153404017857148e-06	9.87611607142858e-06	9.937220982142864e-06	9.97717633928572e-06	1.0000000000000004e-05	1.0000000000000004e-05
3900	1.0000000000000004e-05	1.0000000000000004e-05	9.975054112554115e-06	9.89615800865801e-06	9.831168831168834e-06	7.737500000000002e-06	4.529112554112555e-06	5.9548160173160205e-06	5.525270562770565e-06	2.84025974025974e-06	6.251461038961041e-06	9.077056277056284e-06	9.26325757575758e-06	9.860876623376628e-06	9.991341991341994e-06	1.0000000000000004e-05	1.0000000000000004e-05	1.0000000000000004e-05	1.0000000000000004e-05
4000	9.79521889400922e-06	9.381048387096778e-06	5.592569124423964e-06	4.798041474654378e-06	8.658640552995393e-06	9.98358294930876e-06	9.998156682027653e-06	9.992165898617518e-06	9.943836405529957e-06	9.929262672811061e-06	9.827304147465442e-06	8.947004608294934e-06	8.991705069124427e-06	9.889631336405533e-06	9.99521889400922e-06	1.0000000000000004e-05	1.0000000000000004e-05	1.0000000000000004e-05	1.0000000000000004e-05
4100	9.777797619047619e-06	9.377797619047621e-06	6.277023809523809e-06	4.739464285714287e-06	7.836726190476192e-06	8.359285714285715e-06	4.6549404761904765e-06	4.842738095238094e-06	4.378035714285714e-06	2.8658333333333336e-06	6.87970238095238e-06	9.411785714285716e-06	9.525178571428577e-06	9.858571428571432e-06	9.99511904761905e-06	1.0000000000000003e-05	1.0000000000000003e-05	1.0000000000000003e-05	1.0000000000000003e-05
4200	9.819084821428575e-06	9.560602678571431e-06	6.1858816964285724e-06	4.8875e-06	8.241238839285715e-06	7.821037946428574e-06	4.808816964285713e-06	5.435491071428573e-06	4.208984375e-06	2.397600446428571e-06	6.349720982142858e-06	8.540290178571431e-06	8.78755580357143e-06	9.776562500000005e-06	9.902343750000005e-06	9.969921875000003e-06	9.967131696428576e-06	9.914564732142863e-06	9.865401785714292e-06
4300	9.788560267857146e-06	9.51774553571429e-06	5.97935267857143e-06	4.223604910714286e-06	7.74771205357143e-06	8.083482142857147e-06	4.470870535714285e-06	5.097154017857142e-06	4.2655691964285715e-06	1.9072544642857143e-06	4.9090401785714285e-06	7.300334821428573e-06	8.708370535714286e-06	9.77940848214286e-06	9.91383928571429e-06	9.976729910714294e-06	9.910770089285717e-06	9.80435267857143e-06	9.742075892857143e-06
4400	9.796120689655177e-06	9.287561576354683e-06	5.46588669950739e-06	3.821613300492611e-06	7.489532019704434e-06	7.361699507389163e-06	4.485221674876846e-06	5.101662561576354e-06	3.6421182266009856e-06	1.6958128078817737e-06	5.08165024630542e-06	7.520197044334976e-06	8.554495073891626e-06	9.761822660098526e-06	9.905295566502465e-06	9.896182266009856e-06	9.807881773399017e-06	7.0304802955665025e-06	2.7968596059113297e-06
4500	9.996428571428573e-06	9.979433497536948e-06	9.972536945812811e-06	9.989532019704435e-06	9.996428571428573e-06	9.970997536945818e-06	9.97253694581281e-06	9.99796798029557e-06	1.0000000000000003e-05	1.0000000000000003e-05	1.0000000000000003e-05	1.0000000000000003e-05	1.0000000000000003e-05	1.0000000000000003e-05	1.0000000000000003e-05	1.0000000000000003e-05	1.0000000000000003e-05	1.0000000000000003e-05	1.0000000000000003e-05
4600	1.0000000000000004e-05	1.0000000000000004e-05	1.0000000000000004e-05	1.0000000000000004e-05	1.0000000000000004e-05	1.0000000000000004e-05	1.0000000000000004e-05	1.0000000000000004e-05	1.0000000000000004e-05	1.0000000000000004e-05	1.0000000000000004e-05	1.0000000000000004e-05	1.0000000000000004e-05	1.0000000000000004e-05	1.0000000000000004e-05	1.0000000000000004e-05	1.0000000000000004e-05	1.0000000000000004e-05	1.0000000000000004e-05
4700	1.0000000000000004e-05	9.988997695852539e-06	9.929608294930881e-06	9.920276497695855e-06	9.973847926267283e-06	9.993951612903227e-06	9.99976958525346e-06	1.0000000000000004e-05	1.0000000000000004e-05	1.0000000000000004e-05	1.0000000000000004e-05	1.0000000000000004e-05	1.0000000000000004e-05	1.0000000000000004e-05	1.0000000000000004e-05	1.0000000000000004e-05	1.0000000000000004e-05	9.980990783410145e-06	9.937788018433186e-06
4800	1.0000000000000003e-05	9.996428571428575e-06	9.954345238095241e-06	9.943571428571434e-06	9.985654761904765e-06	1.0000000000000003e-05	1.0000000000000003e-05	9.996785714285718e-06	9.96321428571429e-06	9.943214285714291e-06	9.976785714285716e-06	1.0000000000000003e-05	1.0000000000000003e-05	1.0000000000000003e-05	1.0000000000000003e-05	1.0000000000000003e-05	1.0000000000000003e-05	1.0000000000000003e-05	1.0000000000000003e-05
4900	9.85753348214286e-06	9.881361607142857e-06	9.889397321428575e-06	9.912276785714288e-06	9.974162946428575e-06	1.0000000000000004e-05	1.0000000000000004e-05	9.998493303571433e-06	9.961774553571433e-06	9.932756696428575e-06	9.969475446428573e-06	1.0000000000000004e-05	1.0000000000000004e-05	9.999888392857145e-06	9.992689732142862e-06	9.990736607142863e-06	9.997935267857146e-06	1.0000000000000004e-05	1.0000000000000004e-05
5000	9.62972350230415e-06	9.647350230414747e-06	9.592857142857145e-06	9.362615207373273e-06	9.639400921658992e-06	9.993145161290326e-06	1.0000000000000004e-05	9.99821428571429e-06	9.930760368663601e-06	9.892108294930879e-06	9.959562211981569e-06	1.0000000000000004e-05	1.0000000000000004e-05	1.0000000000000004e-05	9.994239631336409e-06	9.930529953917055e-06	9.912500000000004e-06	9.96624423963134e-06	9.961232718894013e-06
5100	7.824553571428575e-06	8.610435267857146e-06	5.621205357142858e-06	2.453515625e-06	5.949776785714287e-06	9.692075892857145e-06	9.987723214285718e-06	9.99776785714286e-06	9.897209821428578e-06	9.777455357142863e-06	9.82232142857143e-06	9.943526785714289e-06	9.999218750000004e-06	1.0000000000000004e-05	1.0000000000000004e-05	1.0000000000000004e-05	9.978515625000005e-06	9.906975446428573e-06	9.853124999999999e-06
5200	2.883718487394958e-06	5.220745798319327e-06	4.964495798319329e-06	2.4404936974789917e-06	6.141176470588239e-06	9.768277310924378e-06	1.000000000000001e-05	1.000000000000001e-05	1.000000000000001e-05	1.000000000000001e-05	1.000000000000001e-05	1.000000000000001e-05	1.000000000000001e-05	1.000000000000001e-05	1.000000000000001e-05	1.000000000000001e-05	1.000000000000001e-05	1.000000000000001e-05	1.000000000000001e-05
5300	3.019527649769585e-06	5.310253456221199e-06	5.295564516129034e-06	2.4132488479262673e-06	5.803225806451616e-06	9.67874423963134e-06	9.925633640552999e-06	9.887211981566822e-06	9.884043778801846e-06	9.911578341013826e-06	9.983870967741938e-06	1.0000000000000004e-05	1.0000000000000004e-05	1.0000000000000004e-05	1.0000000000000004e-05	1.0000000000000004e-05	9.999942396313369e-06	9.99706221198157e-06	9.994239631336409e-06
5400	1.0000000000000004e-05	1.0000000000000004e-05	1.0000000000000004e-05	1.0000000000000004e-05	1.0000000000000004e-05	1.0000000000000004e-05	1.0000000000000004e-05	1.0000000000000004e-05	1.0000000000000004e-05	1.0000000000000004e-05	1.0000000000000004e-05	1.0000000000000004e-05	1.0000000000000004e-05	1.0000000000000004e-05	1.0000000000000004e-05	1.0000000000000004e-05	1.0000000000000004e-05	1.0000000000000004e-05	1.0000000000000004e-05
5500	1.0000000000000004e-05	1.0000000000000004e-05	1.0000000000000004e-05	1.0000000000000004e-05	1.0000000000000004e-05	9.996601382488484e-06	9.942050691244245e-06	9.869470046082952e-06	9.906336405529956e-06	9.98231566820277e-06	1.0000000000000004e-05	1.0000000000000004e-05	1.0000000000000004e-05	1.0000000000000004e-05	1.0000000000000004e-05	1.0000000000000004e-05	1.0000000000000004e-05	9.990898617511526e-06	9.962096774193555e-06
5600	8.374654377880187e-06	9.06284562211982e-06	7.449596774193549e-06	5.786290322580645e-06	7.78709677419355e-06	9.797407834101386e-06	9.959504608294935e-06	9.898963133640556e-06	9.895161290322584e-06	9.951094470046088e-06	9.993721198156686e-06	9.989170506912446e-06	9.914919354838711e-06	9.863306451612906e-06	9.676267281105994e-06	9.535023041474659e-06	9.792684331797239e-06	9.987903225806454e-06	9.959850230414748e-06
5700	1.0000000000000004e-05	1.0000000000000004e-05	1.0000000000000004e-05	1.0000000000000004e-05	1.0000000000000004e-05	1.0000000000000004e-05	9.982661290322586e-06	9.914861751152078e-06	9.914112903225811e-06	9.981912442396316e-06	9.995276497695857e-06	9.940092165898623e-06	9.804262672811065e-06	9.837327188940098e-06	9.9778801843318e-06	1.0000000000000004e-05	9.952073732718899e-06	9.892511520737332e-06	9.894354838709684e-06
5800	1.0000000000000004e-05	9.998883928571432e-06	9.996875000000008e-06	9.997991071428576e-06	1.0000000000000004e-05	1.0000000000000004e-05	9.997433035714293e-06	9.996875000000006e-06	9.999441964285717e-06	1.0000000000000004e-05	1.0000000000000004e-05	1.0000000000000004e-05	1.0000000000000004e-05	1.0000000000000004e-05	1.0000000000000004e-05	1.0000000000000004e-05	1.0000000000000004e-05	1.0000000000000004e-05	1.0000000000000004e-05
5900	1.0000000000000004e-05	1.0000000000000004e-05	9.998905529953921e-06	9.993548387096779e-06	9.946601382488481e-06	9.648387096774197e-06	9.498502304147469e-06	9.798156682027655e-06	9.990552995391707e-06	9.988767281105993e-06	9.926152073732722e-06	9.828513824884797e-06	9.89412442396314e-06	9.997465437788023e-06	1.0000000000000004e-05	1.0000000000000004e-05	9.998041474654382e-06	9.989631336405533e-06	9.982949308755765e-06
6000	9.994419642857149e-06	9.997209821428577e-06	9.999832589285715e-06	9.96350446428572e-06	9.904631696428575e-06	9.939620535714289e-06	9.998660714285717e-06	1.0000000000000004e-05	1.0000000000000004e-05	9.998437500000003e-06	9.91534598214286e-06	9.816685267857149e-06	9.897154017857147e-06	9.997377232142861e-06	1.0000000000000004e-05	1.0000000000000004e-05	9.99447544642858e-06	9.934486607142864e-06	9.856305803571429e-06
6100	1.0000000000000004e-05	1.0000000000000004e-05	1.0000000000000004e-05	9.95335497835498e-06	9.90032467532468e-06	9.946645021645024e-06	9.999675324675328e-06	1.0000000000000004e-05	9.998322510822518e-06	9.993722943722952e-06	8.50357142857143e-06	6.507413419913421e-06	7.975974025974032e-06	9.921428571428578e-06	9.884415584415587e-06	9.938041125541129e-06	9.95919913419914e-06	9.845941558441562e-06	9.768722943722948e-06
6200	1.0000000000000003e-05	1.0000000000000003e-05	9.997440476190477e-06	9.91309523809524e-06	9.844166666666671e-06	9.926904761904765e-06	9.99839285714286e-06	9.963095238095243e-06	9.903452380952385e-06	9.926607142857143e-06	8.250833333333336e-06	5.471607142857142e-06	7.147023809523811e-06	9.905833333333338e-06	9.903452380952385e-06	9.912976190476191e-06	9.907202380952383e-06	9.786785714285715e-06	9.676369047619053e-06
6300	9.863095238095239e-06	9.937559523809527e-06	9.996964285714285e-06	9.95214285714286e-06	9.905059523809526e-06	9.951190476190478e-06	9.996488095238096e-06	9.996666666666669e-06	9.998571428571431e-06	1.0000000000000003e-05	9.997202380952386e-06	9.987440476190483e-06	9.97559523809524e-06	9.976428571428575e-06	9.97619047619048e-06	9.982797619047623e-06	9.997678571428574e-06	1.0000000000000003e-05	1.0000000000000003e-05
6400	9.869345238095241e-06	9.940654761904766e-06	9.996547619047621e-06	9.954226190476195e-06	9.907261904761908e-06	9.952440476190477e-06	9.999761904761909e-06	1.0000000000000003e-05	1.0000000000000003e-05	9.993392857142861e-06	9.934166666666667e-06	9.913273809523814e-06	9.972500000000003e-06	1.0000000000000003e-05	1.0000000000000003e-05	1.0000000000000003e-05	9.996428571428575e-06	9.93851190476191e-06	9.861726190476194e-06
6500	9.747695852534566e-06	9.902016129032262e-06	9.998617511520743e-06	9.955357142857147e-06	9.901728110599083e-06	9.944642857142861e-06	9.998444700460834e-06	1.0000000000000004e-05	1.0000000000000004e-05	9.988940092165904e-06	9.923732718894013e-06	9.911059907834106e-06	9.976267281105993e-06	1.0000000000000004e-05	9.996255760368668e-06	9.987039170506915e-06	9.979089861751158e-06	9.937845622119818e-06	9.886175115207372e-06
6600	9.76976190476191e-06	9.900416666666668e-06	9.993333333333336e-06	9.956011904761908e-06	9.901785714285718e-06	9.943988095238098e-06	9.998630952380956e-06	1.0000000000000003e-05	1.0000000000000003e-05	9.991250000000007e-06	9.926071428571431e-06	9.908750000000002e-06	9.973630952380952e-06	9.994702380952385e-06	9.982083333333337e-06	9.979285714285722e-06	9.987083333333338e-06	9.955833333333337e-06	9.901428571428577e-06
6700	1.0000000000000004e-05	1.0000000000000004e-05	9.995391705069129e-06	9.990495391705072e-06	9.983870967741943e-06	9.98047235023042e-06	9.991705069124427e-06	1.0000000000000004e-05	1.0000000000000004e-05	1.0000000000000004e-05	1.0000000000000004e-05	1.0000000000000004e-05	1.0000000000000004e-05	9.999308755760373e-06	9.992511520737333e-06	9.987442396313369e-06	9.988479262672817e-06	9.993894009216592e-06	9.99965437788019e-06
6800	9.994345238095244e-06	9.092559523809528e-06	4.532321428571429e-06	4.823214285714284e-07	1.8e-07	1.3178571428571428e-07	1.5253571428571427e-06	6.232797619047618e-06	8.682857142857145e-06	8.297380952380956e-06	9.182678571428576e-06	9.77559523809524e-06	9.793333333333335e-06	9.794523809523811e-06	9.854464285714288e-06	9.929226190476193e-06	9.987500000000002e-06	9.81071428571429e-06	9.397380952380955e-06
6900	9.96930803571429e-06	8.180524553571432e-06	3.361941964285715e-06	2.592075892857143e-07	3.3749999999999995e-07	2.290178571428571e-07	1.3447544642857144e-06	5.975446428571431e-06	8.494308035714288e-06	8.012834821428571e-06	8.892131696428572e-06	9.656863839285719e-06	9.852790178571433e-06	9.88900669642858e-06	9.90524553571429e-06	9.948883928571435e-06	9.991852678571435e-06	9.967522321428577e-06	9.919252232142861e-06
7000	5.707976190476191e-06	7.80107142857143e-06	9.673095238095246e-06	9.835476190476197e-06	9.904285714285718e-06	9.984226190476195e-06	9.931607142857149e-06	9.903869047619051e-06	9.96839285714286e-06	9.999761904761904e-06	9.99494047619048e-06	9.993571428571432e-06	9.99839285714286e-06	9.963452380952386e-06	9.904821428571432e-06	9.900535714285719e-06	9.829166666666669e-06	9.836011904761907e-06	9.966011904761908e-06
7100	9.926130952380957e-06	9.823154761904762e-06	9.740297619047623e-06	9.705297619047623e-06	9.814821428571431e-06	9.970654761904764e-06	1.0000000000000003e-05	1.0000000000000003e-05	1.0000000000000003e-05	9.998214285714286e-06	9.996666666666669e-06	9.998452380952385e-06	1.0000000000000003e-05	9.99636904761905e-06	9.976726190476195e-06	9.969583333333339e-06	9.984940476190477e-06	9.991428571428576e-06	9.989761904761909e-06
7200	1.0000000000000004e-05	1.0000000000000004e-05	1.0000000000000004e-05	1.0000000000000004e-05	1.0000000000000004e-05	1.0000000000000004e-05	9.999884792626732e-06	9.99124423963134e-06	9.953168202764984e-06	9.899827188940098e-06	9.922868663594473e-06	9.922292626728117e-06	9.907949308755764e-06	9.9705069124424e-06	1.0000000000000004e-05	9.984562211981574e-06	9.791186635944705e-06	9.69395161290323e-06	9.87292626728111e-06
7300	1.1317396313364057e-06	4.386463133640554e-06	8.553917050691247e-06	9.707718894009221e-06	6.117569124423963e-06	1.7090437788018438e-06	2.1032834101382485e-06	6.429781105990785e-06	8.66198156682028e-06	8.17718894009217e-06	8.872695852534564e-06	9.191359447004614e-06	9.343202764976962e-06	9.815322580645164e-06	9.947868663594472e-06	9.963824884792633e-06	9.83870967741936e-06	9.825748847926272e-06	9.958064516129037e-06
7400	9.992016806722697e-06	9.927731092436983e-06	9.90430672268908e-06	9.906565126050426e-06	9.897846638655467e-06	9.959821428571437e-06	9.999947478991606e-06	1.000000000000001e-05	9.978518907563033e-06	9.912815126050426e-06	9.915231092436983e-06	9.916228991596646e-06	9.909191176470597e-06	9.97389705882354e-06	9.995850840336146e-06	9.729306722689081e-06	9.313813025210085e-06	9.544222689075637e-06	9.963865546218497e-06
7500	7.123271889400921e-07	4.720679723502304e-06	8.960311059907835e-06	7.237500000000003e-06	2.288652073732719e-06	3.1105990783410136e-09	1.0866359447004605e-06	5.434504608294933e-06	7.483755760368664e-06	4.249481566820278e-06	2.558755760368664e-06	4.925230414746544e-06	8.371428571428573e-06	9.839631336405531e-06	9.942972350230419e-06	9.569585253456227e-06	8.90685483870968e-06	9.291244239631342e-06	9.95927419354839e-06
7600	6.029166666666666e-07	3.919880952380952e-06	8.226130952380955e-06	7.650119047619049e-06	2.740952380952381e-06	0.0	6.434523809523809e-07	4.785833333333333e-06	7.058869047619048e-06	4.368214285714286e-06	3.29779761904762e-06	4.793988095238096e-06	7.485654761904762e-06	9.38714285714286e-06	9.845357142857144e-06	9.262142857142859e-06	6.542976190476191e-06	6.836011904761906e-06	9.559226190476193e-06
7700	8.764285714285711e-07	4.7326785714285715e-06	8.7475e-06	7.0206547619047626e-06	2.129404761904762e-06	0.0	1.0676190476190474e-06	5.42625e-06	7.206964285714287e-06	4.174940476190477e-06	3.0519642857142856e-06	5.196666666666666e-06	8.172142857142859e-06	9.563511904761908e-06	9.855535714285717e-06	8.958809523809528e-06	5.4665476190476195e-06	5.683154761904764e-06	9.182559523809527e-06
7800	9.902888655462191e-06	9.818697478991599e-06	9.768855042016811e-06	6.824894957983195e-06	1.9429621848739494e-06	0.0	3.2048319327731087e-07	3.538707983193278e-06	6.345273109243698e-06	4.139600840336134e-06	2.265073529411765e-06	4.9268382352941185e-06	8.259768907563027e-06	9.42935924369748e-06	9.795640756302526e-06	8.441649159663872e-06	5.106827731092439e-06	6.262079831932778e-06	9.645168067226899e-06
7900	9.907488479262677e-06	9.834158986175119e-06	9.81129032258065e-06	7.100057603686639e-06	2.189516129032258e-06	0.0	3.5771889400921653e-07	3.909965437788018e-06	6.614516129032258e-06	4.364976958525346e-06	2.7376728110599075e-06	4.764746543778802e-06	8.036463133640554e-06	9.573502304147467e-06	9.858352534562216e-06	8.859043778801848e-06	5.4246543778801866e-06	6.134216589861754e-06	9.577073732718898e-06
8000	9.900059523809526e-06	9.830059523809527e-06	9.830833333333336e-06	7.309107142857142e-06	2.3785119047619046e-06	0.0	2.2499999999999994e-07	3.635833333333334e-06	6.8514285714285704e-06	4.576904761904763e-06	2.382738095238095e-06	4.56779761904762e-06	8.020476190476192e-06	9.571964285714288e-06	9.866011904761907e-06	8.895357142857145e-06	5.478571428571427e-06	6.093630952380953e-06	9.45476190476191e-06
8100	9.914821428571432e-06	9.848154761904761e-06	9.765178571428575e-06	7.096071428571429e-06	2.7404166666666668e-06	1.0000000000000004e-06	1.1382142857142857e-06	4.1873809523809525e-06	7.2113095238095244e-06	5.194107142857141e-06	3.1954166666666666e-06	5.255892857142857e-06	8.461190476190477e-06	9.777797619047624e-06	9.90261904761905e-06	8.965e-06	5.910535714285713e-06	6.489642857142859e-06	9.261845238095242e-06
8200	9.761981566820281e-06	9.268029953917054e-06	9.425000000000004e-06	7.554089861751153e-06	3.415668202764975e-06	1.6129032258064514e-06	2.06705069124424e-06	5.133352534562214e-06	6.896140552995395e-06	4.745564516129033e-06	3.433870967741935e-06	5.335426267281108e-06	8.197292626728114e-06	9.436808755760374e-06	9.856970046082955e-06	8.719239631336408e-06	5.609389400921659e-06	6.326555299539171e-06	9.022177419354842e-06
8300	7.619464285714289e-06	8.019166666666668e-06	9.234523809523812e-06	9.968750000000002e-06	1.0000000000000003e-05	1.0000000000000003e-05	1.0000000000000003e-05	1.0000000000000003e-05	1.0000000000000003e-05	1.0000000000000003e-05	9.985059523809525e-06	9.916785714285717e-06	9.91494047619048e-06	9.983214285714289e-06	1.0000000000000003e-05	1.0000000000000003e-05	1.0000000000000003e-05	9.995892857142862e-06	9.981011904761907e-06
8400	8.53811383928572e-06	8.313058035714287e-06	9.124497767857148e-06	9.968973214285717e-06	1.0000000000000004e-05	1.0000000000000004e-05	1.0000000000000004e-05	1.0000000000000004e-05	9.983761160714289e-06	9.916071428571435e-06	9.905357142857145e-06	9.907533482142863e-06	9.910881696428575e-06	9.976395089285719e-06	9.999609375000001e-06	9.996875000000006e-06	9.997265625000004e-06	9.995256696428575e-06	9.975725446428574e-06
8500	5.9067857142857165e-06	7.72184523809524e-06	9.20077380952381e-06	9.969047619047622e-06	1.0000000000000003e-05	1.0000000000000003e-05	1.0000000000000003e-05	1.0000000000000003e-05	9.988928571428577e-06	9.92464285714286e-06	9.909642857142862e-06	9.914523809523812e-06	9.909940476190479e-06	9.967500000000002e-06	9.980654761904769e-06	8.26214285714286e-06	4.075833333333334e-06	4.100833333333334e-06	7.227261904761905e-06
8600	2.9581797235023047e-06	6.6012096774193565e-06	9.2344470046083e-06	9.969297235023047e-06	1.0000000000000004e-05	1.0000000000000004e-05	1.0000000000000004e-05	9.99026497695853e-06	9.924423963133643e-06	9.899020737327189e-06	9.959447004608298e-06	9.994585253456224e-06	1.0000000000000004e-05	1.0000000000000004e-05	1.0000000000000004e-05	1.0000000000000004e-05	1.0000000000000004e-05	1.0000000000000004e-05	1.0000000000000004e-05
8700	7.772105911330051e-06	4.418041871921184e-06	6.395935960591136e-06	9.861945812807884e-06	9.93860837438424e-06	9.901970443349756e-06	9.92955665024631e-06	9.825492610837443e-06	9.739593596059118e-06	9.785591133004929e-06	9.883066502463055e-06	9.90960591133005e-06	9.909174876847293e-06	9.979310344827589e-06	9.98897783251232e-06	8.196798029556653e-06	3.952032019704432e-06	3.613731527093597e-06	6.942795566502464e-06
8800	7.602048319327731e-06	4.430147058823529e-06	6.567121848739499e-06	9.845535714285722e-06	9.93350840336135e-06	9.90084033613446e-06	9.822636554621858e-06	9.359978991596643e-06	9.374002100840339e-06	9.779096638655466e-06	9.876943277310933e-06	9.903834033613452e-06	9.911659663865554e-06	9.969170168067234e-06	9.974789915966392e-06	7.841701680672272e-06	3.452993697478992e-06	3.60204831932773e-06	6.921796218487394e-06
8900	5.291810344827585e-06	3.151785714285715e-06	6.2724137931034505e-06	9.897660098522169e-06	9.844088669950742e-06	9.811083743842367e-06	9.93472906403941e-06	9.843965517241384e-06	9.729064039408868e-06	9.76514778325123e-06	9.828078817733993e-06	9.801847290640396e-06	9.864039408866997e-06	9.989039408866997e-06	9.994581280788178e-06	7.25369458128079e-06	2.412192118226601e-06	3.004802955665025e-06	7.762438423645322e-06
9000	5.165092165898617e-06	3.0566244239631343e-06	6.195794930875576e-06	9.852131336405532e-06	9.84268433179724e-06	9.81059907834102e-06	9.923675115207377e-06	9.833352534562219e-06	9.733237327188946e-06	9.7741935483871e-06	9.834907834101387e-06	9.807085253456226e-06	9.860023041474658e-06	9.985368663594473e-06	1.0000000000000004e-05	1.0000000000000004e-05	1.0000000000000004e-05	1.0000000000000004e-05	1.0000000000000004e-05
9100	7.952566964285715e-06	4.4638392857142856e-06	6.189508928571432e-06	9.78443080357143e-06	9.853627232142863e-06	9.81071428571429e-06	9.18922991071429e-06	7.272265625e-06	7.877176339285717e-06	9.752511160714289e-06	9.825279017857147e-06	9.807198660714289e-06	9.870312500000005e-06	9.983928571428575e-06	1.0000000000000004e-05	1.0000000000000004e-05	1.0000000000000004e-05	1.0000000000000004e-05	1.0000000000000004e-05
9200	1.0000000000000004e-05	1.0000000000000004e-05	1.0000000000000004e-05	1.0000000000000004e-05	1.0000000000000004e-05	1.0000000000000004e-05	1.0000000000000004e-05	1.0000000000000004e-05	9.995967741935486e-06	9.990380184331802e-06	9.99435483870968e-06	9.999942396313369e-06	1.0000000000000004e-05	9.998905529953921e-06	9.993260368663598e-06	9.99141705069125e-06	9.99706221198157e-06	1.0000000000000004e-05	1.0000000000000004e-05
9300	1.0000000000000004e-05	9.997811059907838e-06	9.941129032258067e-06	9.878917050691245e-06	9.866589861751156e-06	9.923271889400926e-06	9.992281105990787e-06	1.0000000000000004e-05	1.0000000000000004e-05	1.0000000000000004e-05	9.99976958525346e-06	9.97776497695853e-06	9.90547235023042e-06	9.919009216589866e-06	9.991532258064518e-06	1.0000000000000004e-05	1.0000000000000004e-05	1.0000000000000004e-05	1.0000000000000004e-05
9400	1.0000000000000004e-05	9.990234375000006e-06	9.926116071428574e-06	9.885100446428572e-06	9.896205357142859e-06	9.940290178571433e-06	9.960937500000007e-06	9.915680803571434e-06	9.944866071428575e-06	9.996819196428574e-06	1.0000000000000004e-05	9.986830357142866e-06	9.921316964285719e-06	9.925669642857147e-06	9.991183035714289e-06	9.998604910714289e-06	9.950446428571434e-06	9.911272321428573e-06	9.945479910714291e-06
9500	1.0000000000000003e-05	9.997500000000004e-06	9.902976190476196e-06	9.794464285714292e-06	9.824226190476193e-06	9.928035714285718e-06	9.965059523809527e-06	9.912202380952384e-06	9.919464285714288e-06	9.925000000000006e-06	9.934940476190481e-06	9.981726190476193e-06	9.96386904761905e-06	9.967738095238098e-06	9.996130952380955e-06	9.988035714285719e-06	9.938630952380958e-06	9.930952380952384e-06	9.974404761904767e-06
9600	1.0000000000000004e-05	9.997294372294377e-06	9.75703463203464e-06	9.308170995671002e-06	9.545995670995675e-06	9.99756493506494e-06	1.0000000000000004e-05	1.0000000000000004e-05	9.968290043290052e-06	9.837229437229443e-06	9.831709956709962e-06	9.962770562770566e-06	1.0000000000000004e-05	1.0000000000000004e-05	1.0000000000000004e-05	9.998701298701303e-06	9.950054112554116e-06	9.914718614718616e-06	9.957954545454547e-06
9700	1.0000000000000004e-05	9.996140552995397e-06	9.886693548387103e-06	9.807373271889404e-06	9.913306451612906e-06	9.99648617511521e-06	1.0000000000000004e-05	1.0000000000000004e-05	9.958410138248854e-06	9.836059907834106e-06	9.848041474654382e-06	9.970391705069128e-06	1.0000000000000004e-05	1.0000000000000004e-05	1.0000000000000004e-05	9.999539170506917e-06	9.948099078341018e-06	9.903686635944705e-06	9.955126728110602e-06
9800	9.968470982142862e-06	9.90407366071429e-06	8.25128348214286e-06	6.207477678571427e-06	7.80904017857143e-06	9.893526785714291e-06	9.902399553571431e-06	9.905747767857147e-06	9.942633928571431e-06	9.849720982142859e-06	9.83141741071429e-06	9.950279017857148e-06	1.0000000000000004e-05	1.0000000000000004e-05	1.0000000000000004e-05	9.998325892857149e-06	9.93448660714286e-06	9.901674107142862e-06	9.965513392857146e-06
9900	9.936405529953921e-06	9.887788018433183e-06	8.247983870967743e-06	5.588133640552996e-06	7.16831797235023e-06	9.81733870967742e-06	9.831970046082949e-06	9.88951612903226e-06	9.926440092165904e-06	9.842511520737329e-06	9.844930875576042e-06	9.956682027649773e-06	1.0000000000000004e-05	1.0000000000000004e-05	1.0000000000000004e-05	9.997580645161293e-06	9.930875576036872e-06	9.902419354838714e-06	9.969124423963136e-06
10000	9.925613839285722e-06	9.809040178571433e-06	7.534430803571432e-06	5.049330357142859e-06	7.359933035714289e-06	9.99508928571429e-06	1.0000000000000004e-05	1.0000000000000004e-05	1.0000000000000004e-05	1.0000000000000004e-05	1.0000000000000004e-05	1.0000000000000004e-05	1.0000000000000004e-05	1.0000000000000004e-05	1.0000000000000004e-05	9.997991071428578e-06	9.97321428571429e-06	9.967633928571437e-06	9.992410714285719e-06
