	site
generation	50	100	150	200	250	300	350	400	450	500	550	600	650	700	750	800	850	900	950
0	1.0000000000000003e-05	1.0000000000000003e-05	1.0000000000000003e-05	1.0000000000000003e-05	1.0000000000000003e-05	1.0000000000000003e-05	1.0000000000000003e-05	1.0000000000000003e-05	1.0000000000000003e-05	1.0000000000000003e-05	1.0000000000000003e-05	1.0000000000000003e-05	1.0000000000000003e-05	1.0000000000000003e-05	1.0000000000000003e-05	1.0000000000000003e-05	1.0000000000000003e-05	1.0000000000000003e-05	1.0000000000000003e-05
100	1.0000000000000003e-05	1.0000000000000003e-05	1.0000000000000003e-05	1.0000000000000003e-05	1.0000000000000003e-05	1.0000000000000003e-05	1.0000000000000003e-05	1.0000000000000003e-05	1.0000000000000003e-05	1.0000000000000003e-05	1.0000000000000003e-05	1.0000000000000003e-05	1.0000000000000003e-05	1.0000000000000003e-05	1.0000000000000003e-05	1.0000000000000003e-05	1.0000000000000003e-05	1.0000000000000003e-05	1.0000000000000003e-05
200	1.0000000000000004e-05	1.0000000000000004e-05	1.0000000000000004e-05	1.0000000000000004e-05	1.0000000000000004e-05	1.0000000000000004e-05	1.0000000000000004e-05	1.0000000000000004e-05	1.0000000000000004e-05	1.0000000000000004e-05	1.0000000000000004e-05	1.0000000000000004e-05	1.0000000000000004e-05	1.0000000000000004e-05	1.0000000000000004e-05	1.0000000000000004e-05	1.0000000000000004e-05	1.0000000000000004e-05	1.0000000000000004e-05
300	1.0000000000000004e-05	1.0000000000000004e-05	1.0000000000000004e-05	1.0000000000000004e-05	9.976785714285722e-06	9.83571428571429e-06	9.823214285714292e-06	9.964285714285718e-06	9.950948660714293e-06	9.896875000000005e-06	9.945926339285717e-06	1.0000000000000004e-05	1.0000000000000004e-05	1.0000000000000004e-05	1.0000000000000004e-05	1.0000000000000004e-05	1.0000000000000004e-05	9.992466517857148e-06	9.978515625000005e-06
400	9.845238095238097e-06	9.883392857142862e-06	9.893750000000002e-06	9.947738095238096e-06	9.978928571428574e-06	9.822023809523814e-06	9.820952380952385e-06	9.977976190476193e-06	9.940238095238097e-06	9.900000000000003e-06	9.959761904761906e-06	9.971190476190477e-06	9.903035714285717e-06	9.928809523809525e-06	9.996964285714289e-06	1.0000000000000003e-05	1.0000000000000003e-05	9.961726190476191e-06	9.899226190476188e-06
500	1.0000000000000004e-05	1.0000000000000004e-05	1.0000000000000004e-05	1.0000000000000004e-05	9.997889610389614e-06	9.98419913419914e-06	9.983928571428578e-06	9.997619047619051e-06	9.947402597402601e-06	9.900000000000003e-06	9.950000000000003e-06	9.967911255411264e-06	9.898809523809529e-06	9.922997835497839e-06	9.994696969696972e-06	1.0000000000000004e-05	1.0000000000000004e-05	9.964664502164505e-06	9.897023809523813e-06
600	9.970063025210093e-06	9.90588235294118e-06	9.801890756302525e-06	9.866754201680679e-06	9.86985294117648e-06	9.563865546218494e-06	9.650472689075636e-06	9.976785714285723e-06	9.953939075630259e-06	9.8983193277311e-06	9.942279411764715e-06	9.95084033613446e-06	9.853991596638659e-06	9.894957983193285e-06	9.99390756302522e-06	1.000000000000001e-05	1.000000000000001e-05	9.96738445378152e-06	9.899107142857149e-06
700	9.894754464285719e-06	9.961551339285719e-06	9.980915178571434e-06	9.908984375000003e-06	9.861607142857146e-06	9.891015625000004e-06	9.957310267857147e-06	1.0000000000000004e-05	9.953627232142864e-06	9.901339285714287e-06	9.946372767857146e-06	9.998660714285717e-06	1.0000000000000004e-05	1.0000000000000004e-05	9.968917410714293e-06	9.902957589285721e-06	9.865122767857146e-06	9.897042410714289e-06	9.965959821428576e-06
800	9.87369047619048e-06	9.942321428571433e-06	9.962916666666673e-06	9.899583333333336e-06	9.861488095238098e-06	9.887738095238098e-06	9.946488095238099e-06	9.995297619047622e-06	9.93505952380953e-06	9.828035714285719e-06	9.87494047619048e-06	9.981964285714288e-06	9.985833333333335e-06	9.91178571428572e-06	9.885297619047621e-06	9.902380952380953e-06	9.862500000000004e-06	9.83589285714286e-06	9.88071428571429e-06
900	9.854838709677422e-06	9.943778801843322e-06	9.984504608294936e-06	9.910829493087558e-06	9.857315668202768e-06	9.889285714285716e-06	9.957834101382493e-06	9.999884792626732e-06	9.940610599078345e-06	9.815264976958527e-06	9.850115207373274e-06	9.972523041474656e-06	9.979147465437792e-06	9.916186635944705e-06	9.884274193548394e-06	9.897177419354841e-06	9.862845622119814e-06	9.818087557603691e-06	9.867684331797237e-06
1000	9.961547619047624e-06	9.901071428571436e-06	9.397142857142862e-06	5.816011904761904e-06	4.9007142857142855e-06	5.070238095238097e-06	5.53636904761905e-06	9.031666666666669e-06	9.951666666666672e-06	9.900773809523812e-06	9.944761904761909e-06	9.980714285714292e-06	9.907023809523814e-06	9.918511904761905e-06	9.979880952380957e-06	9.922976190476194e-06	9.857857142857146e-06	9.875357142857144e-06	9.938690476190477e-06
1100	9.945033482142862e-06	7.920926339285718e-06	4.500725446428571e-06	2.894642857142858e-06	4.845479910714286e-06	5.059933035714286e-06	5.9949776785714295e-06	9.441517857142862e-06	9.933649553571434e-06	9.876004464285717e-06	9.93141741071429e-06	9.973604910714288e-06	9.90714285714286e-06	9.923716517857145e-06	9.980859375000008e-06	9.916071428571433e-06	9.84893973214286e-06	9.854464285714288e-06	9.869419642857142e-06
1200	9.956105990783417e-06	8.11555299539171e-06	4.557949308755761e-06	2.829320276497696e-06	5.475921658986174e-06	5.998963133640553e-06	6.413594470046084e-06	9.482200460829495e-06	9.90276497695853e-06	9.806221198156685e-06	9.888018433179725e-06	9.968894009216595e-06	9.90414746543779e-06	9.92488479262673e-06	9.986405529953922e-06	9.914055299539172e-06	9.840264976958528e-06	9.846831797235025e-06	9.86094470046083e-06
1300	9.940297619047621e-06	8.137261904761908e-06	4.998630952380952e-06	3.132261904761905e-06	4.824523809523809e-06	5.316250000000001e-06	6.032023809523811e-06	9.249702380952381e-06	9.916666666666671e-06	9.805000000000002e-06	9.87869047619048e-06	9.991904761904767e-06	9.991071428571431e-06	9.993095238095241e-06	9.998095238095239e-06	9.995059523809525e-06	9.994166666666672e-06	9.998273809523813e-06	1.0000000000000003e-05
1400	9.97464285714286e-06	9.362619047619052e-06	8.400892857142857e-06	8.23125e-06	8.863571428571429e-06	8.988988095238098e-06	9.232023809523811e-06	9.894761904761907e-06	9.895773809523813e-06	9.790714285714287e-06	9.871845238095241e-06	9.991250000000002e-06	1.0000000000000003e-05	1.0000000000000003e-05	1.0000000000000003e-05	1.0000000000000003e-05	1.0000000000000003e-05	1.0000000000000003e-05	1.0000000000000003e-05
1500	9.919124423963138e-06	7.423099078341017e-06	3.926900921658986e-06	2.93934331797235e-06	4.500345622119817e-06	4.602476958525346e-06	6.0828917050691235e-06	9.44844470046083e-06	9.816762672811064e-06	9.762615207373274e-06	9.878801843317976e-06	9.992050691244242e-06	1.0000000000000004e-05	1.0000000000000004e-05	1.0000000000000004e-05	1.0000000000000004e-05	1.0000000000000004e-05	1.0000000000000004e-05	1.0000000000000004e-05
1600	9.56468894009217e-06	8.215725806451616e-06	5.638248847926266e-06	3.834101382488478e-06	3.0343894009216585e-06	3.740495391705068e-06	6.636578341013824e-06	9.368605990783413e-06	8.415552995391706e-06	6.935368663594472e-06	8.444470046082953e-06	9.990610599078344e-06	9.988997695852537e-06	9.984274193548391e-06	9.994873271889405e-06	1.0000000000000004e-05	1.0000000000000004e-05	1.0000000000000004e-05	1.0000000000000004e-05
1700	8.498772321428574e-06	7.850948660714286e-06	4.7840959821428586e-06	2.281361607142857e-06	1.2899553571428573e-06	1.1273437499999999e-06	3.880412946428571e-06	8.267075892857144e-06	7.976171875000002e-06	6.355078125000002e-06	8.26886160714286e-06	9.991127232142861e-06	9.997209821428579e-06	9.996875000000006e-06	9.994419642857149e-06	9.933816964285718e-06	9.920424107142859e-06	9.934040178571431e-06	9.877343749999999e-06
1800	9.544252232142859e-06	7.97103794642857e-06	4.680859375000001e-06	2.018247767857143e-06	1.3325334821428575e-06	1.3658482142857143e-06	3.207700892857142e-06	7.5182477678571444e-06	8.119252232142858e-06	6.8584821428571434e-06	8.591071428571433e-06	9.994921875000004e-06	1.0000000000000004e-05	1.0000000000000004e-05	9.99235491071429e-06	9.921484375000005e-06	9.907645089285719e-06	9.92360491071429e-06	9.84185267857143e-06
1900	8.426612903225807e-06	7.4957949308755774e-06	3.8107142857142866e-06	1.7731566820276493e-06	1.6129032258064512e-06	1.2387096774193552e-06	2.562096774193548e-06	6.986808755760369e-06	7.975288018433182e-06	6.936981566820279e-06	8.814631336405534e-06	9.98911290322581e-06	1.0000000000000004e-05	9.995737327188944e-06	9.98600230414747e-06	9.92021889400922e-06	9.913767281105993e-06	9.92079493087558e-06	9.839055299539174e-06
2000	9.025781250000001e-06	7.556584821428573e-06	6.209709821428572e-06	8.340122767857147e-06	9.882031250000005e-06	9.429073660714287e-06	7.747600446428574e-06	7.551060267857145e-06	5.456529017857142e-06	4.909207589285715e-06	8.736383928571432e-06	9.988448660714288e-06	9.992912946428577e-06	9.99123883928572e-06	9.978404017857147e-06	9.91422991071429e-06	9.918805803571434e-06	9.928069196428574e-06	9.831194196428574e-06
2100	8.57904761904762e-06	6.90345238095238e-06	4.896309523809523e-06	7.625654761904763e-06	9.898690476190478e-06	9.03452380952381e-06	6.583214285714286e-06	7.0007142857142866e-06	5.72404761904762e-06	4.670476190476191e-06	8.391964285714286e-06	9.899464285714288e-06	9.967619047619048e-06	9.996666666666669e-06	9.980714285714287e-06	9.919226190476194e-06	9.92684523809524e-06	9.937321428571432e-06	9.845595238095238e-06
2200	9.772440476190477e-06	7.930595238095242e-06	6.124583333333332e-06	8.044761904761906e-06	9.859285714285716e-06	7.577380952380951e-06	4.492380952380954e-06	6.038035714285713e-06	5.72452380952381e-06	4.810119047619048e-06	8.237380952380956e-06	9.90339285714286e-06	9.97464285714286e-06	1.0000000000000003e-05	9.989642857142865e-06	9.921369047619052e-06	9.910059523809526e-06	9.923988095238098e-06	9.838511904761906e-06
2300	9.578154761904762e-06	7.765000000000003e-06	5.776607142857144e-06	7.811428571428573e-06	9.494761904761906e-06	7.2102380952380965e-06	4.427321428571428e-06	5.9103571428571405e-06	5.3857738095238115e-06	4.491726190476191e-06	8.179047619047619e-06	9.897678571428575e-06	9.967976190476191e-06	1.0000000000000003e-05	9.984880952380958e-06	9.916607142857146e-06	9.914821428571432e-06	9.923154761904765e-06	9.826964285714287e-06
2400	9.976670506912446e-06	9.993951612903227e-06	1.0000000000000004e-05	9.962615207373275e-06	9.868375576036869e-06	7.836463133640555e-06	4.477073732718895e-06	5.7573732718894035e-06	5.26676267281106e-06	4.298502304147466e-06	8.1676267281106e-06	9.893433179723506e-06	9.968548387096777e-06	9.999827188940097e-06	9.985426267281111e-06	9.912730414746545e-06	9.904608294930877e-06	9.916820276497698e-06	9.835656682027654e-06
2500	1.0000000000000004e-05	1.0000000000000004e-05	1.0000000000000004e-05	9.956048387096781e-06	9.375691244239634e-06	6.98139400921659e-06	4.3740783410138256e-06	5.983352534562212e-06	5.597235023041474e-06	4.651094470046083e-06	8.15869815668203e-06	9.905529953917055e-06	9.971716589861756e-06	1.0000000000000004e-05	9.991589861751157e-06	9.935829493087562e-06	9.92332949308756e-06	9.918836405529962e-06	9.8418202764977e-06
2600	1.0000000000000003e-05	1.0000000000000003e-05	1.0000000000000003e-05	9.99852216748769e-06	9.955726600985224e-06	7.876970443349754e-06	4.569766009852217e-06	4.693780788177338e-06	3.3400246305418715e-06	2.175985221674877e-06	6.751293103448275e-06	9.867549261083748e-06	9.993534482758624e-06	9.99753694581281e-06	1.0000000000000003e-05	1.0000000000000003e-05	9.975862068965519e-06	9.764039408866998e-06	9.283251231527094e-06
2700	9.963895089285718e-06	9.991796875000002e-06	9.995814732142862e-06	9.933928571428577e-06	9.880859375000007e-06	7.766183035714291e-06	4.525055803571429e-06	4.691071428571429e-06	3.1795200892857145e-06	2.1488839285714288e-06	6.806250000000003e-06	9.845200892857149e-06	9.993750000000007e-06	9.995982142857148e-06	9.994084821428574e-06	9.916071428571433e-06	9.844977678571432e-06	9.852678571428575e-06	9.745535714285718e-06
2800	9.978571428571433e-06	9.994239631336409e-06	9.992223502304151e-06	9.897177419354844e-06	9.782891705069129e-06	7.5210253456221216e-06	4.511751152073733e-06	3.4385944700460837e-06	1.5776497695852533e-06	2.2709677419354836e-06	7.209677419354841e-06	9.948041474654381e-06	1.0000000000000004e-05	9.981278801843325e-06	9.900576036866363e-06	9.827707373271894e-06	9.816186635944704e-06	9.88456221198157e-06	9.976785714285716e-06
2900	9.978869047619053e-06	9.996726190476195e-06	9.99982142857143e-06	9.952321428571434e-06	9.855654761904764e-06	7.711369047619048e-06	4.2630952380952385e-06	4.148392857142858e-06	2.8447619047619046e-06	1.8870238095238098e-06	6.575595238095238e-06	9.739107142857143e-06	9.82934523809524e-06	9.889761904761907e-06	9.891904761904764e-06	9.919583333333336e-06	9.97505952380953e-06	9.985773809523812e-06	9.998095238095242e-06
3000	9.943490783410144e-06	9.842338709677423e-06	9.790322580645163e-06	9.894412442396317e-06	9.88271889400922e-06	7.798790322580644e-06	4.207258064516129e-06	2.927188940092165e-06	1.627880184331797e-06	1.3716589861751154e-06	5.937557603686637e-06	9.52206221198157e-06	9.92281105990784e-06	9.964112903225812e-06	9.988594470046084e-06	9.9623271889401e-06	9.923847926267287e-06	9.900864055299546e-06	9.875748847926271e-06
3100	9.766964285714289e-06	8.600948660714292e-06	8.722042410714288e-06	9.886272321428574e-06	9.901171875000005e-06	7.907198660714287e-06	4.2623325892857154e-06	2.447098214285714e-06	1.192466517857143e-06	1.5763950892857143e-06	6.1942522321428585e-06	9.569084821428572e-06	9.88359375e-06	9.90530133928572e-06	9.960267857142861e-06	9.92672991071429e-06	9.61143973214286e-06	9.223716517857145e-06	8.621875000000003e-06
3200	9.710658482142861e-06	7.951450892857143e-06	8.065011160714286e-06	9.826729910714288e-06	9.889676339285719e-06	7.443415178571432e-06	4.1565848214285725e-06	3.5893973214285726e-06	1.981138392857143e-06	9.388950892857143e-07	5.516517857142858e-06	9.508649553571435e-06	9.850167410714288e-06	9.899107142857147e-06	9.969475446428578e-06	9.830468750000005e-06	9.514285714285717e-06	9.153850446428573e-06	7.803180803571428e-06
3300	9.899188311688316e-06	9.886634199134201e-06	9.942640692640696e-06	9.990367965367971e-06	9.927164502164508e-06	7.060606060606064e-06	3.228354978354977e-06	2.618290043290044e-06	1.526298701298701e-06	4.9675324675324675e-08	2.358928571428571e-06	7.307683982683984e-06	9.946861471861478e-06	9.900811688311694e-06	9.94415584415585e-06	9.849350649350656e-06	9.650919913419918e-06	9.783279220779227e-06	9.98701298701299e-06
3400	9.079854910714287e-06	4.669866071428573e-06	2.7300223214285717e-06	7.102343750000004e-06	9.870312500000005e-06	7.443861607142861e-06	4.074944196428571e-06	3.4418526785714284e-06	1.9066964285714288e-06	6.026785714285714e-08	2.588895089285715e-06	7.479910714285717e-06	9.87393973214286e-06	9.900279017857149e-06	9.956975446428574e-06	9.92366071428572e-06	9.885825892857146e-06	9.950948660714289e-06	9.994363839285719e-06
3500	9.535010822510827e-06	7.024621212121214e-06	5.495508658008659e-06	7.94058441558442e-06	9.87678571428572e-06	8.5737012987013e-06	6.3502705627705625e-06	4.495238095238095e-06	1.785551948051948e-06	4.9675324675324675e-08	2.430735930735931e-06	7.303192640692643e-06	9.841179653679655e-06	9.883279220779222e-06	9.882846320346326e-06	9.903787878787883e-06	9.904274891774896e-06	9.917207792207798e-06	9.986417748917753e-06
3600	9.181919642857147e-06	4.9532924107142875e-06	1.799720982142857e-06	5.815234375000001e-06	9.208984375000003e-06	5.219140625000002e-06	2.352399553571428e-06	3.197544642857144e-06	1.6574776785714285e-06	3.314732142857142e-08	1.970870535714286e-06	6.876227678571432e-06	9.849553571428577e-06	9.884095982142865e-06	9.85524553571429e-06	9.832645089285717e-06	9.92745535714286e-06	9.99508928571429e-06	1.0000000000000004e-05
3700	9.301190476190477e-06	5.194285714285716e-06	2.045416666666666e-06	5.8670833333333326e-06	9.019345238095242e-06	4.982916666666668e-06	2.114047619047618e-06	3.420238095238096e-06	1.9790476190476186e-06	2.571428571428571e-08	2.5948809523809525e-06	7.497857142857145e-06	9.858154761904763e-06	9.89369047619048e-06	9.895892857142859e-06	9.921964285714288e-06	9.917678571428575e-06	9.910535714285717e-06	9.976726190476194e-06
3800	9.100297619047623e-06	4.787619047619048e-06	1.7083928571428575e-06	5.74291666666667e-06	9.131309523809525e-06	5.463750000000001e-06	2.3043452380952375e-06	2.6936904761904764e-06	1.444345238095238e-06	3.535714285714286e-08	2.29125e-06	7.1880357142857154e-06	9.854523809523809e-06	9.883750000000002e-06	9.88136904761905e-06	9.91916666666667e-06	9.989523809523812e-06	9.99821428571429e-06	9.992261904761908e-06
3900	7.72494588744589e-06	2.8306818181818188e-06	1.0869588744588744e-06	5.837229437229438e-06	9.289231601731605e-06	5.3536796536796515e-06	2.0410714285714287e-06	2.7793290043290037e-06	1.570508658008658e-06	4.9675324675324675e-08	2.324945887445888e-06	7.202813852813855e-06	9.832413419913422e-06	9.88658008658009e-06	9.918019480519485e-06	9.945238095238097e-06	9.994318181818186e-06	1.0000000000000004e-05	1.0000000000000004e-05
4000	9.867738095238095e-06	9.802559523809523e-06	8.154523809523812e-06	6.5161904761904775e-06	7.672857142857144e-06	5.349761904761905e-06	2.467976190476191e-06	3.4336904761904766e-06	1.8981547619047618e-06	5.7857142857142853e-08	2.7908928571428577e-06	7.691488095238097e-06	9.892976190476195e-06	9.943630952380955e-06	9.999464285714289e-06	1.0000000000000003e-05	1.0000000000000003e-05	1.0000000000000003e-05	1.0000000000000003e-05
4100	9.991244239631342e-06	9.996082949308759e-06	9.996774193548392e-06	9.994873271889403e-06	9.661866359447008e-06	5.7705645161290335e-06	2.4175691244239626e-06	2.7809907834101387e-06	1.4786290322580645e-06	8.398617511520737e-08	2.490841013824885e-06	7.3707373271889425e-06	9.895564516129037e-06	9.938479262672814e-06	9.997465437788021e-06	9.995564516129035e-06	9.990495391705072e-06	9.99377880184332e-06	9.995967741935488e-06
4200	1.0000000000000004e-05	1.0000000000000004e-05	1.0000000000000004e-05	9.996313364055303e-06	9.481221198156686e-06	5.255299539170509e-06	2.2086405529953917e-06	2.96774193548387e-06	1.5294930875576036e-06	1.3766129032258067e-06	6.03225806451613e-06	9.655645161290326e-06	1.0000000000000004e-05	1.0000000000000004e-05	1.0000000000000004e-05	1.0000000000000004e-05	1.0000000000000004e-05	1.0000000000000004e-05	1.0000000000000004e-05
4300	1.0000000000000003e-05	1.0000000000000003e-05	1.0000000000000003e-05	9.968534482758625e-06	8.483866995073893e-06	3.824568965517241e-06	1.4097906403940882e-06	2.6139162561576356e-06	1.5166871921182263e-06	1.4220443349753694e-06	6.030788177339903e-06	9.051970443349756e-06	7.413854679802956e-06	7.884051724137934e-06	9.84759852216749e-06	9.886268472906405e-06	9.915086206896553e-06	9.962007389162564e-06	9.98029556650247e-06
4400	1.0000000000000004e-05	1.0000000000000004e-05	1.0000000000000004e-05	9.975057603686642e-06	8.378341013824887e-06	3.950748847926267e-06	1.8746543778801846e-06	2.6067972350230406e-06	1.288940092165899e-06	1.3069700460829494e-06	5.710714285714287e-06	9.055357142857147e-06	7.75403225806452e-06	7.982546082949309e-06	9.799539170506917e-06	9.859101382488479e-06	9.89135944700461e-06	9.951843317972354e-06	9.962039170506918e-06
4500	1.0000000000000004e-05	1.0000000000000004e-05	1.0000000000000004e-05	9.992187500000008e-06	9.340959821428576e-06	7.4109375e-06	6.5448660714285725e-06	5.093973214285714e-06	1.6172991071428572e-06	1.4835937500000003e-06	6.143750000000004e-06	9.66618303571429e-06	1.0000000000000004e-05	1.0000000000000004e-05	1.0000000000000004e-05	1.0000000000000004e-05	1.0000000000000004e-05	9.998772321428578e-06	9.99319196428572e-06
4600	9.996861471861476e-06	9.999567099567103e-06	1.0000000000000004e-05	9.831385281385288e-06	7.000216450216452e-06	2.338311688311688e-06	1.510822510822511e-06	3.097727272727273e-06	1.7768398268398267e-06	9.757034632034632e-07	4.799458874458876e-06	8.841720779220784e-06	9.997510822510826e-06	1.0000000000000004e-05	9.99242424242425e-06	9.97554112554113e-06	9.980303030303036e-06	9.997186147186152e-06	1.0000000000000004e-05
4700	9.996716589861755e-06	9.999596774193554e-06	1.0000000000000004e-05	9.776036866359452e-06	6.771313364055302e-06	2.352995391705069e-06	1.595852534562212e-06	2.442165898617511e-06	1.210253456221198e-06	1.2538018433179721e-06	5.7064516129032265e-06	9.438076036866362e-06	9.909216589861751e-06	9.920794930875579e-06	9.975460829493092e-06	9.91820276497696e-06	9.925000000000004e-06	9.991474654377883e-06	1.0000000000000004e-05
4800	9.996953781512615e-06	9.999579831932782e-06	1.000000000000001e-05	9.840441176470596e-06	6.7923319327731145e-06	2.221323529411765e-06	1.5787289915966388e-06	3.321533613445379e-06	2.0377626050420166e-06	7.158613445378152e-08	2.8235819327731107e-06	7.76412815126051e-06	9.889863445378157e-06	9.804411764705887e-06	9.834611344537818e-06	9.919852941176478e-06	9.978518907563035e-06	9.989075630252109e-06	9.996953781512615e-06
4900	9.996763392857148e-06	9.999553571428575e-06	1.0000000000000004e-05	9.755189732142863e-06	6.937946428571432e-06	2.616685267857142e-06	1.698660714285714e-06	2.7031250000000005e-06	1.438392857142857e-06	1.6981026785714284e-07	3.3938058035714296e-06	8.205301339285719e-06	9.882812500000004e-06	9.803013392857145e-06	9.825948660714288e-06	9.915625000000006e-06	9.991183035714289e-06	1.0000000000000004e-05	1.0000000000000004e-05
5000	9.969318181818187e-06	9.908928571428575e-06	9.924458874458878e-06	9.800757575757581e-06	6.493939393939396e-06	1.6834415584415585e-06	1.579112554112554e-06	3.772943722943722e-06	2.1996753246753247e-06	1.0568181818181818e-07	3.1464285714285725e-06	8.024621212121216e-06	9.880952380952385e-06	9.79724025974026e-06	9.82029220779221e-06	9.91769480519481e-06	9.981872294372301e-06	9.921428571428575e-06	9.866341991341994e-06
5100	9.973392857142861e-06	9.910357142857145e-06	9.906130952380956e-06	9.662916666666669e-06	6.4537500000000015e-06	1.7629761904761906e-06	6.203571428571427e-07	2.131071428571428e-06	1.5396428571428565e-06	1.1790476190476188e-06	5.519880952380954e-06	9.311428571428574e-06	9.826190476190476e-06	9.858452380952383e-06	9.954107142857146e-06	9.898392857142861e-06	9.838035714285714e-06	9.881607142857144e-06	9.920119047619053e-06
5200	9.974162946428577e-06	9.889285714285716e-06	9.833147321428572e-06	9.679520089285718e-06	6.223828125000003e-06	1.4651227678571428e-06	1.1209821428571427e-06	2.684933035714286e-06	1.579017857142857e-06	1.2773995535714286e-06	5.896707589285717e-06	9.57912946428572e-06	9.819196428571434e-06	9.855412946428576e-06	9.960212053571433e-06	9.901060267857146e-06	9.843359375000001e-06	9.877622767857148e-06	9.900279017857149e-06
5300	6.6327764976958545e-06	2.2491359447004612e-06	3.7327188940092163e-08	8.834101382488478e-07	1.7046082949308754e-06	8.585253456221198e-07	6.221198156682026e-07	2.0654377880184323e-06	1.4682027649769581e-06	1.5911866359447007e-06	6.09349078341014e-06	9.472811059907837e-06	9.86123271889401e-06	9.912500000000002e-06	9.996889400921664e-06	1.0000000000000004e-05	9.987327188940098e-06	9.980645161290327e-06	9.993317972350233e-06
5400	6.33654761904762e-06	2.2889285714285718e-06	5.4642857142857135e-08	8.549999999999998e-07	1.5653571428571428e-06	7.649999999999999e-07	7.682142857142857e-07	1.9767857142857143e-06	1.211785714285714e-06	1.5484523809523811e-06	6.175000000000002e-06	9.529523809523811e-06	9.80607142857143e-06	9.905238095238096e-06	9.998928571428574e-06	9.995416666666668e-06	9.927202380952385e-06	9.904583333333337e-06	9.972797619047621e-06
5500	9.350952380952383e-06	8.82940476190476e-06	8.514940476190476e-06	7.786607142857143e-06	4.914404761904763e-06	1.3666666666666666e-06	4.0178571428571413e-07	1.08e-06	6.782142857142856e-07	1.5292857142857143e-06	6.116488095238095e-06	9.328333333333337e-06	9.590000000000005e-06	9.781726190476195e-06	9.930178571428572e-06	9.981726190476194e-06	9.910238095238099e-06	9.906428571428573e-06	9.977619047619047e-06
5600	1.0000000000000003e-05	9.97101190476191e-06	9.853988095238097e-06	9.37696428571429e-06	5.812678571428572e-06	1.318690476190476e-06	3.2142857142857145e-07	1.2503571428571432e-06	9.385714285714284e-07	1.8399404761904764e-06	6.587619047619052e-06	9.66029761904762e-06	9.779107142857146e-06	9.80589285714286e-06	9.926607142857146e-06	9.984821428571431e-06	9.915833333333334e-06	9.91202380952381e-06	9.98416666666667e-06
5700	1.0000000000000004e-05	9.974308755760374e-06	9.671255760368665e-06	8.856451612903227e-06	5.402937788018434e-06	1.2434331797235023e-06	0.0	0.0	0.0	1.300345622119816e-06	5.944527649769587e-06	9.5330069124424e-06	9.782258064516131e-06	9.825115207373276e-06	9.924827188940095e-06	9.974193548387103e-06	9.914343317972354e-06	9.918548387096777e-06	9.982373271889403e-06
5800	1.0000000000000004e-05	9.973051948051955e-06	9.858874458874463e-06	9.554491341991345e-06	6.116883116883117e-06	1.4482142857142857e-06	0.0	0.0	0.0	1.5294372294372301e-06	6.211580086580087e-06	9.588961038961043e-06	9.78425324675325e-06	9.804816017316018e-06	9.914610389610394e-06	9.9577380952381e-06	9.893560606060609e-06	9.906114718614722e-06	9.977651515151517e-06
5900	9.88616071428572e-06	9.891406250000002e-06	9.845870535714288e-06	9.50597098214286e-06	5.678459821428574e-06	1.0633370535714284e-06	0.0	0.0	0.0	1.4970424107142857e-06	6.153850446428573e-06	9.45915178571429e-06	9.451395089285718e-06	9.573270089285716e-06	9.916629464285718e-06	9.946595982142865e-06	9.171037946428574e-06	8.983537946428571e-06	9.724832589285714e-06
6000	1.0000000000000003e-05	1.0000000000000003e-05	1.0000000000000003e-05	9.973750000000003e-06	7.75654761904762e-06	2.8695833333333333e-06	3.278571428571429e-07	3.5999999999999994e-07	1.1892857142857143e-07	3.214285714285714e-08	2.093035714285715e-06	4.806428571428571e-06	6.206250000000002e-06	8.234761904761906e-06	9.657083333333334e-06	9.67601190476191e-06	7.4912500000000005e-06	6.92732142857143e-06	9.229047619047622e-06
6100	1.0000000000000004e-05	1.0000000000000004e-05	9.949308755760372e-06	9.57350230414747e-06	6.331336405529955e-06	1.7071428571428573e-06	0.0	0.0	0.0	1.0751728110599077e-06	5.702476958525347e-06	7.11353686635945e-06	6.134043778801844e-06	8.606509216589866e-06	8.633582949308758e-06	5.931682027649768e-06	4.733582949308756e-06	6.910541474654378e-06	9.42799539170507e-06
6200	1.0000000000000004e-05	9.97367511520738e-06	9.865322580645163e-06	9.026440092165899e-06	5.1895161290322605e-06	1.0547235023041475e-06	0.0	0.0	0.0	1.3404377880184333e-06	5.9523617511520736e-06	7.651612903225808e-06	6.813191244239632e-06	8.739688940092169e-06	8.726958525345624e-06	6.338882488479262e-06	4.570334101382489e-06	6.155184331797238e-06	9.162960829493091e-06
6300	9.946699134199138e-06	9.960606060606065e-06	9.881926406926407e-06	8.957900432900434e-06	4.90292207792208e-06	8.45508658008658e-07	0.0	0.0	0.0	1.350270562770563e-06	6.157305194805197e-06	8.630032467532469e-06	8.404870129870135e-06	9.51628787878788e-06	8.523484848484848e-06	6.9465367965367965e-06	6.6276515151515135e-06	7.0356601731601744e-06	8.765476190476194e-06
6400	1.0000000000000003e-05	9.97011904761905e-06	9.859821428571433e-06	9.167738095238099e-06	6.076845238095239e-06	1.7988095238095242e-06	0.0	0.0	0.0	1.6927380952380952e-06	6.32261904761905e-06	7.445416666666669e-06	5.981785714285716e-06	8.06279761904762e-06	8.133452380952382e-06	4.449880952380953e-06	2.294642857142857e-06	4.422500000000001e-06	8.340833333333337e-06
6500	1.0000000000000004e-05	9.975518433179731e-06	9.863479262672815e-06	9.142799539170512e-06	5.346198156682029e-06	1.0913594470046083e-06	0.0	0.0	0.0	1.2177419354838711e-06	5.793029953917053e-06	7.712096774193551e-06	7.159619815668204e-06	9.02177419354839e-06	9.978456221198164e-06	9.926728110599082e-06	9.939861751152078e-06	9.992626728110602e-06	1.0000000000000004e-05
6600	1.0000000000000004e-05	9.972781385281391e-06	9.864556277056281e-06	9.299837662337667e-06	5.386958874458877e-06	9.78896103896104e-07	0.0	0.0	0.0	8.857142857142856e-07	4.037608225108226e-06	5.934848484848487e-06	6.691396103896103e-06	8.899188311688316e-06	9.961525974025981e-06	9.906818181818184e-06	9.926785714285717e-06	9.904220779220784e-06	9.764664502164509e-06
6700	9.732776497695859e-06	9.858237327188942e-06	9.872695852534564e-06	9.80472350230415e-06	7.949251152073732e-06	3.108813364055299e-06	2.861751152073732e-07	3.483870967741935e-07	1.150921658986175e-07	0.0	1.9824884792626724e-06	6.870103686635946e-06	9.822235023041476e-06	9.926670506912446e-06	9.979953917050694e-06	9.896658986175119e-06	9.881394009216595e-06	9.187039170506916e-06	7.857834101382489e-06
6800	9.719182027649772e-06	9.803513824884797e-06	9.782603686635949e-06	9.758813364055304e-06	8.095449308755762e-06	3.298617511520738e-06	3.297235023041475e-07	3.483870967741935e-07	1.1820276497695852e-07	0.0	1.6293202764976957e-06	6.59677419354839e-06	9.967453917050695e-06	1.0000000000000004e-05	1.0000000000000004e-05	1.0000000000000004e-05	1.0000000000000004e-05	1.0000000000000004e-05	1.0000000000000004e-05
6900	9.734598214285717e-06	9.798437500000002e-06	9.775334821428579e-06	9.017578125000001e-06	6.854743303571427e-06	2.8078125000000005e-06	3.314732142857142e-07	3.3749999999999995e-07	1.1450892857142857e-07	0.0	1.5482700892857145e-06	6.464955357142862e-06	9.914229910714294e-06	9.997544642857147e-06	1.0000000000000004e-05	1.0000000000000004e-05	1.0000000000000004e-05	9.971930803571435e-06	9.907756696428578e-06
7000	9.732812500000004e-06	9.654241071428574e-06	9.438727678571434e-06	9.17862723214286e-06	7.069252232142861e-06	2.606584821428572e-06	1.597098214285714e-07	1.6874999999999997e-07	5.424107142857142e-08	0.0	1.7053013392857145e-06	6.653125000000003e-06	9.947265625000004e-06	9.982756696428575e-06	9.97868303571429e-06	9.995368303571433e-06	1.0000000000000004e-05	9.978069196428579e-06	9.930636160714291e-06
7100	9.764843750000007e-06	9.832310267857147e-06	9.799162946428574e-06	9.283482142857144e-06	7.5537388392857145e-06	3.21958705357143e-06	1.8984374999999998e-07	1.6874999999999997e-07	5.424107142857142e-08	0.0	1.7397321428571429e-06	6.675000000000003e-06	9.935267857142862e-06	9.972879464285721e-06	9.904296875000005e-06	9.92712053571429e-06	9.995703125000003e-06	9.97555803571429e-06	9.925334821428574e-06
7200	9.29095622119816e-06	9.656970046082952e-06	9.7889400921659e-06	8.137269585253457e-06	4.378629032258065e-06	1.169585253456221e-06	2.8928571428571425e-07	3.483870967741935e-07	1.150921658986175e-07	0.0	1.2013824884792627e-06	6.071140552995392e-06	9.84637096774194e-06	9.937672811059913e-06	9.907661290322582e-06	9.942799539170511e-06	9.99619815668203e-06	9.970910138248854e-06	9.89890552995392e-06
7300	9.54144088669951e-06	9.508251231527097e-06	9.570381773399015e-06	7.812253694581279e-06	3.245258620689656e-06	2.0283251231527093e-07	1.263546798029557e-07	1.862068965517241e-07	5.985221674876847e-08	0.0	1.4597906403940886e-06	6.40689655172414e-06	9.947105911330051e-06	9.959605911330053e-06	9.827955665024634e-06	9.812068965517239e-06	9.88509852216749e-06	9.903078817733991e-06	9.893965517241382e-06
7400	8.9352380952381e-06	8.90184523809524e-06	9.539821428571431e-06	9.809404761904761e-06	8.175416666666668e-06	3.3655357142857148e-06	3.278571428571428e-07	3.6e-07	1.2214285714285713e-07	0.0	1.6697619047619046e-06	6.523690476190475e-06	9.77714285714286e-06	9.910000000000003e-06	9.91136904761905e-06	9.879345238095242e-06	9.893452380952383e-06	9.894940476190481e-06	9.887797619047621e-06
7500	9.326004464285717e-06	9.17047991071429e-06	9.588002232142861e-06	9.793359375000003e-06	8.002064732142858e-06	3.2223214285714286e-06	4.3995535714285716e-07	5.0625e-07	1.7176339285714286e-07	0.0	1.2565848214285716e-06	5.5231584821428604e-06	8.997154017857147e-06	9.71305803571429e-06	9.91143973214286e-06	9.874051339285718e-06	9.887444196428575e-06	9.904799107142862e-06	9.88989955357143e-06
7600	5.319815668202768e-06	4.484619815668203e-06	7.652592165898618e-06	9.80823732718894e-06	8.209043778801844e-06	3.3798387096774196e-06	2.9861751152073725e-07	3.483870967741935e-07	1.1820276497695852e-07	0.0	1.8414746543778807e-06	6.223271889400923e-06	9.039573732718895e-06	9.644354838709681e-06	9.91013824884793e-06	9.883467741935487e-06	9.893836405529958e-06	9.923099078341017e-06	9.989170506912446e-06
7700	5.541428571428573e-06	4.583869047619048e-06	7.4855357142857156e-06	9.808511904761906e-06	7.67089285714286e-06	2.827619047619048e-06	1.735714285714286e-07	1.8e-07	6.428571428571428e-08	0.0	1.3821428571428572e-06	5.202261904761908e-06	8.445238095238095e-06	9.536011904761905e-06	9.885952380952382e-06	9.975059523809527e-06	1.0000000000000003e-05	1.0000000000000003e-05	1.0000000000000003e-05
7800	1.8863095238095235e-06	6.717738095238094e-06	9.71809523809524e-06	9.77952380952381e-06	7.670476190476192e-06	2.819404761904762e-06	1.575e-07	1.8e-07	6.428571428571428e-08	0.0	1.0928571428571431e-07	1.3322619047619047e-06	5.929702380952383e-06	9.70166666666667e-06	9.991666666666668e-06	9.99279761904762e-06	9.996011904761907e-06	9.99994047619048e-06	1.0000000000000003e-05
7900	9.365783410138255e-06	9.594239631336407e-06	9.787211981566821e-06	9.525288018433177e-06	7.613364055299541e-06	3.0191820276497695e-06	1.679723502304148e-07	1.7419354838709676e-07	5.5990783410138245e-08	0.0	2.1152073732718887e-07	1.8072580645161293e-06	6.5046082949308775e-06	9.904608294930877e-06	9.993548387096779e-06	9.997811059907838e-06	1.0000000000000004e-05	9.998502304147468e-06	9.992741935483875e-06
8000	3.89447004608295e-06	4.461002304147466e-06	8.111175115207373e-06	9.063997695852538e-06	6.320737327188941e-06	2.1698156682027653e-06	1.2442396313364054e-08	0.0	0.0	0.0	1.2428571428571429e-06	5.813652073732721e-06	9.550576036866363e-06	9.90841013824885e-06	9.916244239631339e-06	9.987615207373276e-06	1.0000000000000004e-05	9.952304147465443e-06	9.871658986175115e-06
8100	5.184642857142859e-06	4.510416666666668e-06	7.599880952380955e-06	9.35779761904762e-06	6.93619047619048e-06	2.503214285714285e-06	2.571428571428571e-08	0.0	0.0	0.0	1.385654761904762e-06	6.091547619047619e-06	9.618392857142859e-06	9.821428571428573e-06	9.896309523809525e-06	9.915773809523815e-06	9.902976190476194e-06	9.92059523809524e-06	9.856726190476193e-06
8200	1.710829493087557e-07	2.968663594470046e-06	7.695506912442398e-06	9.229032258064518e-06	6.685829493087557e-06	2.3764976958525347e-06	2.1774193548387095e-08	0.0	0.0	0.0	1.2779953917050694e-06	5.960829493087559e-06	9.616705069124425e-06	9.815322580645162e-06	9.840207373271892e-06	9.916129032258068e-06	9.94251152073733e-06	9.956394009216593e-06	9.922292626728114e-06
8300	1.5970982142857139e-07	3.072488839285715e-06	7.813895089285715e-06	8.301953125e-06	3.807645089285715e-06	4.0680803571428567e-07	0.0	0.0	0.0	0.0	1.7925781250000004e-06	6.743750000000003e-06	9.951171875000003e-06	1.0000000000000004e-05	9.993805803571432e-06	9.923883928571432e-06	9.876729910714286e-06	9.832924107142862e-06	9.769084821428573e-06
8400	1.6486175115207374e-07	3.3773041474654393e-06	7.988306451612905e-06	7.924654377880185e-06	3.550057603686637e-06	4.012672811059908e-07	0.0	0.0	0.0	0.0	1.4296082949308755e-06	6.258064516129035e-06	9.828456221198159e-06	1.0000000000000004e-05	9.99251152073733e-06	9.92649769585254e-06	9.872868663594477e-06	9.829896313364055e-06	9.7786866359447e-06
8500	1.6874999999999997e-07	3.106417410714286e-06	7.717075892857146e-06	8.261328125000003e-06	3.7922991071428584e-06	3.1037946428571424e-07	0.0	0.0	0.0	0.0	1.1130022321428574e-06	5.5729910714285726e-06	9.341015625000003e-06	9.788448660714287e-06	9.895982142857145e-06	9.988560267857144e-06	9.997042410714292e-06	9.993750000000007e-06	9.996707589285717e-06
8600	1.6071428571428567e-07	3.300654761904763e-06	7.850535714285715e-06	7.82494047619048e-06	3.355416666666666e-06	2.4107142857142856e-07	0.0	0.0	0.0	0.0	1.3007142857142857e-06	5.90625e-06	9.477916666666666e-06	9.78357142857143e-06	9.898035714285717e-06	9.986845238095241e-06	1.0000000000000003e-05	1.0000000000000003e-05	1.0000000000000003e-05
8700	2.581797235023041e-07	3.2505760368663603e-06	7.826958525345624e-06	8.704377880184334e-06	4.134216589861752e-06	2.644009216589861e-07	0.0	0.0	0.0	0.0	8.091589861751153e-07	4.7349078341013835e-06	7.545737327188943e-06	4.495910138248848e-06	4.6480990783410145e-06	8.671370967741935e-06	9.805184331797234e-06	9.848732718894012e-06	9.919700460829497e-06
8800	1.5107142857142855e-07	3.0471428571428576e-06	7.673809523809527e-06	8.2202380952381e-06	3.731785714285714e-06	2.8928571428571425e-07	0.0	0.0	0.0	0.0	1.2500000000000003e-06	4.7680952380952396e-06	5.867738095238096e-06	6.1316071428571446e-06	8.733214285714289e-06	9.915119047619052e-06	9.91261904761905e-06	9.93934523809524e-06	9.98464285714286e-06
8900	2.7175324675324666e-07	3.4597402597402595e-06	7.965530303030307e-06	8.445670995670998e-06	4.059686147186148e-06	3.915584415584415e-07	0.0	0.0	0.0	0.0	9.64556277056277e-07	4.752272727272727e-06	6.6798701298701296e-06	6.606168831168834e-06	8.56174242424243e-06	9.772023809523816e-06	9.863744588744594e-06	9.930519480519488e-06	9.98836580086581e-06
9000	4.6285714285714293e-07	3.0953571428571434e-06	7.6236309523809545e-06	8.467142857142862e-06	3.781369047619049e-06	1.4464285714285713e-07	0.0	0.0	0.0	0.0	9.120833333333332e-07	2.1764285714285716e-06	3.890416666666666e-06	6.815952380952382e-06	9.158571428571432e-06	9.919464285714288e-06	9.899285714285718e-06	9.944821428571432e-06	9.996309523809527e-06
9100	1.639285714285714e-07	1.398214285714285e-06	2.356488095238095e-06	4.7001190476190475e-06	3.982916666666667e-06	4.0499999999999993e-07	0.0	0.0	0.0	0.0	1.242559523809524e-06	2.966904761904762e-06	3.736488095238095e-06	6.5656547619047635e-06	9.540952380952383e-06	9.939285714285719e-06	9.902738095238097e-06	9.944226190476193e-06	9.98440476190477e-06
9200	3.9740259740259746e-07	1.6801948051948048e-06	2.6405844155844155e-06	4.287554112554112e-06	3.1752164502164502e-06	9.935064935064935e-08	0.0	0.0	0.0	0.0	1.266991341991342e-06	2.8666666666666658e-06	3.5136363636363636e-06	6.207846320346322e-06	9.254112554112557e-06	9.851677489177492e-06	9.82938311688312e-06	9.924621212121215e-06	9.954220779220782e-06
9300	5.721428571428572e-07	2.603571428571428e-06	3.2335714285714287e-06	4.4550000000000005e-06	4.082142857142858e-06	6.685714285714284e-07	0.0	0.0	0.0	0.0	6.800595238095238e-07	1.684404761904762e-06	3.5307142857142855e-06	3.528988095238097e-06	4.844880952380953e-06	8.740000000000004e-06	9.806071428571432e-06	9.835e-06	9.861190476190477e-06
9400	1.4930875576036865e-07	1.962384792626728e-06	2.9427419354838714e-06	4.097177419354838e-06	3.1821428571428584e-06	2.1463133640552998e-07	0.0	0.0	0.0	0.0	1.2740207373271887e-06	2.8369815668202764e-06	3.5861175115207363e-06	2.9731566820276497e-06	4.960426267281107e-06	8.943029953917053e-06	9.927822580645167e-06	9.99521889400922e-06	1.0000000000000004e-05
9500	4.029017857142858e-07	1.5691406249999998e-06	2.5856026785714284e-06	4.400055803571429e-06	3.4021205357142864e-06	2.6517857142857136e-07	0.0	0.0	0.0	0.0	9.690290178571428e-07	2.3053571428571424e-06	3.177957589285714e-06	2.744475446428571e-06	5.047154017857144e-06	9.093973214285718e-06	9.949609375000004e-06	9.999944196428575e-06	1.0000000000000004e-05
9600	1.4308755760368665e-07	1.3278225806451613e-06	1.2536866359447002e-06	6.895161290322582e-08	0.0	0.0	0.0	0.0	0.0	0.0	7.608294930875574e-07	1.9224654377880186e-06	2.7449308755760354e-06	2.1584677419354835e-06	4.850748847926269e-06	9.184274193548392e-06	9.857142857142862e-06	9.905875576036868e-06	9.885426267281109e-06
9700	4.279017857142858e-07	1.8863839285714285e-06	1.7357142857142853e-06	2.651785714285714e-07	3.3749999999999995e-07	1.9888392857142857e-07	0.0	0.0	0.0	0.0	9.479910714285714e-07	2.2450892857142846e-06	1.5863839285714282e-06	5.407366071428572e-07	1.9417968749999996e-06	6.0511160714285715e-06	9.305412946428574e-06	9.90714285714286e-06	9.892745535714287e-06
9800	2.057142857142857e-07	2.389761904761905e-06	2.327619047619048e-06	1.4357142857142857e-07	0.0	0.0	0.0	0.0	0.0	0.0	8.182738095238094e-07	2.0669047619047623e-06	2.193630952380952e-06	1.3354166666666662e-06	3.4580357142857143e-06	7.768035714285717e-06	9.649940476190476e-06	9.93601190476191e-06	9.965654761904767e-06
9900	1.6293103448275863e-07	1.2635467980295564e-06	1.1405172413793103e-06	3.990147783251232e-08	0.0	0.0	0.0	0.0	0.0	0.0	9.875615763546796e-07	2.4173645320197037e-06	2.813054187192118e-06	1.7485221674876846e-06	4.137807881773399e-06	8.532573891625617e-06	9.6945197044335e-06	9.920320197044338e-06	9.979679802955668e-06
10000	8.474025974025974e-08	1.086634199134199e-06	1.0637445887445888e-06	6.185064935064935e-08	0.0	0.0	0.0	0.0	0.0	0.0	9.993506493506491e-07	2.29090909090909e-06	1.3996753246753243e-06	1.8993506493506485e-07	5.258658008658009e-07	4.557846320346321e-06	8.994426406926406e-06	9.828571428571432e-06	9.910064935064941e-06
