	site
generation	50	100	150	200	250	300	350	400	450	500	550	600	650	700	750	800	850	900	950
0	1.0000000000000004e-05	1.0000000000000004e-05	1.0000000000000004e-05	1.0000000000000004e-05	1.0000000000000004e-05	1.0000000000000004e-05	1.0000000000000004e-05	1.0000000000000004e-05	1.0000000000000004e-05	1.0000000000000004e-05	1.0000000000000004e-05	1.0000000000000004e-05	1.0000000000000004e-05	1.0000000000000004e-05	1.0000000000000004e-05	1.0000000000000004e-05	1.0000000000000004e-05	1.0000000000000004e-05	1.0000000000000004e-05
100	9.92184523809524e-06	9.93904761904762e-06	9.98184523809524e-06	9.997380952380954e-06	1.0000000000000003e-05	1.0000000000000003e-05	1.0000000000000003e-05	9.985833333333337e-06	9.918273809523812e-06	9.868154761904766e-06	9.876904761904765e-06	9.927619047619052e-06	9.984821428571431e-06	9.966250000000005e-06	9.905238095238098e-06	9.932142857142859e-06	9.986250000000005e-06	9.92357142857143e-06	9.857678571428574e-06
200	9.993191964285716e-06	9.988002232142863e-06	9.978236607142863e-06	9.989006696428575e-06	1.0000000000000004e-05	9.998883928571436e-06	9.982533482142861e-06	9.96623883928572e-06	9.907366071428575e-06	9.80357142857143e-06	9.77154017857143e-06	9.819977678571431e-06	9.916685267857146e-06	9.962890625000004e-06	9.90636160714286e-06	9.897544642857144e-06	9.902176339285717e-06	9.92901785714286e-06	9.991462053571432e-06
300	9.864631336405532e-06	9.93456221198157e-06	9.995046082949314e-06	1.0000000000000004e-05	1.0000000000000004e-05	1.0000000000000004e-05	1.0000000000000004e-05	9.985599078341017e-06	9.907258064516132e-06	9.725518433179727e-06	9.588824884792628e-06	9.716071428571431e-06	9.923271889400926e-06	9.992165898617515e-06	9.995391705069129e-06	9.962039170506916e-06	9.865207373271891e-06	9.810887096774196e-06	9.848963133640554e-06
400	1.0000000000000003e-05	1.0000000000000003e-05	1.0000000000000003e-05	1.0000000000000003e-05	1.0000000000000003e-05	1.0000000000000003e-05	1.0000000000000003e-05	9.980833333333336e-06	9.901130952380957e-06	9.802023809523811e-06	9.784583333333333e-06	9.828392857142857e-06	9.914285714285717e-06	9.988750000000002e-06	1.0000000000000003e-05	9.9827380952381e-06	9.920535714285718e-06	9.884821428571429e-06	9.917261904761904e-06
500	1.0000000000000004e-05	1.0000000000000004e-05	1.0000000000000004e-05	1.0000000000000004e-05	9.996774193548392e-06	9.987615207373278e-06	9.89619815668203e-06	9.796601382488481e-06	9.804665898617513e-06	9.783179723502305e-06	9.773214285714288e-06	9.833237327188941e-06	9.919470046082953e-06	9.98968894009217e-06	1.0000000000000004e-05	9.971486175115211e-06	9.899596774193553e-06	9.856451612903227e-06	9.862096774193547e-06
600	9.999702380952381e-06	9.996726190476192e-06	9.996964285714289e-06	9.99994047619048e-06	1.0000000000000003e-05	9.998571428571433e-06	9.903154761904768e-06	9.782738095238097e-06	9.787083333333337e-06	9.785416666666668e-06	9.76702380952381e-06	9.818333333333332e-06	9.912440476190477e-06	9.907916666666669e-06	9.910297619047622e-06	9.9652380952381e-06	9.922321428571433e-06	9.886071428571433e-06	9.88839285714286e-06
700	1.0000000000000004e-05	9.998905529953921e-06	9.996774193548392e-06	9.98680875576037e-06	9.916993087557607e-06	9.90529953917051e-06	8.300979262672815e-06	6.5701036866359464e-06	8.139343317972353e-06	9.766186635944705e-06	9.78081797235023e-06	9.836578341013826e-06	9.907200460829495e-06	9.90587557603687e-06	9.912730414746546e-06	9.985080645161293e-06	1.0000000000000004e-05	1.0000000000000004e-05	1.0000000000000004e-05
800	9.993894009216594e-06	9.938306451612908e-06	9.916877880184335e-06	9.958410138248854e-06	9.949193548387103e-06	9.938767281105997e-06	9.38899769585254e-06	8.72517281105991e-06	9.205817972350234e-06	9.762154377880187e-06	9.76739631336406e-06	9.823790322580648e-06	9.89850230414747e-06	9.90092165898618e-06	9.91480414746544e-06	9.983179723502308e-06	9.990610599078344e-06	9.989170506912445e-06	9.98513824884793e-06
900	9.952678571428576e-06	9.848437500000005e-06	9.81930803571429e-06	9.910044642857146e-06	9.89933035714286e-06	9.816852678571433e-06	6.950167410714288e-06	4.891071428571428e-06	7.696595982142857e-06	9.733984375000002e-06	9.763058035714285e-06	9.819921875000003e-06	9.911997767857148e-06	9.980245535714293e-06	9.988616071428577e-06	9.976060267857147e-06	9.911997767857147e-06	9.869754464285719e-06	9.874497767857146e-06
1000	9.981336405529958e-06	9.863364055299541e-06	9.818663594470049e-06	9.925806451612906e-06	9.005126728110603e-06	4.783179723502304e-06	1.3395737327188939e-06	3.8040898617511515e-06	8.12114055299539e-06	9.752649769585255e-06	9.585599078341018e-06	9.384735023041479e-06	9.638652073732722e-06	9.90074884792627e-06	9.913133640553e-06	9.988652073732722e-06	1.0000000000000004e-05	1.0000000000000004e-05	1.0000000000000004e-05
1100	9.984101382488486e-06	9.851958525345628e-06	9.815898617511526e-06	9.934274193548392e-06	8.611405529953918e-06	4.5726382488479265e-06	1.7344470046082945e-06	4.006221198156682e-06	8.019124423963138e-06	8.636751152073738e-06	8.547868663594475e-06	9.575691244239634e-06	9.831509216589864e-06	9.908179723502306e-06	9.929838709677424e-06	9.988479262672817e-06	1.0000000000000004e-05	1.0000000000000004e-05	1.0000000000000004e-05
1200	9.98006912442397e-06	9.861175115207375e-06	9.81993087557604e-06	9.92620967741936e-06	8.992684331797238e-06	4.7294354838709685e-06	1.2062788018433181e-06	3.849769585253458e-06	8.171947004608297e-06	9.194182027649771e-06	7.907949308755766e-06	5.083640552995391e-06	6.392108294930879e-06	9.826555299539174e-06	1.0000000000000004e-05	1.0000000000000004e-05	1.0000000000000004e-05	1.0000000000000004e-05	1.0000000000000004e-05
1300	9.994066820276503e-06	9.942281105990785e-06	9.905414746543782e-06	9.947292626728114e-06	8.997983870967746e-06	4.769124423963135e-06	1.2778225806451613e-06	3.7091589861751165e-06	7.447465437788019e-06	7.663364055299542e-06	6.946658986175118e-06	5.236347926267283e-06	6.449423963133643e-06	9.754147465437792e-06	1.0000000000000004e-05	1.0000000000000004e-05	1.0000000000000004e-05	1.0000000000000004e-05	1.0000000000000004e-05
1400	9.998963133640555e-06	9.94976958525346e-06	9.901036866359451e-06	9.934331797235027e-06	8.867972350230418e-06	4.4721198156682035e-06	1.1326036866359447e-06	4.1050115207373286e-06	8.25236175115208e-06	8.275748847926268e-06	6.876036866359448e-06	5.160944700460831e-06	6.677476958525349e-06	9.808525345622124e-06	1.0000000000000004e-05	1.0000000000000004e-05	1.0000000000000004e-05	9.99850230414747e-06	9.995622119815671e-06
1500	9.996428571428575e-06	9.932954545454551e-06	9.90054112554113e-06	9.955140692640696e-06	8.919101731601735e-06	4.658549783549783e-06	1.1075216450216451e-06	3.2785714285714283e-06	7.613690476190474e-06	8.41017316017316e-06	7.436093073593075e-06	4.882954545454544e-06	5.820562770562774e-06	9.675595238095241e-06	1.0000000000000004e-05	1.0000000000000004e-05	1.0000000000000004e-05	1.0000000000000004e-05	1.0000000000000004e-05
1600	9.983928571428576e-06	9.95316820276498e-06	9.961981566820281e-06	9.96768433179724e-06	9.874251152073735e-06	9.757776497695856e-06	9.833525345622124e-06	6.919297235023046e-06	1.975345622119816e-06	3.3773041474654383e-07	3.2634792626728124e-06	7.825403225806454e-06	9.862327188940097e-06	9.99164746543779e-06	9.973905529953922e-06	9.93438940092166e-06	9.948675115207377e-06	9.990322580645165e-06	1.0000000000000004e-05
1700	1.0000000000000003e-05	1.0000000000000003e-05	1.0000000000000003e-05	9.984285714285716e-06	9.898273809523814e-06	9.763630952380955e-06	9.779107142857148e-06	8.102083333333335e-06	3.2626190476190473e-06	3.664880952380952e-07	4.258154761904762e-06	8.844761904761906e-06	9.841845238095238e-06	9.972500000000003e-06	9.931666666666672e-06	9.906250000000004e-06	9.968333333333338e-06	1.0000000000000003e-05	1.0000000000000003e-05
1800	1.0000000000000004e-05	1.0000000000000004e-05	1.0000000000000004e-05	9.98649553571429e-06	9.888671875000003e-06	9.740513392857147e-06	9.798158482142862e-06	7.399888392857148e-06	2.491294642857143e-06	4.724888392857143e-07	3.7022879464285718e-06	8.14698660714286e-06	9.841517857142862e-06	9.891796875000005e-06	9.834430803571428e-06	9.89933035714286e-06	9.981138392857146e-06	1.0000000000000004e-05	1.0000000000000004e-05
1900	1.0000000000000004e-05	9.978974654377886e-06	9.938306451612905e-06	9.940322580645165e-06	9.90190092165899e-06	9.834447004608297e-06	9.060426267281111e-06	4.578513824884793e-06	4.316244239631337e-07	2.632488479262673e-07	3.997638248847927e-06	8.605702764976963e-06	9.823675115207377e-06	9.887154377880185e-06	9.926382488479265e-06	9.982027649769591e-06	9.987788018433184e-06	9.99735023041475e-06	1.0000000000000004e-05
2000	9.282421875000003e-06	8.402790178571431e-06	9.060212053571433e-06	9.970535714285721e-06	9.910156250000004e-06	9.834654017857145e-06	8.846707589285716e-06	4.423381696428572e-06	4.900111607142857e-07	2.813616071428571e-07	3.7999441964285725e-06	8.379296875000002e-06	9.824274553571434e-06	9.89313616071429e-06	9.919531250000004e-06	9.98995535714286e-06	9.982366071428579e-06	9.91233258928572e-06	9.876953125000003e-06
2100	9.331980519480524e-06	8.442640692640697e-06	8.997294372294375e-06	9.877056277056281e-06	9.850919913419916e-06	9.815097402597405e-06	8.617803030303036e-06	4.2462662337662354e-06	5.316558441558443e-07	3.744588744588745e-07	3.95167748917749e-06	8.431222943722949e-06	9.825000000000005e-06	9.898809523809529e-06	9.916287878787885e-06	9.925378787878792e-06	9.90097402597403e-06	9.964069264069267e-06	1.0000000000000004e-05
2200	9.345758928571433e-06	8.568638392857146e-06	9.117912946428575e-06	9.87672991071429e-06	9.852678571428575e-06	9.831696428571431e-06	8.518303571428571e-06	4.027511160714287e-06	4.2248883928571437e-07	1.8705357142857141e-07	3.1274553571428566e-06	7.792522321428575e-06	9.82165178571429e-06	9.896316964285718e-06	9.916015625000003e-06	9.932421875000002e-06	9.900781250000002e-06	9.957310267857147e-06	9.99972098214286e-06
2300	9.405529953917053e-06	8.800806451612906e-06	9.330184331797236e-06	9.912442396313363e-06	9.865552995391706e-06	9.829262672811062e-06	8.719009216589864e-06	4.2183179723502315e-06	4.1175115207373275e-07	1.4308755760368663e-07	2.917165898617511e-06	7.700633640552997e-06	9.921543778801847e-06	9.994988479262675e-06	1.0000000000000004e-05	1.0000000000000004e-05	1.0000000000000004e-05	9.997119815668206e-06	9.985599078341019e-06
2400	9.99964285714286e-06	9.996666666666667e-06	9.997023809523813e-06	9.991190476190482e-06	9.89875e-06	9.52029761904762e-06	7.2456547619047655e-06	2.661845238095238e-06	2.8928571428571423e-08	6.547619047619048e-09	1.735535714285715e-06	6.411428571428573e-06	9.61375e-06	9.858333333333335e-06	9.910714285714288e-06	9.983690476190478e-06	1.0000000000000003e-05	9.972559523809526e-06	9.910059523809528e-06
2500	1.0000000000000004e-05	1.0000000000000004e-05	1.0000000000000004e-05	9.985212053571434e-06	9.882700892857148e-06	9.725000000000003e-06	7.6102678571428584e-06	2.8460379464285713e-06	6.328125e-08	3.069196428571429e-09	2.062332589285715e-06	6.918136160714286e-06	9.824386160714289e-06	9.892020089285717e-06	9.919531250000003e-06	9.967466517857146e-06	9.908649553571431e-06	9.889899553571432e-06	9.891517857142863e-06
2600	9.995000000000002e-06	9.937797619047621e-06	9.881666666666667e-06	9.852559523809526e-06	9.79202380952381e-06	9.710357142857143e-06	7.708571428571432e-06	2.982619047619048e-06	1.0607142857142854e-07	9.642857142857142e-09	3.5999999999999994e-07	2.772678571428572e-06	7.397202380952383e-06	9.90994047619048e-06	9.929464285714288e-06	9.979345238095242e-06	9.9202380952381e-06	9.889702380952384e-06	9.894880952380958e-06
2700	9.99235491071429e-06	9.928404017857148e-06	9.894810267857149e-06	9.896819196428575e-06	9.396595982142861e-06	7.730245535714287e-06	6.134319196428573e-06	2.9289062499999996e-06	6.629464285714285e-08	6.138392857142858e-09	2.6866071428571432e-06	7.678236607142861e-06	9.99776785714286e-06	1.0000000000000004e-05	1.0000000000000004e-05	1.0000000000000004e-05	9.980915178571434e-06	9.886439732142861e-06	9.819029017857147e-06
2800	9.995416666666671e-06	9.93589285714286e-06	9.89714285714286e-06	9.878988095238098e-06	9.631130952380953e-06	8.966369047619048e-06	6.988690476190478e-06	2.7954166666666675e-06	6.428571428571426e-08	1.2916666666666667e-08	2.1485119047619043e-06	7.120416666666669e-06	9.982678571428575e-06	9.98880952380953e-06	9.988809523809526e-06	9.997857142857145e-06	9.978452380952385e-06	9.840357142857147e-06	9.647619047619048e-06
2900	9.989408866995078e-06	9.922967980295568e-06	9.893780788177344e-06	9.874753694581281e-06	9.611576354679804e-06	8.51810344827586e-06	6.19685960591133e-06	2.429002463054187e-06	5.3201970443349756e-08	1.016009852216749e-08	1.9051108374384238e-06	6.8932881773399045e-06	9.998337438423647e-06	9.99427339901478e-06	9.993103448275864e-06	9.998830049261089e-06	9.967857142857144e-06	9.904495073891628e-06	9.896613300492616e-06
3000	9.986830357142861e-06	9.923270089285718e-06	9.896037946428575e-06	9.872935267857147e-06	9.460993303571434e-06	7.037165178571429e-06	4.066183035714286e-06	1.5947544642857145e-06	1.808035714285714e-08	1.2109375e-08	2.117578125e-06	7.1035156250000035e-06	9.993750000000002e-06	9.920758928571436e-06	9.901171875000005e-06	9.944866071428576e-06	9.90563616071429e-06	9.693861607142861e-06	9.277064732142863e-06
3100	9.987834821428579e-06	9.920200892857145e-06	9.88448660714286e-06	9.867131696428574e-06	9.445591517857147e-06	5.395591517857147e-06	1.4164620535714285e-06	5.514508928571428e-07	0.0	6.026785714285714e-09	1.912611607142857e-06	6.831919642857145e-06	9.916852678571432e-06	9.92360491071429e-06	9.91428571428572e-06	9.958091517857149e-06	9.875837053571431e-06	8.033816964285717e-06	5.8570870535714285e-06
3200	9.992500000000003e-06	9.928214285714289e-06	9.885714285714285e-06	9.864523809523812e-06	9.277083333333336e-06	5.2952380952380946e-06	1.9580357142857143e-06	1.0253571428571428e-06	0.0	0.0	1.7705952380952384e-06	6.657500000000001e-06	9.880238095238097e-06	9.928333333333336e-06	9.905833333333338e-06	9.947261904761909e-06	9.861428571428576e-06	7.6219047619047596e-06	4.992857142857144e-06
3300	9.992689732142865e-06	9.933816964285721e-06	9.880859375000005e-06	9.847991071428574e-06	9.31283482142857e-06	5.14654017857143e-06	1.4229910714285714e-06	6.810267857142857e-07	0.0	1.2276785714285716e-08	2.7493303571428584e-06	7.732254464285719e-06	9.98426339285715e-06	9.974497767857148e-06	9.985156250000003e-06	9.995758928571432e-06	9.974441964285719e-06	9.383984375000005e-06	8.763839285714288e-06
3400	9.991612554112561e-06	9.92472943722944e-06	9.88998917748918e-06	9.871103896103898e-06	9.363528138528143e-06	5.457846320346325e-06	1.803354978354978e-06	7.948051948051948e-07	0.0	1.1688311688311688e-08	1.904761904761905e-06	6.848051948051951e-06	9.884577922077926e-06	9.920021645021646e-06	9.985010822510824e-06	9.98955627705628e-06	9.98928571428572e-06	9.842803030303034e-06	9.696969696969701e-06
3500	9.988273809523813e-06	9.925357142857145e-06	9.89541666666667e-06	9.871964285714289e-06	9.491726190476192e-06	5.412083333333334e-06	1.2679166666666665e-06	4.339285714285714e-07	0.0	0.0	1.5904761904761904e-06	6.4942261904761925e-06	9.84011904761905e-06	9.909940476190479e-06	9.679285714285716e-06	9.585476190476193e-06	9.348928571428572e-06	6.079761904761907e-06	2.5748809523809535e-06
3600	9.865178571428575e-06	9.848690476190478e-06	9.87625e-06	9.866904761904763e-06	9.212380952380954e-06	5.3233928571428576e-06	2.3499404761904753e-06	1.324285714285714e-06	0.0	6.428571428571428e-09	2.3564880952380954e-06	7.320416666666669e-06	9.970178571428573e-06	9.99494047619048e-06	9.993333333333336e-06	9.99821428571429e-06	9.9952380952381e-06	9.82333333333334e-06	9.649523809523814e-06
3700	9.894464285714287e-06	9.891428571428574e-06	9.910059523809526e-06	9.875476190476192e-06	9.279404761904763e-06	5.419047619047619e-06	1.7746428571428568e-06	7.232142857142857e-07	0.0	1.2857142857142856e-08	1.5307142857142858e-06	6.28422619047619e-06	9.738154761904764e-06	9.946250000000005e-06	9.95476190476191e-06	9.980000000000004e-06	9.98904761904762e-06	9.412380952380954e-06	8.744464285714285e-06
3800	9.991250000000004e-06	9.925416666666668e-06	9.875654761904766e-06	9.860952380952383e-06	9.249761904761904e-06	5.1085119047619056e-06	1.36e-06	5.817857142857142e-07	0.0	3.214285714285714e-09	1.7294642857142856e-06	6.382083333333332e-06	9.603095238095243e-06	9.906666666666671e-06	9.925773809523813e-06	9.964702380952384e-06	9.982797619047625e-06	9.031309523809526e-06	7.850416666666669e-06
3900	9.993029953917053e-06	8.779147465437793e-06	6.064400921658988e-06	7.049942396313364e-06	8.267223502304149e-06	3.782315668202765e-06	4.205069124423963e-07	1.3375576036866357e-07	0.0	0.0	9.953917050691245e-08	2.40213133640553e-06	7.177995391705068e-06	9.76722350230415e-06	9.79948156682028e-06	9.901612903225809e-06	9.947119815668209e-06	8.028110599078342e-06	5.563421658986177e-06
4000	9.990773809523813e-06	8.68714285714286e-06	6.700892857142857e-06	7.899583333333333e-06	9.057976190476192e-06	4.565178571428572e-06	5.436904761904761e-07	1.4142857142857143e-07	0.0	0.0	0.0	1.7277380952380948e-06	6.656547619047621e-06	9.817857142857148e-06	9.809107142857146e-06	9.917738095238098e-06	9.960654761904766e-06	8.3314880952381e-06	5.966726190476193e-06
4100	9.99202008928572e-06	8.596316964285719e-06	5.953236607142856e-06	7.189453125000002e-06	8.683705357142858e-06	4.280412946428572e-06	7.054129464285713e-07	2.6819196428571427e-07	0.0	0.0	4.21875e-08	1.8789062500000001e-06	6.755970982142859e-06	9.807031250000005e-06	9.806752232142862e-06	9.917187500000005e-06	9.956026785714293e-06	7.631808035714286e-06	4.331361607142857e-06
4200	9.861160714285715e-06	9.868136160714285e-06	9.900837053571432e-06	9.95212053571429e-06	8.79308035714286e-06	4.0549107142857165e-06	2.4754464285714277e-07	0.0	0.0	0.0	0.0	2.0372209821428574e-06	6.965680803571431e-06	9.821205357142862e-06	9.80719866071429e-06	9.883035714285718e-06	9.90016741071429e-06	7.561216517857145e-06	4.5883370535714264e-06
4300	9.860602678571432e-06	9.860658482142858e-06	9.852120535714288e-06	9.846316964285714e-06	8.717801339285717e-06	4.022321428571429e-06	2.2622767857142855e-07	0.0	0.0	0.0	8.20424107142857e-07	4.936495535714287e-06	8.997433035714289e-06	9.15050223214286e-06	8.395256696428574e-06	9.11037946428572e-06	9.949274553571434e-06	7.299162946428571e-06	3.690178571428573e-06
4400	9.851461038961041e-06	9.861742424242429e-06	9.853246753246754e-06	9.856385281385282e-06	8.330952380952381e-06	3.612391774891775e-06	2.1639610389610387e-07	0.0	0.0	0.0	5.822510822510822e-07	4.7829004329004336e-06	9.089069264069266e-06	9.75909090909091e-06	9.781277056277062e-06	9.903517316017323e-06	9.945400432900438e-06	7.624621212121217e-06	3.54875541125541e-06
4500	9.776440092165898e-06	9.70685483870968e-06	9.594009216589863e-06	9.67730414746544e-06	8.549827188940094e-06	3.963364055299539e-06	3.206797235023041e-07	0.0	0.0	0.0	9.580645161290324e-07	5.421947004608296e-06	9.350000000000002e-06	9.786808755760373e-06	9.82885944700461e-06	9.91451612903226e-06	9.95869815668203e-06	8.326958525345626e-06	5.883410138248852e-06
4600	9.743303571428576e-06	9.787946428571431e-06	9.793861607142862e-06	9.811607142857147e-06	8.517578125000002e-06	3.81216517857143e-06	2.202566964285714e-07	0.0	0.0	0.0	9.190848214285714e-07	5.318917410714286e-06	9.27544642857143e-06	9.732142857142861e-06	9.738839285714292e-06	9.818359375000002e-06	9.901506696428575e-06	7.86618303571429e-06	4.4185825892857125e-06
4700	9.75803571428572e-06	9.791406250000005e-06	9.795591517857145e-06	9.813169642857147e-06	8.420312500000002e-06	3.877845982142858e-06	3.8292410714285704e-07	0.0	0.0	0.0	4.21875e-08	2.0402343749999994e-06	6.856473214285716e-06	9.716350446428573e-06	9.784375000000004e-06	9.923772321428575e-06	9.942912946428576e-06	9.900892857142862e-06	9.955301339285717e-06
4800	9.745535714285716e-06	9.783482142857144e-06	9.822265625000003e-06	9.835100446428573e-06	8.952734375000003e-06	4.3173549107142864e-06	2.8705357142857136e-07	0.0	0.0	0.0	6.93080357142857e-08	2.0983258928571425e-06	6.890401785714287e-06	9.740569196428573e-06	9.791238839285717e-06	9.90797991071429e-06	9.995926339285718e-06	1.0000000000000004e-05	1.0000000000000004e-05
4900	9.305301339285716e-06	9.65680803571429e-06	9.796540178571433e-06	9.603794642857146e-06	8.285156250000002e-06	3.7295200892857148e-06	1.5669642857142855e-07	0.0	0.0	0.0	0.0	2.105357142857143e-06	6.987053571428573e-06	9.853794642857148e-06	9.96930803571429e-06	9.99709821428572e-06	9.999888392857148e-06	1.0000000000000004e-05	1.0000000000000004e-05
5000	1.0000000000000004e-05	9.975595238095242e-06	9.874512987012992e-06	9.780790043290049e-06	8.049080086580089e-06	3.3133116883116884e-06	1.461038961038961e-07	0.0	0.0	0.0	4.0909090909090904e-08	1.668939393939394e-06	6.229924242424245e-06	9.481060606060607e-06	9.810281385281387e-06	9.928787878787882e-06	9.997673160173165e-06	1.0000000000000004e-05	1.0000000000000004e-05
5100	1.0000000000000004e-05	9.979262672811066e-06	9.874193548387101e-06	9.773963133640556e-06	7.759677419354838e-06	3.0983870967741937e-06	2.1774193548387093e-07	0.0	0.0	0.0	0.0	1.5579493087557606e-06	6.3912442396313385e-06	9.7028801843318e-06	9.731221198156685e-06	9.83271889400922e-06	9.971082949308758e-06	1.0000000000000004e-05	1.0000000000000004e-05
5200	1.0000000000000004e-05	9.981854838709684e-06	9.867914746543783e-06	9.498847926267282e-06	5.686923963133642e-06	1.0741359447004608e-06	0.0	0.0	0.0	0.0	0.0	2.2811059907834106e-06	7.131624423963134e-06	9.712211981566823e-06	9.725518433179727e-06	9.822811059907837e-06	9.958640552995395e-06	9.951785714285718e-06	9.862845622119819e-06
5300	1.0000000000000004e-05	9.975446428571433e-06	9.86540178571429e-06	9.305580357142858e-06	5.259598214285715e-06	8.439732142857142e-07	0.0	0.0	0.0	0.0	0.0	2.296763392857143e-06	7.1615513392857135e-06	9.727008928571433e-06	9.727622767857146e-06	9.816852678571431e-06	9.951283482142859e-06	9.947321428571432e-06	9.858203125000004e-06
5400	1.0000000000000004e-05	9.978180803571433e-06	9.869140625000004e-06	9.459877232142862e-06	5.524609375e-06	9.556919642857143e-07	0.0	0.0	0.0	0.0	0.0	1.8738281250000002e-06	6.724944196428572e-06	9.605133928571431e-06	9.373883928571432e-06	9.580412946428576e-06	9.960546875000005e-06	9.955022321428577e-06	9.868526785714292e-06
5500	9.988916256157636e-06	9.976785714285718e-06	9.862253694581284e-06	9.49710591133005e-06	5.827401477832513e-06	1.2139162561576354e-06	0.0	0.0	0.0	0.0	0.0	1.7984605911330052e-06	6.5929187192118224e-06	9.657204433497538e-06	9.684482758620693e-06	9.675677339901479e-06	9.803017241379313e-06	9.915517241379313e-06	9.89562807881774e-06
5600	9.99279953917051e-06	9.972523041474658e-06	9.866877880184332e-06	9.402937788018436e-06	5.1271889400921656e-06	6.171658986175115e-07	0.0	0.0	0.0	0.0	0.0	1.4588709677419356e-06	6.278168202764979e-06	9.689343317972353e-06	9.111117511520742e-06	8.988133640552998e-06	9.70132488479263e-06	9.932085253456224e-06	9.946140552995393e-06
5700	9.981465517241383e-06	9.97555418719212e-06	9.872783251231529e-06	9.579495073891629e-06	5.8030788177339906e-06	1.1176724137931033e-06	0.0	0.0	0.0	0.0	0.0	1.9404556650246303e-06	6.789224137931034e-06	9.710899014778326e-06	9.530972906403944e-06	9.490640394088672e-06	9.773152709359609e-06	9.951108374384237e-06	9.999753694581283e-06
5800	9.873905529953921e-06	9.936002304147468e-06	9.877880184331799e-06	9.442914746543781e-06	5.241474654377881e-06	7.007488479262671e-07	0.0	0.0	0.0	0.0	0.0	1.648387096774194e-06	6.508467741935487e-06	9.66779953917051e-06	9.225460829493086e-06	9.209274193548393e-06	9.747235023041478e-06	9.955184331797238e-06	9.99948156682028e-06
5900	9.89174876847291e-06	9.949630541871924e-06	9.219519704433501e-06	7.811884236453203e-06	4.7149630541871915e-06	1.1447660098522164e-06	0.0	0.0	0.0	0.0	0.0	2.300492610837439e-06	7.157204433497537e-06	9.105110837438423e-06	5.432204433497537e-06	5.069889162561575e-06	8.832019704433499e-06	9.945197044334976e-06	9.999261083743845e-06
6000	9.976395089285717e-06	9.984654017857149e-06	9.921316964285719e-06	9.202734375000002e-06	4.672433035714287e-06	4.0228794642857146e-07	0.0	0.0	0.0	0.0	0.0	1.5371093749999999e-06	6.221205357142859e-06	9.614229910714288e-06	9.855133928571432e-06	9.908035714285716e-06	9.983035714285717e-06	9.999553571428575e-06	9.996763392857148e-06
6100	9.998452380952383e-06	9.996011904761907e-06	9.991785714285717e-06	9.30101190476191e-06	4.723095238095239e-06	4.1630952380952386e-07	0.0	0.0	0.0	0.0	0.0	1.402738095238095e-06	5.30857142857143e-06	8.845773809523811e-06	9.86589285714286e-06	9.908154761904766e-06	9.982202380952383e-06	1.0000000000000003e-05	1.0000000000000003e-05
6200	1.0000000000000003e-05	1.0000000000000003e-05	9.999345238095243e-06	8.897440476190478e-06	4.210654761904762e-06	3.125595238095238e-07	0.0	0.0	0.0	0.0	0.0	1.6055952380952376e-06	5.420416666666666e-06	8.765654761904764e-06	9.935773809523814e-06	9.978750000000005e-06	9.993809523809525e-06	9.998095238095239e-06	9.995119047619048e-06
6300	9.915422077922081e-06	9.876893939393943e-06	9.834145021645022e-06	9.27175324675325e-06	4.913149350649352e-06	5.573593073593075e-07	0.0	0.0	0.0	0.0	0.0	1.5403138528138527e-06	5.632521645021645e-06	9.031168831168835e-06	9.867316017316023e-06	9.907305194805197e-06	9.97895021645022e-06	9.998160173160181e-06	9.995454545454554e-06
6400	9.837834821428575e-06	9.851283482142861e-06	9.832254464285718e-06	9.09263392857143e-06	4.666183035714287e-06	4.844308035714287e-07	0.0	0.0	0.0	0.0	0.0	1.633091517857143e-06	5.640513392857146e-06	8.828348214285717e-06	9.818470982142862e-06	9.94949776785715e-06	9.902120535714291e-06	9.948437500000002e-06	9.99827008928572e-06
6500	9.829296875000002e-06	9.839508928571432e-06	9.81495535714286e-06	8.978683035714285e-06	4.545926339285715e-06	4.6406249999999995e-07	0.0	0.0	0.0	0.0	0.0	1.4641741071428569e-06	5.075279017857144e-06	8.552064732142862e-06	9.934375000000006e-06	9.94709821428572e-06	9.901227678571433e-06	9.946037946428574e-06	9.998493303571433e-06
6600	9.828817733990149e-06	9.842610837438426e-06	9.81293103448276e-06	8.960529556650245e-06	4.4292487684729076e-06	3.6330049261083735e-07	0.0	0.0	0.0	0.0	0.0	1.4011699507389167e-06	5.856342364532022e-06	9.398830049261087e-06	9.943657635467981e-06	9.93275862068966e-06	9.514839901477834e-06	9.505172413793106e-06	9.923091133004927e-06
6700	9.826948051948053e-06	9.835876623376628e-06	9.81352813852814e-06	7.844859307359311e-06	2.9628787878787885e-06	1.4610389610389608e-08	0.0	0.0	0.0	0.0	0.0	1.718127705627706e-06	5.697619047619049e-06	8.912012987012992e-06	9.860010822510825e-06	9.878084415584419e-06	9.888582251082254e-06	9.929004329004334e-06	9.988311688311696e-06
6800	9.829129464285714e-06	9.839453125000004e-06	9.811272321428577e-06	7.384095982142858e-06	2.5151785714285715e-06	2.4107142857142852e-08	0.0	0.0	0.0	0.0	0.0	1.6861049107142858e-06	6.080747767857143e-06	9.324944196428577e-06	9.85987723214286e-06	9.878627232142862e-06	9.88610491071429e-06	9.932198660714289e-06	9.995145089285718e-06
6900	9.826011904761906e-06	9.839880952380955e-06	9.82071428571429e-06	7.5854166666666695e-06	2.715476190476191e-06	3.2142857142857145e-08	0.0	0.0	0.0	0.0	0.0	2.2978571428571425e-06	6.6623809523809525e-06	9.303928571428574e-06	9.871428571428574e-06	9.871071428571432e-06	9.880952380952385e-06	9.93714285714286e-06	9.995238095238097e-06
7000	9.851724137931036e-06	9.843596059113302e-06	9.810899014778328e-06	7.803879310344828e-06	2.9275862068965516e-06	1.6625615763546798e-08	0.0	0.0	0.0	0.0	0.0	2.2663793103448277e-06	6.612068965517241e-06	9.270812807881779e-06	9.84975369458128e-06	9.8759236453202e-06	9.889162561576357e-06	9.9317118226601e-06	9.993842364532024e-06
7100	9.837211981566822e-06	9.847235023041475e-06	9.816935483870966e-06	7.615841013824886e-06	2.7663018433179725e-06	4.6658986175115204e-08	0.0	0.0	0.0	0.0	0.0	1.5505184331797233e-06	5.938652073732721e-06	9.3366935483871e-06	9.875633640552999e-06	9.871486175115209e-06	9.885426267281109e-06	9.93485023041475e-06	9.993836405529959e-06
7200	9.831071428571433e-06	9.836726190476193e-06	9.819642857142856e-06	7.806011904761906e-06	2.9188095238095245e-06	1.607142857142857e-08	0.0	0.0	0.0	0.0	0.0	1.1473809523809524e-06	5.02982142857143e-06	8.828095238095241e-06	9.87005952380953e-06	9.87214285714286e-06	9.861130952380957e-06	9.845059523809526e-06	9.895952380952384e-06
7300	9.839343317972352e-06	9.833525345622123e-06	9.807891705069128e-06	7.19688940092166e-06	2.3118663594470046e-06	9.331797235023041e-09	0.0	0.0	0.0	0.0	0.0	1.9363479262672812e-06	6.400172811059909e-06	9.39890552995392e-06	9.867799539170511e-06	9.873041474654384e-06	9.8278801843318e-06	9.750691244239636e-06	9.799769585253463e-06
7400	9.866871921182265e-06	9.864285714285715e-06	9.818103448275865e-06	7.661699507389167e-06	2.7870689655172423e-06	1.995073891625616e-08	0.0	0.0	0.0	0.0	0.0	1.236822660098522e-06	5.061453201970444e-06	8.754495073891628e-06	9.856711822660098e-06	9.908682266009853e-06	9.98183497536946e-06	1.0000000000000003e-05	1.0000000000000003e-05
7500	9.85577380952381e-06	9.852083333333337e-06	9.815178571428574e-06	7.680000000000001e-06	2.815654761904762e-06	2.8928571428571427e-08	0.0	0.0	0.0	0.0	0.0	1.844761904761905e-06	6.379642857142861e-06	9.461011904761905e-06	9.852857142857146e-06	9.91089285714286e-06	9.98416666666667e-06	1.0000000000000003e-05	1.0000000000000003e-05
7600	9.983869047619048e-06	9.900059523809526e-06	9.813928571428575e-06	7.881011904761905e-06	3.0122023809523813e-06	2.8928571428571427e-08	0.0	0.0	0.0	0.0	0.0	1.1347023809523808e-06	3.897857142857143e-06	7.472083333333337e-06	9.702678571428573e-06	9.900892857142862e-06	9.741547619047623e-06	9.709226190476195e-06	9.812321428571436e-06
7700	9.9866935483871e-06	9.905357142857145e-06	9.817165898617514e-06	7.137154377880186e-06	2.254205069124424e-06	1.5552995391705068e-08	0.0	0.0	0.0	0.0	0.0	1.109101382488479e-06	2.0884216589861752e-06	5.06509216589862e-06	9.085771889400925e-06	9.962730414746551e-06	9.847926267281108e-06	9.754665898617517e-06	9.808986175115216e-06
7800	9.98309523809524e-06	9.842976190476192e-06	7.139285714285713e-06	2.597619047619048e-06	3.3428571428571425e-07	1.607142857142857e-08	0.0	0.0	0.0	0.0	0.0	1.237857142857143e-06	2.738452380952381e-06	5.272142857142858e-06	8.77154761904762e-06	9.965476190476196e-06	9.859702380952386e-06	9.754166666666667e-06	9.75279761904762e-06
7900	9.986439732142863e-06	9.78638392857143e-06	6.591685267857145e-06	1.7917410714285713e-06	0.0	0.0	0.0	0.0	0.0	0.0	0.0	1.060770089285714e-06	2.1409598214285717e-06	4.9892299107142875e-06	8.909040178571432e-06	9.963504464285719e-06	9.67248883928572e-06	9.415345982142862e-06	9.63939732142858e-06
8000	9.984504608294936e-06	9.783986175115212e-06	6.370334101382489e-06	1.5708525345622118e-06	0.0	0.0	0.0	0.0	0.0	0.0	0.0	1.8105414746543787e-06	3.1547235023041483e-06	4.663709677419355e-06	8.310080645161293e-06	9.99026497695853e-06	9.999711981566823e-06	1.0000000000000004e-05	1.0000000000000004e-05
8100	9.96497695852535e-06	9.590495391705074e-06	6.529665898617512e-06	1.909907834101382e-06	0.0	0.0	0.0	0.0	0.0	0.0	0.0	9.270737327188938e-07	1.8054723502304145e-06	4.822983870967742e-06	8.901670506912445e-06	9.950921658986179e-06	9.992857142857148e-06	9.999020737327193e-06	1.0000000000000004e-05
8200	9.981336405529958e-06	9.675576036866366e-06	6.386405529953921e-06	1.6921658986175114e-06	0.0	0.0	0.0	0.0	0.0	0.0	0.0	1.3559907834101382e-06	2.8528801843317976e-06	5.40414746543779e-06	8.85132488479263e-06	9.876728110599082e-06	9.902246543778807e-06	9.969585253456223e-06	1.0000000000000004e-05
8300	9.981529017857147e-06	9.723772321428575e-06	6.39659598214286e-06	1.6543526785714284e-06	0.0	0.0	0.0	0.0	0.0	0.0	0.0	1.6409598214285712e-06	3.2655691964285718e-06	5.634877232142857e-06	8.949832589285715e-06	9.85954241071429e-06	9.881919642857147e-06	9.96149553571429e-06	9.999553571428575e-06
8400	9.972523041474663e-06	9.687327188940096e-06	6.637154377880186e-06	1.922350230414747e-06	0.0	0.0	0.0	0.0	0.0	0.0	0.0	1.0218894009216587e-06	2.03294930875576e-06	4.738997695852536e-06	8.641762672811062e-06	9.811059907834103e-06	9.820276497695854e-06	9.915149769585255e-06	9.99210829493088e-06
8500	9.977857142857145e-06	9.72928571428572e-06	7.162142857142859e-06	2.410714285714286e-06	0.0	0.0	0.0	0.0	0.0	0.0	0.0	1.3227976190476191e-06	2.591488095238095e-06	4.569047619047619e-06	8.147976190476195e-06	9.715476190476197e-06	9.78845238095238e-06	9.912678571428573e-06	9.992083333333337e-06
8600	9.973095238095243e-06	9.653333333333338e-06	6.9302380952380975e-06	2.2500000000000005e-06	0.0	0.0	0.0	0.0	0.0	0.0	0.0	1.06202380952381e-06	2.232678571428572e-06	2.8836904761904767e-06	6.574047619047621e-06	9.85982142857143e-06	9.961369047619053e-06	9.947797619047624e-06	9.985238095238099e-06
8700	9.974242424242428e-06	9.757683982683988e-06	6.913636363636366e-06	2.1301948051948054e-06	0.0	0.0	0.0	0.0	0.0	0.0	0.0	0.0	0.0	1.9006493506493509e-06	6.7909090909090936e-06	9.880303030303035e-06	9.92213203463204e-06	9.906926406926411e-06	9.974837662337665e-06
8800	9.978633004926113e-06	9.720443349753699e-06	6.96964285714286e-06	2.227832512315271e-06	0.0	0.0	0.0	0.0	0.0	0.0	0.0	4.4889162561576353e-07	9.310344827586207e-07	1.948275862068966e-06	6.3896551724137955e-06	9.922598522167489e-06	9.987192118226605e-06	9.914901477832512e-06	9.84981527093596e-06
8900	9.976116071428575e-06	9.678906250000004e-06	6.664508928571431e-06	1.96171875e-06	0.0	0.0	0.0	0.0	0.0	0.0	0.0	2.4709821428571434e-07	5.0625e-07	2.1312499999999997e-06	6.686997767857145e-06	9.721819196428578e-06	9.760825892857148e-06	9.80920758928572e-06	9.955301339285719e-06
9000	9.977857142857147e-06	9.762976190476194e-06	6.755476190476193e-06	1.9703571428571427e-06	0.0	0.0	0.0	0.0	0.0	0.0	0.0	0.0	0.0	1.9167261904761906e-06	6.747142857142857e-06	9.768035714285716e-06	9.913452380952385e-06	9.971904761904767e-06	9.996071428571432e-06
9100	9.985195852534569e-06	9.723732718894014e-06	6.424481566820279e-06	1.6859447004608293e-06	0.0	0.0	0.0	0.0	0.0	0.0	0.0	7.465437788018431e-08	1.7419354838709676e-07	2.144758064516129e-06	6.9225230414746555e-06	9.763594470046088e-06	9.824135944700463e-06	9.936347926267283e-06	9.99850230414747e-06
9200	9.709389400921664e-06	6.639861751152075e-06	2.135771889400922e-06	2.0529953917050693e-07	0.0	0.0	0.0	0.0	0.0	0.0	0.0	0.0	1.2442396313364054e-08	2.3686059907834106e-06	7.275345622119818e-06	9.823905529953922e-06	9.848156682027654e-06	9.851555299539172e-06	9.798675115207379e-06
9300	9.682603686635948e-06	6.25483870967742e-06	1.5722350230414746e-06	0.0	0.0	0.0	0.0	0.0	0.0	0.0	0.0	0.0	0.0	1.6959101382488478e-06	6.541532258064518e-06	7.24418202764977e-06	6.872983870967741e-06	9.365380184331797e-06	9.758467741935482e-06
9400	9.565290178571434e-06	5.668750000000001e-06	1.1034598214285715e-06	0.0	0.0	0.0	0.0	0.0	0.0	0.0	0.0	0.0	0.0	1.723493303571429e-06	6.488169642857146e-06	7.243470982142858e-06	6.524776785714287e-06	8.931584821428573e-06	9.760044642857144e-06
9500	9.598988095238097e-06	8.76779761904762e-06	5.955595238095238e-06	1.8225e-06	0.0	0.0	0.0	0.0	0.0	0.0	0.0	0.0	4.499999999999999e-08	2.8874404761904778e-06	7.5247023809523825e-06	9.428809523809527e-06	9.729761904761905e-06	9.924642857142861e-06	9.849166666666672e-06
9600	9.702380952380955e-06	9.009404761904764e-06	6.4271428571428595e-06	2.143928571428572e-06	0.0	0.0	0.0	0.0	0.0	0.0	0.0	0.0	4.499999999999999e-08	2.695e-06	6.412976190476191e-06	6.8658333333333355e-06	7.90309523809524e-06	9.675595238095241e-06	9.747380952380955e-06
9700	9.595622119815672e-06	8.568145161290325e-06	6.089573732718896e-06	2.1400921658986176e-06	0.0	0.0	0.0	0.0	0.0	0.0	0.0	0.0	8.398617511520737e-08	3.1168202764976956e-06	6.948271889400922e-06	7.665092165898618e-06	8.683698156682028e-06	9.850000000000004e-06	9.826670506912446e-06
9800	9.749609375000004e-06	9.006194196428572e-06	6.196205357142859e-06	1.964732142857143e-06	0.0	0.0	0.0	0.0	0.0	0.0	0.0	0.0	4.218749999999999e-08	2.6935267857142857e-06	6.419419642857144e-06	7.27421875e-06	8.204966517857144e-06	9.42433035714286e-06	9.577622767857147e-06
9900	9.440092165898622e-06	8.52903225806452e-06	5.8149769585253475e-06	1.838364055299539e-06	0.0	0.0	0.0	0.0	0.0	0.0	0.0	0.0	1.0887096774193546e-07	3.7404953917050697e-06	7.030299539170506e-06	6.632315668202765e-06	8.175403225806452e-06	9.81670506912443e-06	9.713652073732727e-06
10000	9.577164502164506e-06	8.773214285714289e-06	5.8116341991342e-06	1.7211038961038959e-06	0.0	0.0	0.0	0.0	0.0	0.0	0.0	0.0	9.058441558441558e-08	3.0948051948051954e-06	6.447619047619047e-06	6.819805194805196e-06	8.312716450216453e-06	9.782088744588747e-06	9.556277056277058e-06
