	site
generation	50	100	150	200	250	300	350	400	450	500	550	600	650	700	750	800	850	900	950
0	1.0000000000000004e-05	1.0000000000000004e-05	1.0000000000000004e-05	1.0000000000000004e-05	1.0000000000000004e-05	1.0000000000000004e-05	1.0000000000000004e-05	1.0000000000000004e-05	1.0000000000000004e-05	1.0000000000000004e-05	1.0000000000000004e-05	1.0000000000000004e-05	1.0000000000000004e-05	1.0000000000000004e-05	1.0000000000000004e-05	1.0000000000000004e-05	1.0000000000000004e-05	1.0000000000000004e-05	1.0000000000000004e-05
100	1.0000000000000003e-05	1.0000000000000003e-05	1.0000000000000003e-05	1.0000000000000003e-05	1.0000000000000003e-05	1.0000000000000003e-05	1.0000000000000003e-05	1.0000000000000003e-05	1.0000000000000003e-05	1.0000000000000003e-05	1.0000000000000003e-05	1.0000000000000003e-05	1.0000000000000003e-05	1.0000000000000003e-05	1.0000000000000003e-05	1.0000000000000003e-05	1.0000000000000003e-05	1.0000000000000003e-05	1.0000000000000003e-05
200	9.999720982142859e-06	9.971540178571432e-06	9.925725446428577e-06	9.949162946428576e-06	9.987500000000006e-06	9.991573660714288e-06	9.992857142857148e-06	9.99084821428572e-06	9.997321428571433e-06	9.98219866071429e-06	9.934430803571434e-06	9.942801339285717e-06	9.990569196428574e-06	1.0000000000000004e-05	1.0000000000000004e-05	1.0000000000000004e-05	9.99514508928572e-06	9.985602678571435e-06	9.984877232142864e-06
300	9.99976958525346e-06	9.983698156682032e-06	9.921313364055303e-06	9.92108294930876e-06	9.957027649769589e-06	9.96837557603687e-06	9.978859447004616e-06	9.97206221198157e-06	9.947235023041477e-06	9.860771889400925e-06	9.77263824884793e-06	9.858525345622123e-06	9.987672811059911e-06	1.0000000000000004e-05	1.0000000000000004e-05	9.993605990783416e-06	9.990322580645165e-06	9.987730414746548e-06	9.979493087557608e-06
400	9.979032258064523e-06	9.988306451612907e-06	9.940380184331802e-06	9.911923963133645e-06	9.921313364055303e-06	9.888248847926268e-06	9.932200460829494e-06	9.995622119815671e-06	9.954147465437793e-06	9.816359447004612e-06	9.137615207373277e-06	9.177188940092169e-06	9.901440092165903e-06	1.0000000000000004e-05	1.0000000000000004e-05	9.998041474654382e-06	9.996774193548392e-06	9.998732718894012e-06	1.0000000000000004e-05
500	9.999827188940097e-06	9.950979262672816e-06	9.82799539170507e-06	9.855472350230418e-06	9.942741935483874e-06	9.907661290322582e-06	9.93911290322581e-06	9.995564516129035e-06	1.0000000000000004e-05	9.981105990783414e-06	9.91221198156682e-06	9.911923963133645e-06	9.911866359447008e-06	9.87857142857143e-06	9.882430875576037e-06	9.928398617511524e-06	9.98513824884793e-06	9.88047235023042e-06	9.736175115207377e-06
600	1.0000000000000004e-05	1.0000000000000004e-05	1.0000000000000004e-05	1.0000000000000004e-05	1.0000000000000004e-05	1.0000000000000004e-05	1.0000000000000004e-05	1.0000000000000004e-05	1.0000000000000004e-05	9.974078341013833e-06	9.910311059907837e-06	9.925921658986178e-06	9.98968894009217e-06	1.0000000000000004e-05	1.0000000000000004e-05	1.0000000000000004e-05	9.991359447004614e-06	9.924020737327195e-06	9.866417050691245e-06
700	9.999226190476195e-06	9.958333333333338e-06	9.857440476190479e-06	9.875000000000003e-06	9.976666666666669e-06	1.0000000000000003e-05	9.996726190476195e-06	9.993333333333336e-06	9.992678571428579e-06	9.967500000000004e-06	9.902738095238097e-06	9.922500000000004e-06	9.991190476190479e-06	1.0000000000000003e-05	9.997142857142861e-06	9.963392857142861e-06	9.943571428571434e-06	9.920952380952386e-06	9.890059523809528e-06
800	1.0000000000000003e-05	1.0000000000000003e-05	1.0000000000000003e-05	1.0000000000000003e-05	9.99428571428572e-06	9.974226190476196e-06	9.979047619047623e-06	9.999107142857146e-06	9.995059523809528e-06	9.967500000000004e-06	9.906250000000002e-06	9.925833333333336e-06	9.992023809523812e-06	1.0000000000000003e-05	9.988750000000005e-06	9.915952380952385e-06	9.883809523809528e-06	9.886309523809528e-06	9.861250000000003e-06
900	9.97136904761905e-06	9.989226190476194e-06	1.0000000000000003e-05	1.0000000000000003e-05	9.984226190476195e-06	9.94119047619048e-06	9.955773809523813e-06	9.998809523809526e-06	1.0000000000000003e-05	9.968750000000003e-06	9.904107142857148e-06	9.924583333333335e-06	9.989226190476194e-06	1.0000000000000003e-05	9.993988095238101e-06	9.917500000000003e-06	9.827380952380953e-06	9.80654761904762e-06	9.834226190476193e-06
1000	1.0000000000000004e-05	1.0000000000000004e-05	1.0000000000000004e-05	1.0000000000000004e-05	9.96872119815669e-06	9.903225806451616e-06	9.93127880184332e-06	9.996774193548392e-06	1.0000000000000004e-05	9.969873271889408e-06	9.907315668202771e-06	9.930126728110603e-06	9.992684331797238e-06	1.0000000000000004e-05	9.9918202764977e-06	9.91296082949309e-06	9.827937788018438e-06	9.816013824884792e-06	9.837211981566822e-06
1100	1.0000000000000004e-05	1.0000000000000004e-05	1.0000000000000004e-05	9.998790322580649e-06	9.961175115207377e-06	9.903859447004612e-06	9.938824884792629e-06	9.99735023041475e-06	1.0000000000000004e-05	9.9778801843318e-06	9.911463133640552e-06	9.920449308755764e-06	9.985311059907836e-06	9.998444700460832e-06	9.990552995391707e-06	9.914170506912444e-06	9.828571428571432e-06	9.81082949308756e-06	9.839631336405531e-06
1200	1.0000000000000003e-05	1.0000000000000003e-05	9.999107142857144e-06	9.99053571428572e-06	9.963511904761909e-06	9.913273809523811e-06	9.937380952380955e-06	9.953392857142863e-06	9.896250000000002e-06	9.932797619047624e-06	9.972619047619049e-06	9.919107142857145e-06	9.92386904761905e-06	9.915654761904765e-06	9.907261904761908e-06	9.975238095238097e-06	1.0000000000000003e-05	1.0000000000000003e-05	1.0000000000000003e-05
1300	9.857254464285718e-06	9.92985491071429e-06	9.968415178571435e-06	9.973828125000004e-06	9.957589285714292e-06	9.902622767857146e-06	9.939508928571433e-06	9.954854910714291e-06	9.902957589285716e-06	9.942522321428573e-06	9.976729910714288e-06	9.908984375000004e-06	9.916741071428576e-06	9.941294642857147e-06	9.934821428571432e-06	9.975167410714293e-06	9.973214285714292e-06	9.972600446428576e-06	9.985212053571432e-06
1400	9.98657834101383e-06	9.994412442396316e-06	9.995564516129038e-06	9.94112903225807e-06	9.908813364055302e-06	9.958986175115211e-06	9.99481566820277e-06	9.970967741935489e-06	9.907430875576041e-06	9.92718894009217e-06	9.967741935483877e-06	9.915898617511524e-06	9.92137096774194e-06	9.926728110599082e-06	9.922004608294934e-06	9.971889400921661e-06	9.988594470046089e-06	9.993663594470051e-06	9.999308755760373e-06
1500	9.931394009216597e-06	9.906682027649775e-06	9.950806451612905e-06	9.926094470046089e-06	9.907200460829499e-06	9.97390552995392e-06	1.0000000000000004e-05	9.960080645161298e-06	9.904838709677423e-06	9.939919354838712e-06	9.975172811059913e-06	9.91140552995392e-06	9.912615207373274e-06	9.91209677419355e-06	9.907373271889404e-06	9.976497695852539e-06	1.0000000000000004e-05	9.952131336405534e-06	9.871486175115206e-06
1600	1.0000000000000004e-05	1.0000000000000004e-05	9.993605990783413e-06	9.927246543778806e-06	9.906394009216595e-06	9.970794930875582e-06	9.996774193548392e-06	9.960944700460835e-06	9.90518433179724e-06	9.937788018433184e-06	9.975230414746548e-06	9.928513824884796e-06	9.936635944700464e-06	9.934792626728114e-06	9.877995391705073e-06	9.90443548387097e-06	9.972695852534565e-06	9.960771889400929e-06	9.894527649769588e-06
1700	1.0000000000000004e-05	1.0000000000000004e-05	9.993029953917055e-06	9.925403225806456e-06	9.903801843317975e-06	9.96509216589862e-06	9.99349078341014e-06	9.956912442396319e-06	9.901094470046085e-06	9.888767281105994e-06	9.877476958525347e-06	9.862903225806458e-06	9.921428571428577e-06	9.988018433179728e-06	9.93001152073733e-06	9.861693548387099e-06	9.89683179723503e-06	9.930760368663601e-06	9.927822580645163e-06
1800	9.983986175115212e-06	9.977995391705075e-06	9.984158986175119e-06	9.93888248847927e-06	9.913536866359453e-06	9.970564516129036e-06	9.979953917050697e-06	9.874481566820282e-06	9.81768433179724e-06	9.858813364055303e-06	9.880472350230417e-06	9.874942396313368e-06	9.907027649769588e-06	9.850057603686637e-06	9.809562211981568e-06	9.874423963133644e-06	9.884216589861755e-06	9.839055299539176e-06	9.766129032258071e-06
1900	9.993145161290326e-06	9.993145161290326e-06	9.99164746543779e-06	9.988882488479267e-06	9.99337557603687e-06	9.999020737327193e-06	9.998099078341017e-06	9.937039170506917e-06	9.893029953917053e-06	9.90616359447005e-06	9.886405529953922e-06	9.862960829493091e-06	9.914861751152078e-06	9.85846774193549e-06	9.812096774193553e-06	9.877016129032262e-06	9.888997695852536e-06	9.853110599078343e-06	9.780299539170509e-06
2000	1.0000000000000004e-05	1.0000000000000004e-05	9.962500000000003e-06	9.872523041474657e-06	9.847811059907838e-06	9.933928571428574e-06	9.99533410138249e-06	9.91497695852535e-06	9.80587557603687e-06	9.824423963133642e-06	9.872407834101388e-06	9.867684331797235e-06	9.910599078341015e-06	9.846198156682032e-06	9.794412442396318e-06	9.862096774193552e-06	9.898156682027652e-06	9.965264976958529e-06	1.0000000000000004e-05
2100	9.997935267857148e-06	9.994977678571435e-06	9.951841517857149e-06	9.861104910714289e-06	9.848102678571432e-06	9.93454241071429e-06	9.992299107142861e-06	9.86540178571429e-06	9.633872767857147e-06	9.708984375000005e-06	9.88604910714286e-06	9.86964285714286e-06	9.905970982142862e-06	9.84827008928572e-06	9.78024553571429e-06	9.818805803571431e-06	9.86618303571429e-06	9.960770089285718e-06	1.0000000000000004e-05
2200	1.0000000000000003e-05	9.999583333333333e-06	9.96446428571429e-06	9.87619047619048e-06	9.840357142857147e-06	9.898630952380953e-06	9.907500000000003e-06	9.839166666666667e-06	9.798452380952383e-06	9.836071428571432e-06	9.865654761904764e-06	9.85136904761905e-06	9.903095238095239e-06	9.828988095238102e-06	9.813809523809527e-06	9.963333333333337e-06	1.0000000000000003e-05	1.0000000000000003e-05	1.0000000000000003e-05
2300	9.946645021645028e-06	9.965584415584421e-06	9.972781385281391e-06	9.966829004329006e-06	9.981547619047624e-06	9.994967532467536e-06	9.98311688311689e-06	9.897132034632041e-06	9.804707792207796e-06	9.829058441558445e-06	9.817640692640698e-06	9.76915584415585e-06	9.861688311688316e-06	9.840638528138535e-06	9.811634199134204e-06	9.946158008658011e-06	1.0000000000000004e-05	1.0000000000000004e-05	1.0000000000000004e-05
2400	9.962500000000008e-06	9.908520408163271e-06	9.915714285714292e-06	9.987551020408173e-06	1.000000000000001e-05	1.000000000000001e-05	9.99872448979593e-06	9.915867346938782e-06	9.804948979591841e-06	9.81882653061225e-06	9.698826530612247e-06	9.456275510204083e-06	9.670459183673478e-06	9.862091836734699e-06	9.829897959183681e-06	9.949795918367357e-06	9.997397959183681e-06	9.94739795918368e-06	9.878571428571432e-06
2500	9.946103896103901e-06	9.909361471861476e-06	9.913149350649355e-06	9.980140692640695e-06	9.99112554112555e-06	9.99312770562771e-06	9.99778138528139e-06	9.911147186147194e-06	9.807251082251088e-06	9.823701298701305e-06	9.80416666666667e-06	9.776244588744592e-06	9.881818181818189e-06	9.851244588744597e-06	9.808766233766239e-06	9.937662337662341e-06	1.0000000000000004e-05	1.0000000000000004e-05	1.0000000000000004e-05
2600	1.0000000000000003e-05	1.0000000000000003e-05	1.0000000000000003e-05	1.0000000000000003e-05	1.0000000000000003e-05	1.0000000000000003e-05	9.998750000000003e-06	9.911904761904767e-06	9.807678571428576e-06	9.829583333333337e-06	9.893571428571431e-06	9.958511904761907e-06	1.0000000000000003e-05	9.99684523809524e-06	9.972738095238097e-06	9.969821428571432e-06	9.993928571428573e-06	9.99761904761905e-06	9.994642857142859e-06
2700	1.0000000000000004e-05	1.0000000000000004e-05	1.0000000000000004e-05	1.0000000000000004e-05	1.0000000000000004e-05	1.0000000000000004e-05	9.998883928571432e-06	9.917522321428578e-06	9.805022321428575e-06	9.821819196428575e-06	9.896093750000005e-06	9.96065848214286e-06	1.0000000000000004e-05	1.0000000000000004e-05	1.0000000000000004e-05	1.0000000000000004e-05	1.0000000000000004e-05	1.0000000000000004e-05	1.0000000000000004e-05
2800	1.0000000000000004e-05	9.99715401785715e-06	9.986830357142861e-06	9.976506696428578e-06	9.985044642857148e-06	9.996428571428578e-06	9.990178571428573e-06	9.909654017857147e-06	9.810993303571432e-06	9.825167410714287e-06	9.880301339285715e-06	9.939285714285719e-06	9.985993303571433e-06	9.86969866071429e-06	9.80440848214286e-06	9.929854910714287e-06	1.0000000000000004e-05	1.0000000000000004e-05	1.0000000000000004e-05
2900	9.995564516129035e-06	9.97736175115208e-06	9.956970046082954e-06	9.94637096774194e-06	9.968951612903227e-06	9.975230414746548e-06	9.958467741935487e-06	9.962039170506918e-06	9.960311059907839e-06	9.914055299539174e-06	9.801152073732721e-06	9.763018433179727e-06	9.859792626728116e-06	8.139228110599082e-06	6.760541474654378e-06	8.57108294930876e-06	9.986635944700465e-06	1.0000000000000004e-05	1.0000000000000004e-05
3000	9.977592165898623e-06	9.889631336405536e-06	9.783410138248848e-06	9.735138248847929e-06	9.828917050691249e-06	9.944124423963139e-06	9.90403225806452e-06	9.848099078341019e-06	9.78571428571429e-06	9.725921658986177e-06	9.72361751152074e-06	9.775806451612906e-06	9.85910138248848e-06	7.123963133640555e-06	4.531854838709677e-06	7.23410138248848e-06	9.847292626728114e-06	9.973387096774196e-06	1.0000000000000004e-05
3100	9.98011904761905e-06	9.891547619047621e-06	9.307023809523813e-06	7.402142857142861e-06	7.786130952380954e-06	9.760952380952384e-06	9.909166666666668e-06	9.82886904761905e-06	9.77857142857143e-06	9.752202380952382e-06	9.751190476190476e-06	9.840535714285718e-06	9.899404761904764e-06	7.599702380952382e-06	4.757916666666667e-06	7.0036309523809546e-06	9.907083333333337e-06	1.0000000000000003e-05	1.0000000000000003e-05
3200	9.256342364532021e-06	9.162007389162564e-06	9.731096059113303e-06	9.997844827586209e-06	1.0000000000000003e-05	9.971120689655174e-06	9.906834975369461e-06	9.840701970443352e-06	9.776354679802959e-06	8.599630541871925e-06	7.095381773399016e-06	8.329926108374387e-06	9.869088669950739e-06	6.600000000000002e-06	4.377093596059114e-06	7.632266009852218e-06	9.945751231527095e-06	9.98922413793104e-06	9.989285714285718e-06
3300	8.696915584415587e-06	7.382034632034634e-06	8.491558441558447e-06	9.97959956709957e-06	1.0000000000000004e-05	9.933820346320352e-06	9.812067099567107e-06	9.777543290043294e-06	9.765151515151519e-06	9.202759740259744e-06	8.92516233766234e-06	9.582846320346326e-06	9.990963203463208e-06	9.933116883116886e-06	9.895021645021649e-06	9.957792207792211e-06	9.999512987012991e-06	1.0000000000000004e-05	1.0000000000000004e-05
3400	1.0000000000000004e-05	9.999553571428575e-06	9.991908482142865e-06	9.987723214285721e-06	9.935881696428575e-06	9.903348214285719e-06	9.962834821428575e-06	1.0000000000000004e-05	9.97979910714286e-06	9.121707589285716e-06	8.570703125000004e-06	9.418917410714291e-06	9.990122767857147e-06	1.0000000000000004e-05	9.958314732142863e-06	9.901562500000004e-06	9.941685267857148e-06	9.998437500000003e-06	1.0000000000000004e-05
3500	9.87901785714286e-06	9.822098214285715e-06	9.890736607142861e-06	9.972767857142865e-06	9.914174107142862e-06	9.827232142857147e-06	9.885825892857148e-06	9.983928571428575e-06	9.978906250000008e-06	8.742131696428575e-06	7.904743303571433e-06	9.12706473214286e-06	9.975725446428576e-06	9.990178571428573e-06	1.0000000000000004e-05	1.0000000000000004e-05	1.0000000000000004e-05	1.0000000000000004e-05	1.0000000000000004e-05
3600	9.988940092165904e-06	9.994585253456227e-06	9.999884792626732e-06	9.994470046082955e-06	9.92137096774194e-06	9.82661290322581e-06	9.878513824884798e-06	9.975921658986178e-06	9.97885944700461e-06	8.877995391705072e-06	7.997753456221201e-06	9.024711981566823e-06	9.910599078341019e-06	9.987096774193552e-06	9.976785714285718e-06	9.901440092165903e-06	9.907085253456225e-06	9.982718894009221e-06	1.0000000000000004e-05
3700	9.966359447004615e-06	8.878744239631342e-06	6.751728110599078e-06	3.645046082949309e-06	5.30668202764977e-06	9.453052995391708e-06	9.891820276497699e-06	9.901555299539172e-06	9.933870967741942e-06	8.88398617511521e-06	8.165841013824887e-06	9.182027649769587e-06	9.913824884792631e-06	9.933006912442398e-06	9.832891705069127e-06	9.76975806451613e-06	9.866013824884795e-06	9.98185483870968e-06	1.0000000000000004e-05
3800	9.973891625615767e-06	8.958805418719214e-06	7.339408866995077e-06	4.307019704433499e-06	5.123152709359606e-06	9.099507389162565e-06	9.883497536945816e-06	9.90080049261084e-06	9.917857142857144e-06	9.484421182266014e-06	9.174938423645322e-06	9.455480295566506e-06	9.628201970443352e-06	9.768165024630544e-06	9.817980295566502e-06	9.773399014778327e-06	9.865332512315272e-06	9.976539408866995e-06	9.999876847290643e-06
3900	9.976785714285716e-06	9.196904761904765e-06	5.959880952380953e-06	2.987619047619047e-06	5.571190476190476e-06	9.265238095238096e-06	9.901488095238101e-06	9.917976190476193e-06	9.931011904761907e-06	9.170238095238099e-06	8.659940476190479e-06	9.369107142857142e-06	9.821071428571431e-06	9.850178571428575e-06	9.827738095238099e-06	9.758035714285716e-06	9.786964285714289e-06	9.908333333333333e-06	9.984583333333334e-06
4000	9.784375000000004e-06	8.859375000000004e-06	6.781473214285713e-06	5.312444196428573e-06	7.229520089285715e-06	9.59626116071429e-06	9.918526785714294e-06	9.933147321428578e-06	9.932700892857147e-06	9.031975446428573e-06	8.392633928571429e-06	9.235602678571429e-06	9.827678571428576e-06	9.845535714285718e-06	9.656138392857147e-06	9.588839285714288e-06	9.770145089285719e-06	9.902566964285718e-06	9.990234375000003e-06
4100	9.890714285714288e-06	9.921488095238098e-06	9.977976190476195e-06	9.979880952380958e-06	9.854345238095244e-06	9.80666666666667e-06	9.887023809523813e-06	9.89964285714286e-06	9.874583333333337e-06	9.786845238095243e-06	9.75869047619048e-06	9.793035714285717e-06	9.810952380952385e-06	9.880535714285715e-06	9.790892857142858e-06	9.775654761904765e-06	9.94869047619048e-06	9.997738095238097e-06	1.0000000000000003e-05
4200	9.89934523809524e-06	9.918154761904764e-06	9.98011904761905e-06	9.992619047619054e-06	9.744166666666669e-06	9.442083333333336e-06	9.6302380952381e-06	9.826369047619052e-06	9.793928571428573e-06	9.777142857142858e-06	9.784702380952384e-06	9.825059523809526e-06	9.833928571428575e-06	9.916726190476192e-06	9.993035714285718e-06	1.0000000000000003e-05	1.0000000000000003e-05	1.0000000000000003e-05	1.0000000000000003e-05
4300	9.80568181818182e-06	9.891720779220784e-06	9.980519480519484e-06	9.991287878787882e-06	9.86130952380953e-06	9.808279220779224e-06	9.884632034632041e-06	9.90119047619048e-06	9.877272727272734e-06	9.778679653679657e-06	9.761796536796538e-06	9.811093073593076e-06	9.821266233766235e-06	9.909469696969703e-06	9.993722943722946e-06	1.0000000000000004e-05	9.997402597402606e-06	9.996969696969701e-06	9.999567099567103e-06
4400	9.989899553571433e-06	9.993861607142863e-06	9.996986607142864e-06	9.97053571428572e-06	8.993582589285718e-06	8.651171875000005e-06	9.54190848214286e-06	9.812834821428576e-06	9.822656250000002e-06	9.783816964285717e-06	9.761328125000004e-06	9.711049107142859e-06	9.631473214285716e-06	9.333872767857145e-06	5.368973214285716e-06	1.2560267857142861e-06	3.964564732142858e-06	8.496316964285716e-06	9.848828125e-06
4500	9.982857142857146e-06	9.9902380952381e-06	9.981845238095242e-06	9.747857142857146e-06	6.411011904761906e-06	5.4425e-06	8.518869047619051e-06	9.437797619047622e-06	9.633392857142861e-06	9.779583333333337e-06	9.761130952380955e-06	9.817797619047622e-06	9.85196428571429e-06	9.626130952380955e-06	6.220119047619049e-06	2.826904761904763e-06	5.261904761904764e-06	8.911369047619051e-06	9.885654761904764e-06
4600	1.0000000000000004e-05	1.0000000000000004e-05	9.977120535714291e-06	9.826785714285716e-06	7.4686383928571434e-06	6.285044642857142e-06	5.954241071428573e-06	5.753515625000001e-06	8.352566964285716e-06	9.653180803571434e-06	9.40396205357143e-06	9.499218750000002e-06	9.758872767857145e-06	9.467131696428574e-06	5.526283482142859e-06	2.878459821428572e-06	5.8200334821428575e-06	8.8625e-06	9.92505580357143e-06
4700	9.825518433179727e-06	9.89279953917051e-06	9.961981566820281e-06	9.863594470046087e-06	7.95351382488479e-06	7.617108294930876e-06	8.029435483870972e-06	6.367857142857145e-06	7.644412442396317e-06	9.619412442396319e-06	9.713076036866363e-06	9.70985023041475e-06	9.511175115207375e-06	8.479493087557608e-06	4.597580645161292e-06	3.830241935483872e-06	6.809158986175116e-06	8.660829493087561e-06	9.903168202764979e-06
4800	9.824366359447007e-06	9.895967741935489e-06	9.963191244239636e-06	9.659792626728112e-06	6.277534562211982e-06	5.666013824884795e-06	8.981854838709682e-06	9.666935483870969e-06	9.632546082949312e-06	9.736059907834103e-06	9.751555299539173e-06	9.80282258064516e-06	9.768202764976962e-06	9.810368663594474e-06	9.946486175115209e-06	9.99804147465438e-06	9.923156682027654e-06	9.82292626728111e-06	9.843145161290325e-06
4900	9.814343317972351e-06	9.896774193548391e-06	9.96664746543779e-06	9.684043778801846e-06	5.866820276497698e-06	5.292050691244241e-06	7.978341013824887e-06	7.381105990783411e-06	8.326324884792628e-06	9.663191244239636e-06	9.767165898617516e-06	9.80869815668203e-06	9.822235023041476e-06	9.909619815668208e-06	9.99279953917051e-06	1.0000000000000004e-05	1.0000000000000004e-05	1.0000000000000004e-05	1.0000000000000004e-05
5000	9.814458525345622e-06	9.895161290322584e-06	9.960599078341018e-06	9.852016129032263e-06	7.613248847926268e-06	6.833928571428573e-06	8.07759216589862e-06	6.179723502304149e-06	6.97148617511521e-06	9.638018433179726e-06	9.7514400921659e-06	9.813652073732721e-06	9.894758064516132e-06	9.956854838709682e-06	9.987845622119817e-06	1.0000000000000004e-05	1.0000000000000004e-05	1.0000000000000004e-05	1.0000000000000004e-05
5100	9.809765625000002e-06	9.887723214285719e-06	9.963169642857148e-06	9.789843750000005e-06	6.308426339285717e-06	5.498270089285716e-06	7.839285714285717e-06	6.725837053571432e-06	7.705915178571431e-06	9.707700892857145e-06	9.824944196428577e-06	9.87862723214286e-06	9.846037946428575e-06	9.575223214285718e-06	5.8807477678571444e-06	3.140625e-06	4.616573660714285e-06	7.54001116071429e-06	9.848549107142859e-06
5200	9.815792410714287e-06	9.886439732142861e-06	9.947098214285717e-06	9.783482142857144e-06	7.884654017857144e-06	7.321093750000002e-06	8.418917410714285e-06	5.95987723214286e-06	5.898437500000003e-06	8.079017857142858e-06	8.892354910714288e-06	9.881361607142862e-06	9.867299107142861e-06	9.334319196428574e-06	6.106417410714284e-06	3.581696428571428e-06	3.237779017857142e-06	6.171651785714288e-06	9.835323660714288e-06
5300	9.148325892857144e-06	9.387388392857147e-06	9.796484375000005e-06	9.75094866071429e-06	6.830636160714287e-06	6.360770089285715e-06	8.54542410714286e-06	7.385100446428574e-06	7.796484375e-06	9.367633928571429e-06	9.69151785714286e-06	9.91143973214286e-06	9.910658482142863e-06	9.97477678571429e-06	9.999553571428575e-06	9.99045758928572e-06	9.987946428571433e-06	9.996037946428576e-06	9.996205357142865e-06
5400	8.87421875e-06	8.475111607142859e-06	9.306975446428575e-06	9.57081473214286e-06	6.134877232142858e-06	5.658370535714288e-06	8.19654017857143e-06	6.867410714285713e-06	6.682533482142858e-06	7.9890625e-06	9.074162946428575e-06	9.911886160714292e-06	9.88655133928572e-06	9.881417410714287e-06	9.924832589285718e-06	9.994475446428573e-06	1.0000000000000004e-05	9.992410714285717e-06	9.964508928571432e-06
5500	9.398099078341016e-06	9.371025345622122e-06	9.691762672811066e-06	9.59493087557604e-06	5.659216589861754e-06	4.9947004608294945e-06	7.94043778801844e-06	7.292914746543778e-06	8.18611751152074e-06	9.766935483870971e-06	9.872004608294936e-06	9.91566820276498e-06	9.916417050691248e-06	9.984216589861753e-06	9.994585253456229e-06	9.934331797235027e-06	9.911866359447008e-06	9.972119815668208e-06	1.0000000000000004e-05
5600	9.78991935483871e-06	9.796370967741937e-06	9.891993087557606e-06	9.491013824884796e-06	5.953168202764978e-06	5.600172811059908e-06	8.149078341013828e-06	5.125748847926267e-06	5.186232718894009e-06	8.937154377880189e-06	9.87603686635945e-06	9.988133640552998e-06	1.0000000000000004e-05	1.0000000000000004e-05	1.0000000000000004e-05	9.998559907834101e-06	9.931797235023046e-06	9.894988479262678e-06	9.961751152073735e-06
5700	9.705773809523812e-06	9.814702380952385e-06	9.87636904761905e-06	9.080119047619049e-06	5.091011904761905e-06	5.090238095238095e-06	8.227142857142858e-06	5.075654761904763e-06	5.094702380952381e-06	8.993035714285716e-06	9.87172619047619e-06	9.976785714285715e-06	9.996666666666669e-06	9.999523809523814e-06	1.0000000000000003e-05	9.998095238095239e-06	9.934523809523813e-06	9.901904761904766e-06	9.965476190476194e-06
5800	9.873046875000003e-06	9.845145089285717e-06	9.843638392857146e-06	9.062779017857149e-06	4.8808035714285735e-06	5.201506696428575e-06	8.659207589285718e-06	4.942578125000001e-06	4.264508928571429e-06	8.428683035714288e-06	9.842578125000004e-06	9.881640625000004e-06	9.925781250000005e-06	9.953850446428579e-06	9.962109375000006e-06	9.996707589285717e-06	9.967633928571432e-06	9.950167410714289e-06	9.982366071428576e-06
5900	9.777880184331802e-06	9.772407834101386e-06	9.82206221198157e-06	9.2227534562212e-06	5.010541474654382e-06	5.029608294930878e-06	8.250000000000004e-06	4.6675115207373295e-06	3.5517281105990775e-06	6.8838133640553e-06	8.980529953917052e-06	9.847523041474658e-06	9.894758064516132e-06	9.882603686635948e-06	9.908006912442399e-06	9.99009216589862e-06	9.993548387096777e-06	9.973271889400928e-06	9.962442396313368e-06
6000	9.798891625615764e-06	9.893041871921185e-06	9.977155172413797e-06	9.981403940886704e-06	9.848399014778329e-06	9.739655172413796e-06	8.67881773399015e-06	5.018226600985224e-06	5.017426108374385e-06	7.836822660098523e-06	8.988916256157639e-06	9.954371921182267e-06	1.0000000000000003e-05	9.997229064039412e-06	9.996551724137932e-06	9.998460591133008e-06	9.966379310344831e-06	9.945689655172416e-06	9.978448275862072e-06
6100	9.919084821428579e-06	9.958091517857149e-06	9.991573660714288e-06	9.979575892857149e-06	9.842466517857146e-06	9.740680803571431e-06	8.84732142857143e-06	4.985770089285717e-06	4.962667410714285e-06	8.161886160714289e-06	9.166294642857147e-06	9.950837053571433e-06	1.0000000000000004e-05	1.0000000000000004e-05	1.0000000000000004e-05	9.998939732142862e-06	9.95803571428572e-06	9.935435267857148e-06	9.976339285714289e-06
6200	9.826618303571434e-06	9.916183035714289e-06	9.99190848214286e-06	9.986830357142863e-06	9.845368303571433e-06	9.74542410714286e-06	8.315011160714286e-06	4.643861607142858e-06	4.8171875e-06	7.3078683035714294e-06	8.661495535714291e-06	9.938058035714291e-06	9.903850446428576e-06	9.906082589285718e-06	9.985212053571432e-06	1.0000000000000004e-05	1.0000000000000004e-05	1.0000000000000004e-05	1.0000000000000004e-05
6300	9.966933497536951e-06	9.89710591133005e-06	9.782081280788178e-06	7.2578817733990155e-06	2.8988300492610837e-06	4.5463669950738935e-06	7.638854679802958e-06	4.243903940886701e-06	2.6504310344827594e-06	4.152647783251231e-06	7.050554187192119e-06	9.911145320197047e-06	9.999815270935965e-06	1.0000000000000003e-05	1.0000000000000003e-05	9.996674876847293e-06	9.933928571428574e-06	9.896428571428573e-06	9.959174876847292e-06
6400	8.448214285714288e-06	8.087788018433181e-06	9.303917050691246e-06	9.866129032258069e-06	9.803052995391705e-06	9.813364055299542e-06	9.822580645161291e-06	9.78485023041475e-06	8.575518433179726e-06	6.358410138248849e-06	7.598847926267284e-06	9.94976958525346e-06	1.0000000000000004e-05	1.0000000000000004e-05	1.0000000000000004e-05	9.99781105990784e-06	9.934101382488483e-06	9.902188940092168e-06	9.965898617511523e-06
6500	9.999369747899169e-06	9.99705882352942e-06	9.953834033613453e-06	9.187342436974793e-06	8.945168067226894e-06	9.618592436974792e-06	9.817226890756308e-06	9.505252100840342e-06	8.417174369747901e-06	6.47620798319328e-06	7.567226890756306e-06	9.915546218487405e-06	1.000000000000001e-05	1.000000000000001e-05	1.000000000000001e-05	9.999737394957992e-06	9.951260504201688e-06	9.90992647058824e-06	9.92163865546219e-06
6600	1.0000000000000004e-05	1.0000000000000004e-05	9.51002304147466e-06	6.326843317972353e-06	6.353629032258067e-06	9.511578341013825e-06	9.902476958525348e-06	9.79354838709678e-06	8.639516129032264e-06	6.927534562211981e-06	8.063191244239633e-06	9.90501152073733e-06	9.995679723502307e-06	1.0000000000000004e-05	9.978917050691248e-06	9.914458525345627e-06	9.846889400921664e-06	9.830529953917051e-06	9.835656682027656e-06
6700	1.0000000000000004e-05	1.0000000000000004e-05	9.31796536796537e-06	6.0089826839826865e-06	6.284848484848486e-06	9.5711038961039e-06	9.903030303030308e-06	9.789339826839832e-06	8.68279220779221e-06	6.775324675324676e-06	7.835606060606064e-06	9.879491341991346e-06	9.995183982683985e-06	9.991017316017325e-06	9.995725108225113e-06	9.997727272727277e-06	9.871753246753253e-06	9.752164502164505e-06	9.76731601731602e-06
6800	1.000000000000001e-05	1.000000000000001e-05	9.587657563025218e-06	5.872636554621851e-06	5.686869747899163e-06	9.365441176470596e-06	9.873371848739502e-06	6.820325630252104e-06	3.257668067226891e-06	2.6158613445378144e-06	5.706775210084036e-06	9.437500000000011e-06	9.986134453781519e-06	9.912920168067233e-06	9.913287815126058e-06	9.985714285714296e-06	9.887394957983198e-06	9.753676470588236e-06	9.741491596638656e-06
6900	1.0000000000000004e-05	1.0000000000000004e-05	9.429408482142861e-06	6.1094866071428605e-06	6.217075892857144e-06	9.511662946428574e-06	9.85636160714286e-06	6.588225446428572e-06	3.189118303571427e-06	2.8233258928571423e-06	5.4526227678571425e-06	9.11104910714286e-06	9.97918526785715e-06	9.905580357142863e-06	9.915011160714289e-06	9.98431919642858e-06	9.882645089285717e-06	9.753292410714289e-06	9.739955357142859e-06
7000	9.999884792626732e-06	9.987096774193556e-06	9.520679723502309e-06	6.824711981566823e-06	6.868317972350231e-06	9.549193548387102e-06	9.889919354838714e-06	9.676267281105992e-06	8.523847926267284e-06	4.518145161290325e-06	4.0649769585253465e-06	7.694412442396314e-06	9.211866359447008e-06	9.713536866359452e-06	9.865668202764982e-06	9.979953917050697e-06	9.930702764976963e-06	9.85e-06	9.848329493087558e-06
7100	1.0000000000000004e-05	9.971370967741943e-06	9.877016129032263e-06	9.75673963133641e-06	9.822983870967744e-06	9.945737327188944e-06	9.861232718894012e-06	7.812557603686637e-06	4.716877880184331e-06	2.749193548387097e-06	5.245679723502306e-06	8.694009216589868e-06	8.865322580645164e-06	9.454262672811063e-06	9.994758064516133e-06	9.998559907834106e-06	9.837500000000005e-06	9.638421658986181e-06	9.750518433179725e-06
7200	9.968136160714289e-06	9.95011160714286e-06	9.851562500000003e-06	9.505412946428577e-06	9.54905133928572e-06	9.90608258928572e-06	9.869810267857145e-06	7.751897321428573e-06	3.530189732142858e-06	1.5097098214285714e-06	4.8671875e-06	7.341406250000002e-06	7.483872767857145e-06	9.167745535714289e-06	9.99168526785715e-06	9.990290178571436e-06	9.88683035714286e-06	9.79084821428572e-06	9.842633928571435e-06
7300	9.979821428571435e-06	9.89041666666667e-06	9.775773809523813e-06	9.76857142857143e-06	9.834523809523811e-06	9.910178571428574e-06	9.890476190476194e-06	9.791904761904763e-06	7.428571428571431e-06	2.7466666666666678e-06	3.3356547619047623e-06	8.083511904761908e-06	9.85577380952381e-06	9.791011904761909e-06	9.845714285714289e-06	9.97119047619048e-06	9.99821428571429e-06	1.0000000000000003e-05	1.0000000000000003e-05
7400	9.997042410714292e-06	9.91858258928572e-06	9.785435267857148e-06	9.751897321428572e-06	9.812779017857145e-06	9.82081473214286e-06	9.811272321428574e-06	9.786830357142858e-06	7.2642299107142895e-06	2.690959821428573e-06	3.3494977678571426e-06	7.991238839285718e-06	9.855859375000003e-06	9.765904017857147e-06	9.784821428571431e-06	9.881417410714289e-06	9.945312500000002e-06	9.998604910714289e-06	1.0000000000000004e-05
7500	9.973716517857148e-06	9.90022321428572e-06	9.803180803571434e-06	9.785714285714284e-06	9.825000000000003e-06	9.826171875000005e-06	9.762444196428574e-06	7.352064732142858e-06	4.292187499999999e-06	2.0958147321428567e-06	3.6330915178571444e-06	8.276897321428575e-06	9.141183035714285e-06	6.536607142857142e-06	7.107254464285713e-06	9.718973214285716e-06	9.941015625000004e-06	9.99776785714286e-06	1.0000000000000004e-05
7600	9.986383928571434e-06	9.99469866071429e-06	9.999944196428575e-06	1.0000000000000004e-05	1.0000000000000004e-05	1.0000000000000004e-05	9.945256696428579e-06	8.598772321428575e-06	5.958761160714287e-06	2.5553571428571434e-06	3.7762834821428578e-06	8.419698660714284e-06	9.826004464285717e-06	9.822656250000005e-06	9.829241071428577e-06	9.894866071428573e-06	9.955078125000003e-06	9.999274553571432e-06	1.0000000000000004e-05
7700	1.0000000000000004e-05	1.0000000000000004e-05	1.0000000000000004e-05	1.0000000000000004e-05	1.0000000000000004e-05	1.0000000000000004e-05	9.950055803571434e-06	8.38649553571429e-06	5.685881696428574e-06	2.463392857142858e-06	3.2094866071428586e-06	7.875558035714288e-06	9.798158482142862e-06	9.768247767857148e-06	9.825167410714289e-06	9.975055803571433e-06	1.0000000000000004e-05	1.0000000000000004e-05	1.0000000000000004e-05
7800	9.994531250000008e-06	9.997321428571433e-06	1.0000000000000004e-05	1.0000000000000004e-05	1.0000000000000004e-05	1.0000000000000004e-05	9.965290178571434e-06	7.832812500000002e-06	4.641629464285715e-06	2.123660714285714e-06	3.9139508928571434e-06	8.46618303571429e-06	9.820814732142858e-06	9.809375000000005e-06	9.873883928571431e-06	9.980301339285723e-06	9.993694196428578e-06	9.991964285714293e-06	9.989453125000008e-06
7900	1.0000000000000004e-05	1.0000000000000004e-05	1.0000000000000004e-05	1.0000000000000004e-05	1.0000000000000004e-05	1.0000000000000004e-05	9.943029953917056e-06	8.952188940092167e-06	6.6889976958525374e-06	2.981566820276498e-06	3.4354838709677416e-06	8.015668202764976e-06	9.797350230414746e-06	9.769124423963138e-06	9.828686635944705e-06	9.928168202764981e-06	9.900979262672813e-06	9.944642857142861e-06	9.991071428571433e-06
8000	1.0000000000000004e-05	1.0000000000000004e-05	9.999654377880188e-06	9.996774193548392e-06	9.997119815668206e-06	1.0000000000000004e-05	9.949769585253462e-06	8.436059907834105e-06	5.482488479262672e-06	2.1486175115207374e-06	3.0669930875576035e-06	7.796486175115208e-06	9.795967741935487e-06	9.76480414746544e-06	9.827361751152079e-06	9.930875576036872e-06	9.901382488479266e-06	9.895276497695854e-06	9.858870967741942e-06
8100	1.0000000000000004e-05	9.999776785714289e-06	9.989955357142863e-06	9.925892857142864e-06	9.903794642857146e-06	9.968080357142859e-06	9.943359375000007e-06	8.178013392857145e-06	5.585881696428574e-06	2.6375000000000006e-06	3.4534598214285723e-06	7.129185267857144e-06	8.699609375000004e-06	8.666238839285719e-06	8.66456473214286e-06	9.719754464285722e-06	9.94397321428572e-06	9.945145089285721e-06	9.962667410714294e-06
8200	9.949692118226604e-06	9.983928571428575e-06	9.951724137931035e-06	9.8820197044335e-06	9.889039408866996e-06	9.91908866995074e-06	9.62850985221675e-06	6.1269704433497556e-06	1.5893472906403935e-06	1.6958128078817736e-07	2.151293103448276e-06	5.820258620689657e-06	8.436514778325124e-06	9.587130541871924e-06	9.832881773399018e-06	9.929802955665026e-06	9.870751231527096e-06	9.911330049261085e-06	9.987253694581284e-06
8300	9.966133004926111e-06	9.980357142857149e-06	9.90689655172414e-06	9.832019704433497e-06	9.893103448275863e-06	9.943165024630543e-06	9.293103448275864e-06	5.5417487684729075e-06	1.210344827586207e-06	0.0	1.4884236453201972e-06	5.1631157635468e-06	8.420874384236454e-06	9.592857142857146e-06	9.825184729064043e-06	9.769396551724142e-06	9.249753694581283e-06	9.400862068965515e-06	9.874261083743845e-06
8400	9.908525345622121e-06	9.956682027649774e-06	9.94233870967742e-06	9.41635944700461e-06	8.27586405529954e-06	8.740668202764978e-06	9.386059907834107e-06	5.666359447004611e-06	1.2039170506912444e-06	0.0	1.3970622119815667e-06	3.843951612903226e-06	7.018894009216593e-06	9.430817972350236e-06	9.817223502304152e-06	9.871082949308752e-06	9.778974654377883e-06	9.846947004608297e-06	9.960483870967746e-06
8500	9.930416666666667e-06	9.986964285714289e-06	1.0000000000000003e-05	1.0000000000000003e-05	1.0000000000000003e-05	9.90946428571429e-06	8.199523809523812e-06	3.907202380952381e-06	6.171428571428571e-07	0.0	1.948630952380953e-06	5.508095238095239e-06	8.282261904761907e-06	9.583452380952385e-06	9.809523809523812e-06	9.854226190476191e-06	9.837380952380954e-06	9.927559523809526e-06	9.995535714285719e-06
8600	9.951152073732726e-06	9.986923963133645e-06	9.99832949308756e-06	1.0000000000000004e-05	9.993548387096777e-06	9.88773041474655e-06	9.10714285714286e-06	5.189688940092168e-06	9.767281105990783e-07	0.0	1.4620391705069127e-06	5.743894009216591e-06	9.156854838709683e-06	9.844700460829495e-06	9.95270737327189e-06	9.947235023041476e-06	9.886751152073735e-06	9.880875576036867e-06	9.874827188940092e-06
8700	9.955573593073597e-06	9.98993506493507e-06	9.940638528138532e-06	9.900811688311692e-06	9.959361471861475e-06	9.965259740259747e-06	9.155086580086584e-06	5.104437229437231e-06	9.146103896103894e-07	0.0	1.3727272727272725e-06	6.239285714285717e-06	9.814448051948058e-06	9.897456709956715e-06	9.902110389610394e-06	9.797023809523815e-06	9.740043290043294e-06	9.85281385281386e-06	9.849025974025983e-06
8800	9.953110599078345e-06	9.990034562211985e-06	9.95472350230415e-06	9.900633640553e-06	9.902073732718896e-06	9.864285714285717e-06	9.514746543778804e-06	5.754953917050693e-06	1.147811059907834e-06	0.0	1.7612903225806453e-06	6.692050691244243e-06	9.78058755760369e-06	9.637672811059911e-06	9.756912442396315e-06	9.72321428571429e-06	9.677995391705073e-06	9.916359447004614e-06	9.975230414746548e-06
8900	9.959577922077926e-06	9.991558441558443e-06	9.943073593073597e-06	9.897619047619049e-06	9.939177489177494e-06	9.883279220779222e-06	9.25757575757576e-06	5.352922077922079e-06	9.935064935064933e-07	0.0	1.6333874458874461e-06	5.042261904761904e-06	7.608008658008659e-06	8.172348484848485e-06	8.958712121212126e-06	9.95898268398269e-06	9.956601731601737e-06	9.933008658008663e-06	9.912012987012991e-06
9000	9.992091836734694e-06	9.997448979591836e-06	9.944706632653063e-06	9.904655612244898e-06	9.938903061224489e-06	9.87684948979592e-06	8.717920918367348e-06	4.633801020408163e-06	8.127551020408161e-07	0.0	1.278698979591837e-06	4.048214285714286e-06	7.357461734693878e-06	9.55293367346939e-06	9.904910714285715e-06	9.934566326530615e-06	9.994642857142859e-06	1e-05	1e-05
9100	9.901298701298707e-06	9.968939393939398e-06	9.96255411255412e-06	9.902326839826844e-06	9.937445887445891e-06	9.993181818181822e-06	9.543722943722947e-06	5.5469155844155865e-06	9.987012987012985e-07	0.0	1.6837121212121215e-06	5.208982683982686e-06	8.232413419913422e-06	9.656980519480525e-06	9.883928571428576e-06	9.927976190476195e-06	9.993885281385285e-06	1.0000000000000004e-05	1.0000000000000004e-05
9200	9.864716748768473e-06	9.957081280788177e-06	9.97210591133005e-06	9.904433497536946e-06	9.92524630541872e-06	9.985837438423648e-06	9.663669950738917e-06	5.782142857142857e-06	1.1113916256157634e-06	0.0	1.6578201970443353e-06	5.3349137931034506e-06	8.423768472906405e-06	9.670935960591129e-06	9.858066502463055e-06	9.928633004926112e-06	9.989100985221676e-06	9.930911330049263e-06	9.862746305418716e-06
9300	9.785059523809525e-06	9.890119047619051e-06	9.948035714285718e-06	9.903630952380956e-06	9.940952380952384e-06	9.992619047619049e-06	9.270654761904766e-06	5.240416666666668e-06	9.660119047619046e-07	0.0	8.816666666666671e-07	1.8011904761904767e-06	4.989285714285715e-06	9.033452380952383e-06	9.904880952380955e-06	9.935357142857145e-06	9.994166666666668e-06	9.996547619047624e-06	9.990595238095242e-06
9400	9.86693548387097e-06	9.956221198156686e-06	9.97125576036867e-06	9.904377880184336e-06	9.88940092165899e-06	9.898156682027655e-06	9.439573732718895e-06	5.7361751152073755e-06	1.238479262672811e-06	0.0	1.2532834101382488e-06	4.508122119815669e-06	5.986808755760369e-06	5.0341013824884804e-06	7.1540898617511516e-06	9.844873271889405e-06	9.984389400921663e-06	9.940898617511524e-06	9.897580645161293e-06
9500	9.600054112554116e-06	9.80054112554113e-06	9.903787878787885e-06	9.900270562770568e-06	9.888419913419919e-06	9.894913419913425e-06	9.532467532467535e-06	5.72624458874459e-06	1.1375e-06	0.0	1.5076298701298702e-06	4.921103896103897e-06	4.88327922077922e-06	4.154870129870129e-06	7.553246753246755e-06	9.82429653679654e-06	9.949621212121215e-06	9.927056277056283e-06	9.85779220779221e-06
9600	9.797976190476193e-06	9.854107142857145e-06	9.901130952380955e-06	9.896071428571431e-06	9.897797619047623e-06	9.894761904761907e-06	9.522380952380955e-06	5.61059523809524e-06	1.0201785714285714e-06	0.0	1.7161904761904763e-06	5.207857142857144e-06	5.510238095238096e-06	4.136785714285713e-06	6.981130952380953e-06	9.815476190476192e-06	9.94636904761905e-06	9.872142857142863e-06	9.717619047619052e-06
9700	9.843247767857148e-06	9.952064732142861e-06	1.0000000000000004e-05	1.0000000000000004e-05	1.0000000000000004e-05	9.994196428571435e-06	8.402343750000002e-06	3.618303571428572e-06	2.1015625e-07	0.0	5.66517857142857e-07	2.7684151785714286e-06	4.590624999999998e-06	4.992968750000001e-06	7.4727120535714305e-06	9.81768973214286e-06	9.939285714285719e-06	9.92723214285715e-06	9.870200892857151e-06
9800	9.8670693277311e-06	9.960714285714292e-06	9.988287815126056e-06	9.97032563025211e-06	9.96670168067228e-06	9.964653361344546e-06	8.163182773109247e-06	3.339443277310925e-06	1.5535714285714289e-07	0.0	1.0513130252100842e-06	3.992174369747899e-06	5.750682773109244e-06	5.634768907563026e-06	7.693382352941178e-06	9.820273109243704e-06	9.947321428571437e-06	9.93256302521009e-06	9.858298319327736e-06
9900	9.984345238095242e-06	9.993273809523812e-06	9.981130952380958e-06	9.91369047619048e-06	9.8814880952381e-06	9.854583333333339e-06	7.57976190476191e-06	2.8050595238095245e-06	1.3095238095238097e-07	0.0	1.531071428571429e-06	5.3821428571428585e-06	7.399761904761905e-06	4.564404761904761e-06	5.506190476190479e-06	9.405833333333336e-06	9.859226190476193e-06	9.890654761904765e-06	9.878333333333337e-06
10000	9.891685267857145e-06	9.910825892857145e-06	9.980078125000002e-06	9.97751116071429e-06	9.89737723214286e-06	9.833426339285716e-06	8.489787946428573e-06	3.6921875000000004e-06	1.1595982142857145e-07	0.0	1.6453683035714292e-06	5.036495535714286e-06	5.880636160714287e-06	3.3121651785714295e-06	3.448158482142857e-06	7.336551339285714e-06	9.61529017857143e-06	9.832589285714286e-06	9.853013392857141e-06
