	site
generation	50	100	150	200	250	300	350	400	450	500	550	600	650	700	750	800	850	900	950
0	1.0000000000000004e-05	1.0000000000000004e-05	1.0000000000000004e-05	1.0000000000000004e-05	1.0000000000000004e-05	1.0000000000000004e-05	1.0000000000000004e-05	1.0000000000000004e-05	1.0000000000000004e-05	1.0000000000000004e-05	1.0000000000000004e-05	1.0000000000000004e-05	1.0000000000000004e-05	1.0000000000000004e-05	1.0000000000000004e-05	1.0000000000000004e-05	1.0000000000000004e-05	1.0000000000000004e-05	1.0000000000000004e-05
100	1.0000000000000003e-05	1.0000000000000003e-05	1.0000000000000003e-05	1.0000000000000003e-05	1.0000000000000003e-05	1.0000000000000003e-05	1.0000000000000003e-05	1.0000000000000003e-05	1.0000000000000003e-05	1.0000000000000003e-05	1.0000000000000003e-05	1.0000000000000003e-05	1.0000000000000003e-05	1.0000000000000003e-05	1.0000000000000003e-05	1.0000000000000003e-05	1.0000000000000003e-05	1.0000000000000003e-05	1.0000000000000003e-05
200	1.0000000000000004e-05	9.999827188940097e-06	9.996947004608299e-06	9.987903225806452e-06	9.919642857142862e-06	9.909043778801847e-06	9.980184331797238e-06	1.0000000000000004e-05	1.0000000000000004e-05	1.0000000000000004e-05	1.0000000000000004e-05	1.0000000000000004e-05	1.0000000000000004e-05	1.0000000000000004e-05	9.992396313364059e-06	9.920967741935488e-06	9.907603686635949e-06	9.97903225806452e-06	1.0000000000000004e-05
300	9.981785714285717e-06	9.984226190476195e-06	9.996488095238098e-06	9.990297619047626e-06	9.92869047619048e-06	9.916369047619051e-06	9.977976190476193e-06	1.0000000000000003e-05	1.0000000000000003e-05	9.995535714285719e-06	9.93416666666667e-06	9.870357142857147e-06	9.857678571428574e-06	9.91744047619048e-06	9.977321428571433e-06	9.921607142857146e-06	9.894285714285717e-06	9.894107142857145e-06	9.902857142857143e-06
400	1.0000000000000004e-05	1.0000000000000004e-05	1.0000000000000004e-05	9.993894009216594e-06	9.932027649769588e-06	9.919009216589866e-06	9.98087557603687e-06	1.0000000000000004e-05	1.0000000000000004e-05	1.0000000000000004e-05	1.0000000000000004e-05	1.0000000000000004e-05	1.0000000000000004e-05	9.999539170506917e-06	9.975345622119824e-06	9.91198156682028e-06	9.887154377880188e-06	9.901324884792631e-06	9.933064516129035e-06
500	1.0000000000000003e-05	1.0000000000000003e-05	9.987261904761907e-06	9.90464285714286e-06	9.82642857142857e-06	9.886726190476193e-06	9.911130952380955e-06	9.901964285714289e-06	9.968511904761908e-06	1.0000000000000003e-05	1.0000000000000003e-05	1.0000000000000003e-05	1.0000000000000003e-05	9.975833333333335e-06	9.92696428571429e-06	9.868035714285717e-06	9.849761904761907e-06	9.894166666666666e-06	9.943452380952381e-06
600	1.0000000000000004e-05	1.0000000000000004e-05	9.989177489177495e-06	9.9094696969697e-06	9.829220779220786e-06	9.880790043290046e-06	9.906601731601737e-06	9.899134199134205e-06	9.907575757575765e-06	9.904545454545462e-06	9.961038961038963e-06	9.961525974025977e-06	9.902489177489182e-06	9.88652597402598e-06	9.811742424242428e-06	9.776352813852816e-06	9.827705627705632e-06	9.397294372294376e-06	8.725216450216458e-06
700	1.0000000000000003e-05	1.0000000000000003e-05	1.0000000000000003e-05	1.0000000000000003e-05	1.0000000000000003e-05	9.996904761904766e-06	9.9302380952381e-06	9.848154761904766e-06	9.140059523809529e-06	9.048333333333336e-06	9.823035714285716e-06	9.99994047619048e-06	1.0000000000000003e-05	1.0000000000000003e-05	1.0000000000000003e-05	9.994226190476196e-06	9.969047619047622e-06	9.905773809523813e-06	9.85952380952381e-06
800	9.942532467532472e-06	9.890692640692646e-06	9.916341991341997e-06	9.98441558441559e-06	9.997673160173165e-06	9.97115800865801e-06	9.89675324675325e-06	9.840692640692645e-06	9.34247835497836e-06	9.236417748917753e-06	9.772186147186152e-06	9.960822510822514e-06	1.0000000000000004e-05	1.0000000000000004e-05	9.9991341991342e-06	9.986634199134208e-06	9.96136363636364e-06	9.891937229437233e-06	9.815259740259747e-06
900	9.985714285714288e-06	9.917261904761906e-06	9.903035714285717e-06	9.892202380952384e-06	9.837083333333334e-06	9.891607142857146e-06	9.91511904761905e-06	9.853273809523811e-06	9.302202380952383e-06	9.171607142857148e-06	9.74351190476191e-06	9.960714285714289e-06	1.0000000000000003e-05	1.0000000000000003e-05	1.0000000000000003e-05	1.0000000000000003e-05	9.977023809523815e-06	9.897321428571429e-06	9.816130952380955e-06
1000	1.0000000000000004e-05	1.0000000000000004e-05	1.0000000000000004e-05	1.0000000000000004e-05	1.0000000000000004e-05	1.0000000000000004e-05	1.0000000000000004e-05	1.0000000000000004e-05	1.0000000000000004e-05	1.0000000000000004e-05	1.0000000000000004e-05	1.0000000000000004e-05	1.0000000000000004e-05	1.0000000000000004e-05	9.997377232142865e-06	9.993805803571434e-06	9.99469866071429e-06	9.993080357142865e-06	9.989229910714294e-06
1100	9.978627232142862e-06	9.909040178571434e-06	9.921372767857147e-06	9.98571428571429e-06	9.920256696428575e-06	9.902511160714289e-06	9.910825892857147e-06	9.848046875000004e-06	9.188058035714285e-06	9.042745535714287e-06	9.71780133928572e-06	9.926506696428575e-06	9.897265625000004e-06	9.912444196428574e-06	9.92561383928572e-06	9.900223214285719e-06	9.909040178571434e-06	9.84430803571429e-06	9.807812500000007e-06
1200	9.87235221674877e-06	9.898645320197048e-06	9.894519704433497e-06	9.907635467980298e-06	9.839039408866998e-06	9.808682266009856e-06	9.878817733990149e-06	9.846243842364532e-06	9.10979064039409e-06	8.968780788177339e-06	9.731157635467983e-06	9.955788177339901e-06	9.993288177339905e-06	9.994581280788178e-06	9.999815270935965e-06	1.0000000000000003e-05	1.0000000000000003e-05	9.99790640394089e-06	9.991748768472907e-06
1300	9.865357142857146e-06	9.914523809523812e-06	9.895059523809526e-06	9.818809523809526e-06	9.757023809523812e-06	9.789583333333339e-06	9.862023809523812e-06	9.830178571428571e-06	9.136845238095239e-06	8.984404761904763e-06	9.707380952380956e-06	9.95464285714286e-06	1.0000000000000003e-05	1.0000000000000003e-05	1.0000000000000003e-05	1.0000000000000003e-05	1.0000000000000003e-05	9.998571428571431e-06	9.99261904761905e-06
1400	9.897292626728115e-06	8.996543778801845e-06	5.563479262672813e-06	5.784043778801844e-06	9.118087557603691e-06	9.790725806451618e-06	9.788306451612904e-06	9.810887096774196e-06	9.943029953917054e-06	1.0000000000000004e-05	1.0000000000000004e-05	9.939516129032263e-06	9.735253456221201e-06	7.372004608294934e-06	5.138882488479264e-06	4.212730414746544e-06	5.912960829493089e-06	9.261175115207374e-06	9.98968894009217e-06
1500	9.795982142857148e-06	9.85647321428572e-06	9.863616071428576e-06	9.826506696428575e-06	9.787723214285716e-06	9.795647321428577e-06	9.791238839285717e-06	9.789285714285717e-06	9.851618303571431e-06	9.918303571428577e-06	9.983482142857146e-06	9.932868303571431e-06	9.90373883928572e-06	9.965234375000004e-06	9.976841517857148e-06	9.961830357142862e-06	9.913895089285719e-06	9.906975446428576e-06	9.967801339285716e-06
1600	9.777304147465437e-06	9.856105990783414e-06	9.863594470046087e-06	9.824020737327194e-06	9.780875576036868e-06	9.797407834101386e-06	9.492108294930879e-06	9.059274193548387e-06	9.418894009216592e-06	9.907891705069125e-06	9.982776497695853e-06	9.938191244239632e-06	9.81710829493088e-06	8.564458525345623e-06	7.45115207373272e-06	6.733410138248849e-06	7.4750000000000004e-06	9.483294930875578e-06	9.978513824884796e-06
1700	9.782521645021646e-06	9.84659090909091e-06	9.853679653679657e-06	9.827597402597407e-06	9.79756493506494e-06	9.817370129870136e-06	9.86369047619048e-06	9.912445887445892e-06	9.983982683982688e-06	9.988852813852819e-06	9.98566017316018e-06	9.995995670995676e-06	1.0000000000000004e-05	9.983603896103902e-06	9.920562770562774e-06	9.931547619047624e-06	9.994588744588749e-06	1.0000000000000004e-05	1.0000000000000004e-05
1800	6.383006912442395e-06	8.517281105990785e-06	9.86958525345622e-06	9.787211981566821e-06	9.150403225806454e-06	9.140610599078346e-06	9.789055299539173e-06	9.907373271889404e-06	9.977246543778804e-06	1.0000000000000004e-05	1.0000000000000004e-05	1.0000000000000004e-05	1.0000000000000004e-05	9.979723502304151e-06	9.909158986175117e-06	9.920276497695855e-06	9.990841013824889e-06	1.0000000000000004e-05	1.0000000000000004e-05
1900	8.566532258064518e-06	9.263133640553e-06	9.887327188940096e-06	9.871947004608298e-06	9.756509216589865e-06	9.810195852534566e-06	9.893894009216593e-06	9.905241935483873e-06	9.971486175115211e-06	1.0000000000000004e-05	1.0000000000000004e-05	1.0000000000000004e-05	1.0000000000000004e-05	9.967972350230421e-06	9.846658986175117e-06	9.847235023041478e-06	9.966244239631342e-06	9.997695852534566e-06	1.0000000000000004e-05
2000	9.317569124423965e-06	9.023099078341014e-06	9.4764400921659e-06	9.753571428571432e-06	9.678398617511523e-06	9.800576036866364e-06	9.888940092165903e-06	9.905414746543782e-06	9.974423963133644e-06	1.0000000000000004e-05	1.0000000000000004e-05	9.991762672811061e-06	9.92523041474655e-06	9.888882488479264e-06	9.886866359447007e-06	9.922580645161293e-06	9.991129032258068e-06	1.0000000000000004e-05	1.0000000000000004e-05
2100	9.704254201680671e-06	9.713340336134456e-06	9.779254201680673e-06	9.747426470588241e-06	9.687762605042023e-06	9.810609243697486e-06	9.960924369747908e-06	1.000000000000001e-05	1.000000000000001e-05	1.000000000000001e-05	1.000000000000001e-05	9.9998949579832e-06	9.995063025210093e-06	9.988340336134463e-06	9.993172268907573e-06	1.000000000000001e-05	9.999842436974799e-06	9.99721638655463e-06	9.994747899159673e-06
2200	8.494642857142858e-06	8.423484848484851e-06	9.263961038961044e-06	9.787878787878792e-06	9.6224025974026e-06	9.68906926406927e-06	9.894913419913422e-06	9.9469696969697e-06	9.987067099567104e-06	1.0000000000000004e-05	1.0000000000000004e-05	9.999242424242427e-06	9.975865800865806e-06	9.950703463203468e-06	9.941071428571434e-06	9.91872294372295e-06	9.902705627705632e-06	9.949512987012992e-06	9.998538961038964e-06
2300	1.0000000000000004e-05	1.0000000000000004e-05	1.0000000000000004e-05	9.999720982142859e-06	9.991908482142861e-06	9.990904017857147e-06	9.998716517857147e-06	1.0000000000000004e-05	1.0000000000000004e-05	1.0000000000000004e-05	1.0000000000000004e-05	1.0000000000000004e-05	1.0000000000000004e-05	1.0000000000000004e-05	1.0000000000000004e-05	1.0000000000000004e-05	9.994587053571432e-06	9.990625000000006e-06	9.996037946428576e-06
2400	9.517578125000001e-06	9.646819196428576e-06	9.887276785714291e-06	9.973214285714292e-06	9.900055803571433e-06	9.904185267857146e-06	9.912388392857146e-06	9.905412946428575e-06	9.977957589285718e-06	1.0000000000000004e-05	1.0000000000000004e-05	9.992968750000004e-06	9.935714285714292e-06	9.866796875000004e-06	9.776450892857147e-06	9.733761160714286e-06	9.795982142857143e-06	9.909598214285717e-06	9.994977678571432e-06
2500	9.888839285714295e-06	9.787165178571434e-06	9.77366071428572e-06	9.90329241071429e-06	9.917912946428577e-06	9.904185267857146e-06	9.913616071428576e-06	9.909319196428576e-06	9.965290178571432e-06	1.0000000000000004e-05	1.0000000000000004e-05	9.997098214285721e-06	9.984877232142866e-06	9.97366071428572e-06	9.97215401785715e-06	9.966908482142866e-06	9.956752232142862e-06	9.969642857142863e-06	9.985156250000003e-06
2600	3.372077922077923e-06	3.44301948051948e-06	7.326515151515152e-06	9.83252164502165e-06	9.79908008658009e-06	9.800595238095243e-06	9.845021645021646e-06	9.907629870129875e-06	9.978084415584422e-06	9.999350649350653e-06	1.0000000000000004e-05	9.998106060606063e-06	9.95838744588745e-06	9.908495670995674e-06	9.824188311688316e-06	8.24951298701299e-06	7.508170995670995e-06	9.12510822510823e-06	9.979653679653687e-06
2700	9.93571428571429e-06	9.966350446428576e-06	9.925781250000006e-06	9.921037946428576e-06	9.980189732142865e-06	9.980636160714289e-06	9.927566964285719e-06	9.91579241071429e-06	9.97271205357143e-06	1.0000000000000004e-05	1.0000000000000004e-05	9.999944196428575e-06	9.989676339285721e-06	9.958537946428576e-06	9.901953125000004e-06	9.633537946428575e-06	9.436886160714288e-06	9.731305803571436e-06	9.989229910714294e-06
2800	9.971490147783253e-06	9.993041871921185e-06	1.0000000000000003e-05	1.0000000000000003e-05	9.998953201970446e-06	9.937253694581283e-06	9.901354679802959e-06	9.962746305418721e-06	9.999692118226604e-06	1.0000000000000003e-05	1.0000000000000003e-05	9.997290640394092e-06	9.954802955665032e-06	9.92302955665025e-06	9.907697044334979e-06	8.230418719211822e-06	7.416133004926111e-06	9.120135467980298e-06	9.976847290640402e-06
2900	9.947186147186152e-06	9.912121212121214e-06	9.914015151515156e-06	9.978841991341995e-06	1.0000000000000004e-05	1.0000000000000004e-05	1.0000000000000004e-05	1.0000000000000004e-05	9.996915584415588e-06	9.973484848484853e-06	9.88019480519481e-06	9.81607142857143e-06	9.845183982683985e-06	9.874242424242426e-06	9.695995670995672e-06	6.111796536796536e-06	5.1462662337662345e-06	8.778409090909094e-06	9.967803030303039e-06
3000	9.943087557603692e-06	9.16733870967742e-06	8.656797235023044e-06	9.449481566820279e-06	9.99965437788019e-06	1.0000000000000004e-05	1.0000000000000004e-05	1.0000000000000004e-05	1.0000000000000004e-05	9.981912442396321e-06	9.909447004608299e-06	9.861002304147468e-06	9.88629032258065e-06	9.909389400921665e-06	9.818317972350232e-06	6.925057603686637e-06	6.043721198156684e-06	8.971947004608298e-06	9.974251152073737e-06
3100	9.908099489795922e-06	9.130931122448983e-06	8.4468112244898e-06	9.28622448979592e-06	9.985969387755101e-06	9.955420918367354e-06	9.937882653061228e-06	9.950255102040818e-06	9.978698979591836e-06	9.9640306122449e-06	9.748278061224491e-06	9.62059948979592e-06	9.782525510204085e-06	9.885841836734697e-06	9.70701530612245e-06	6.597512755102042e-06	5.654974489795919e-06	8.814923469387753e-06	9.972576530612244e-06
3200	9.943694196428577e-06	9.931026785714294e-06	9.807868303571433e-06	9.854743303571431e-06	9.957533482142862e-06	9.834933035714287e-06	9.834821428571434e-06	9.965066964285718e-06	1.0000000000000004e-05	1.0000000000000004e-05	1.0000000000000004e-05	1.0000000000000004e-05	1.0000000000000004e-05	1.0000000000000004e-05	1.0000000000000004e-05	1.0000000000000004e-05	1.0000000000000004e-05	1.0000000000000004e-05	1.0000000000000004e-05
3300	9.195982142857149e-06	9.349218750000005e-06	9.145591517857146e-06	9.559933035714289e-06	9.968136160714289e-06	9.845200892857142e-06	9.827455357142862e-06	9.95479910714286e-06	9.999665178571431e-06	9.90385044642858e-06	9.794196428571435e-06	9.882589285714292e-06	9.973604910714293e-06	9.958872767857148e-06	9.948604910714291e-06	9.643080357142863e-06	9.611551339285715e-06	9.926562500000007e-06	9.976171875000008e-06
3400	7.521140552995393e-06	9.297407834101386e-06	9.785541474654382e-06	9.874078341013829e-06	9.954493087557608e-06	9.866647465437793e-06	9.847868663594471e-06	9.951497695852536e-06	9.999251152073736e-06	9.9270737327189e-06	9.799020737327195e-06	9.869239631336407e-06	9.991474654377883e-06	9.98784562211982e-06	9.957315668202772e-06	9.60276497695853e-06	9.480933179723505e-06	9.834562211981569e-06	9.987557603686639e-06
3500	8.738767281105995e-06	9.521255760368668e-06	9.642165898617514e-06	9.783122119815671e-06	9.963018433179727e-06	9.87137096774194e-06	9.856048387096779e-06	9.95443548387097e-06	9.998847926267286e-06	9.901843317972353e-06	9.81071428571429e-06	9.9065668202765e-06	9.982834101382495e-06	9.975172811059913e-06	9.983813364055303e-06	9.729320276497698e-06	9.632603686635947e-06	9.891417050691249e-06	9.99251152073733e-06
3600	8.183116883116886e-06	8.149404761904765e-06	5.166504329004329e-06	6.29318181818182e-06	9.729816017316022e-06	9.837175324675333e-06	9.825595238095242e-06	9.961688311688316e-06	9.999837662337665e-06	1.0000000000000004e-05	1.0000000000000004e-05	1.0000000000000004e-05	1.0000000000000004e-05	1.0000000000000004e-05	1.0000000000000004e-05	1.0000000000000004e-05	9.945616883116888e-06	9.902110389610394e-06	9.942965367965373e-06
3700	9.033237327188942e-06	8.934216589861756e-06	7.203571428571429e-06	7.844815668202766e-06	9.71370967741936e-06	8.697292626728113e-06	8.591589861751155e-06	9.749020737327194e-06	9.953168202764982e-06	9.984216589861754e-06	9.999654377880188e-06	9.996774193548392e-06	9.997119815668206e-06	1.0000000000000004e-05	1.0000000000000004e-05	1.0000000000000004e-05	9.977649769585257e-06	9.952764976958529e-06	9.966474654377884e-06
3800	8.093214285714288e-06	7.59666666666667e-06	4.46077380952381e-06	6.205178571428572e-06	9.662440476190478e-06	7.2867261904761905e-06	6.988928571428575e-06	9.513809523809528e-06	9.901785714285718e-06	9.969047619047622e-06	1.0000000000000003e-05	1.0000000000000003e-05	1.0000000000000003e-05	9.990297619047624e-06	9.91916666666667e-06	9.915892857142859e-06	9.899940476190479e-06	9.804345238095242e-06	9.822976190476193e-06
3900	7.88980414746544e-06	7.68905529953917e-06	4.458698156682027e-06	6.030357142857144e-06	9.670852534562216e-06	7.581451612903229e-06	7.256394009216592e-06	9.480933179723505e-06	9.89452764976959e-06	9.96013824884793e-06	9.993548387096779e-06	9.99735023041475e-06	1.0000000000000004e-05	9.98945852534563e-06	9.91451612903226e-06	9.910541474654382e-06	9.904147465437794e-06	9.801440092165902e-06	9.805011520737333e-06
4000	8.628917050691245e-06	8.69879032258065e-06	6.788248847926268e-06	7.566532258064519e-06	9.569700460829499e-06	8.556912442396315e-06	8.590898617511524e-06	9.757949308755765e-06	9.94141705069125e-06	9.97874423963134e-06	9.998675115207378e-06	9.996774193548392e-06	9.998099078341017e-06	9.994412442396318e-06	9.951670506912447e-06	9.947523041474659e-06	9.945967741935492e-06	9.882776497695859e-06	9.875230414746547e-06
4100	8.480587557603689e-06	8.05771889400922e-06	4.688248847926268e-06	5.825230414746544e-06	9.60305299539171e-06	9.997811059907838e-06	1.0000000000000004e-05	1.0000000000000004e-05	1.0000000000000004e-05	1.0000000000000004e-05	1.0000000000000004e-05	9.99907834101383e-06	9.995967741935486e-06	9.994470046082955e-06	9.997580645161293e-06	1.0000000000000004e-05	1.0000000000000004e-05	1.0000000000000004e-05	1.0000000000000004e-05
4200	8.56991341991342e-06	7.941341991341993e-06	4.694101731601733e-06	6.188095238095242e-06	9.810227272727276e-06	1.0000000000000004e-05	1.0000000000000004e-05	1.0000000000000004e-05	1.0000000000000004e-05	1.0000000000000004e-05	9.999621212121218e-06	9.996969696969703e-06	9.997348484848489e-06	1.0000000000000004e-05	1.0000000000000004e-05	1.0000000000000004e-05	1.0000000000000004e-05	1.0000000000000004e-05	1.0000000000000004e-05
4300	8.073732718894011e-06	6.931912442396314e-06	3.7838709677419358e-06	5.270391705069125e-06	6.134677419354839e-06	6.352016129032259e-06	9.134447004608298e-06	9.980817972350233e-06	1.0000000000000004e-05	1.0000000000000004e-05	9.986923963133648e-06	9.916935483870973e-06	9.853225806451618e-06	9.798444700460833e-06	9.435195852534562e-06	9.392684331797237e-06	9.705529953917058e-06	9.764746543778803e-06	9.796889400921664e-06
4400	9.82091013824885e-06	9.933064516129033e-06	9.999827188940097e-06	1.0000000000000004e-05	1.0000000000000004e-05	1.0000000000000004e-05	1.0000000000000004e-05	9.953168202764982e-06	9.901900921658989e-06	9.946658986175118e-06	9.994297235023046e-06	9.987327188940098e-06	9.915552995391707e-06	9.830126728110603e-06	9.739861751152077e-06	9.692396313364058e-06	9.712730414746548e-06	9.719239631336409e-06	9.740725806451619e-06
4500	9.811290322580648e-06	9.930645161290326e-06	9.998387096774197e-06	1.0000000000000004e-05	1.0000000000000004e-05	9.992453917050698e-06	9.927016129032263e-06	9.836923963133641e-06	9.842223502304151e-06	9.935138248847929e-06	9.995276497695857e-06	9.99861751152074e-06	9.946428571428577e-06	9.901382488479266e-06	9.95357142857143e-06	1.0000000000000004e-05	1.0000000000000004e-05	9.958582949308761e-06	9.880817972350235e-06
4600	8.073387096774196e-06	8.736059907834103e-06	8.72471198156682e-06	8.414573732718897e-06	7.964400921658987e-06	8.842338709677424e-06	9.859274193548392e-06	9.767972350230418e-06	9.839573732718896e-06	9.939458525345625e-06	9.99481566820277e-06	9.996658986175121e-06	9.949942396313368e-06	9.90334101382489e-06	9.950057603686638e-06	1.0000000000000004e-05	1.0000000000000004e-05	9.955184331797243e-06	9.886059907834105e-06
4700	8.844531250000002e-06	9.603906250000002e-06	9.923046875000006e-06	9.398214285714289e-06	6.2843191964285714e-06	6.154910714285715e-06	9.209933035714285e-06	9.785881696428575e-06	9.844029017857147e-06	9.932868303571431e-06	9.99425223214286e-06	9.998493303571435e-06	9.944531250000005e-06	9.907756696428577e-06	9.961718750000003e-06	1.0000000000000004e-05	1.0000000000000004e-05	9.966741071428577e-06	9.90256696428572e-06
4800	1.8824776785714284e-06	6.866294642857147e-06	9.919531250000003e-06	9.663950892857146e-06	6.230301339285717e-06	5.711160714285716e-06	9.065234375e-06	9.748046875000005e-06	9.835825892857147e-06	9.941796875000003e-06	9.997879464285718e-06	9.997712053571434e-06	9.950502232142862e-06	9.927287946428576e-06	9.974497767857147e-06	1.0000000000000004e-05	1.0000000000000004e-05	9.97053571428572e-06	9.911941964285717e-06
4900	2.610654761904762e-06	7.255119047619051e-06	9.903154761904767e-06	9.28184523809524e-06	5.549404761904762e-06	5.57172619047619e-06	9.253809523809527e-06	9.618273809523811e-06	9.646488095238096e-06	9.899702380952384e-06	9.996071428571429e-06	9.996666666666669e-06	9.997083333333336e-06	9.998452380952385e-06	9.945357142857147e-06	9.908750000000004e-06	9.961309523809525e-06	9.999464285714289e-06	1.0000000000000003e-05
5000	2.0861904761904763e-06	7.0608333333333345e-06	9.903928571428574e-06	9.458035714285716e-06	7.10761904761905e-06	7.2554761904761905e-06	9.566964285714288e-06	9.807380952380955e-06	9.874166666666668e-06	9.95464285714286e-06	9.955595238095244e-06	9.908630952380956e-06	9.948869047619051e-06	9.993452380952382e-06	9.905119047619054e-06	9.852142857142861e-06	9.941547619047622e-06	9.999404761904766e-06	1.0000000000000003e-05
5100	2.6464861751152074e-06	7.247407834101384e-06	9.856336405529959e-06	9.412788018433185e-06	6.212672811059907e-06	6.331797235023041e-06	9.479896313364058e-06	9.784389400921664e-06	9.859043778801847e-06	9.952419354838714e-06	9.961923963133646e-06	9.91635944700461e-06	9.951382488479264e-06	9.996370967741938e-06	9.89199308755761e-06	9.831163594470049e-06	9.924827188940095e-06	9.988594470046085e-06	9.999308755760373e-06
5200	2.047209821428571e-06	6.962332589285716e-06	9.828627232142859e-06	9.386495535714289e-06	6.165680803571429e-06	5.890178571428573e-06	8.931473214285716e-06	8.636104910714285e-06	8.699553571428574e-06	9.78895089285715e-06	9.95295758928572e-06	9.908537946428577e-06	9.946372767857146e-06	9.997433035714291e-06	9.89547991071429e-06	9.814508928571433e-06	9.917020089285719e-06	9.999832589285719e-06	1.0000000000000004e-05
5300	2.3893472906403946e-06	6.92259852216749e-06	9.076477832512316e-06	8.384605911330052e-06	6.365948275862069e-06	6.60406403940887e-06	9.300307881773401e-06	9.582697044334977e-06	9.567733990147785e-06	9.853571428571431e-06	9.941564039408868e-06	9.907943349753697e-06	9.958620689655174e-06	9.998399014778329e-06	9.918041871921189e-06	9.829556650246309e-06	9.909544334975372e-06	9.999322660098527e-06	1.0000000000000003e-05
5400	1.0000000000000003e-05	1.0000000000000003e-05	1.0000000000000003e-05	1.0000000000000003e-05	1.0000000000000003e-05	1.0000000000000003e-05	1.0000000000000003e-05	1.0000000000000003e-05	1.0000000000000003e-05	1.0000000000000003e-05	1.0000000000000003e-05	1.0000000000000003e-05	1.0000000000000003e-05	1.0000000000000003e-05	1.0000000000000003e-05	1.0000000000000003e-05	1.0000000000000003e-05	1.0000000000000003e-05	1.0000000000000003e-05
5500	9.998271889400925e-06	9.996774193548392e-06	9.998502304147468e-06	1.0000000000000004e-05	9.999654377880188e-06	9.994758064516133e-06	9.988882488479267e-06	9.992338709677422e-06	9.998559907834106e-06	1.0000000000000004e-05	1.0000000000000004e-05	1.0000000000000004e-05	1.0000000000000004e-05	1.0000000000000004e-05	1.0000000000000004e-05	1.0000000000000004e-05	1.0000000000000004e-05	1.0000000000000004e-05	1.0000000000000004e-05
5600	1.0000000000000004e-05	1.0000000000000004e-05	1.0000000000000004e-05	1.0000000000000004e-05	1.0000000000000004e-05	1.0000000000000004e-05	1.0000000000000004e-05	1.0000000000000004e-05	1.0000000000000004e-05	9.997695852534566e-06	9.993548387096779e-06	9.995852534562216e-06	1.0000000000000004e-05	1.0000000000000004e-05	1.0000000000000004e-05	1.0000000000000004e-05	1.0000000000000004e-05	9.997811059907838e-06	9.994930875576038e-06
5700	1.0000000000000004e-05	1.0000000000000004e-05	1.0000000000000004e-05	1.0000000000000004e-05	1.0000000000000004e-05	1.0000000000000004e-05	1.0000000000000004e-05	1.0000000000000004e-05	9.997753456221201e-06	9.993548387096779e-06	9.995276497695857e-06	9.985023041474661e-06	9.977476958525351e-06	9.989170506912446e-06	9.997235023041479e-06	9.997292626728114e-06	9.93058755760369e-06	9.905184331797238e-06	9.969009216589864e-06
5800	9.992410714285719e-06	9.997991071428576e-06	1.0000000000000004e-05	1.0000000000000004e-05	1.0000000000000004e-05	9.999888392857145e-06	9.93883928571429e-06	9.900390625000003e-06	9.961160714285718e-06	9.99972098214286e-06	9.999776785714289e-06	9.996986607142864e-06	9.99709821428572e-06	9.999888392857148e-06	9.98186383928572e-06	9.915066964285717e-06	9.889453125000005e-06	9.89520089285715e-06	9.891517857142861e-06
5900	9.945276497695855e-06	9.975000000000004e-06	9.99804147465438e-06	9.994930875576042e-06	9.987096774193554e-06	9.991993087557607e-06	9.964631336405536e-06	9.91808755760369e-06	9.951497695852536e-06	9.99821428571429e-06	1.0000000000000004e-05	1.0000000000000004e-05	1.0000000000000004e-05	1.0000000000000004e-05	9.988421658986181e-06	9.952649769585258e-06	9.928341013824889e-06	9.881624423963137e-06	9.854147465437797e-06
6000	1.0000000000000003e-05	1.0000000000000003e-05	1.0000000000000003e-05	1.0000000000000003e-05	1.0000000000000003e-05	1.0000000000000003e-05	1.0000000000000003e-05	1.0000000000000003e-05	9.99433497536946e-06	9.939839901477834e-06	9.91600985221675e-06	9.965147783251232e-06	9.908004926108377e-06	9.825615763546802e-06	9.909236453201973e-06	9.99507389162562e-06	9.923830049261087e-06	9.836822660098526e-06	9.861822660098523e-06
6100	1.0000000000000004e-05	1.0000000000000004e-05	1.0000000000000004e-05	1.0000000000000004e-05	1.0000000000000004e-05	1.0000000000000004e-05	1.0000000000000004e-05	9.998675115207378e-06	9.996774193548392e-06	9.996947004608297e-06	9.996774193548392e-06	9.997926267281108e-06	9.999884792626732e-06	9.994527649769588e-06	9.993663594470051e-06	9.999020737327193e-06	1.0000000000000004e-05	1.0000000000000004e-05	1.0000000000000004e-05
6200	1.0000000000000004e-05	1.0000000000000004e-05	1.0000000000000004e-05	1.0000000000000004e-05	9.999539170506915e-06	9.983525345622125e-06	9.968260368663599e-06	9.984216589861754e-06	9.999942396313369e-06	1.0000000000000004e-05	1.0000000000000004e-05	1.0000000000000004e-05	9.99873271889401e-06	9.956970046082954e-06	9.913306451612909e-06	9.898847926267285e-06	9.87885944700461e-06	9.929665898617515e-06	9.991705069124427e-06
6300	1.0000000000000004e-05	1.0000000000000004e-05	9.990904017857147e-06	9.94620535714286e-06	9.943470982142861e-06	9.988169642857147e-06	1.0000000000000004e-05	1.0000000000000004e-05	1.0000000000000004e-05	1.0000000000000004e-05	1.0000000000000004e-05	1.0000000000000004e-05	9.998939732142862e-06	9.948046875000004e-06	9.89972098214286e-06	9.891964285714289e-06	9.898493303571434e-06	9.956863839285718e-06	9.99972098214286e-06
6400	1.0000000000000003e-05	1.0000000000000003e-05	1.0000000000000003e-05	1.0000000000000003e-05	1.0000000000000003e-05	1.0000000000000003e-05	9.99726190476191e-06	9.972500000000003e-06	9.959880952380954e-06	9.965416666666671e-06	9.947083333333338e-06	9.963214285714289e-06	9.987857142857149e-06	9.936130952380956e-06	9.901309523809526e-06	9.92386904761905e-06	9.38351190476191e-06	8.27059523809524e-06	8.738750000000002e-06
6500	1.0000000000000004e-05	1.0000000000000004e-05	1.0000000000000004e-05	1.0000000000000004e-05	1.0000000000000004e-05	1.0000000000000004e-05	1.0000000000000004e-05	1.0000000000000004e-05	1.0000000000000004e-05	1.0000000000000004e-05	1.0000000000000004e-05	9.981114718614723e-06	9.917424242424245e-06	9.927976190476195e-06	9.979383116883121e-06	9.923322510822515e-06	9.924404761904766e-06	9.988798701298706e-06	1.0000000000000004e-05
6600	1.0000000000000004e-05	1.0000000000000004e-05	1.0000000000000004e-05	1.0000000000000004e-05	1.0000000000000004e-05	1.0000000000000004e-05	1.0000000000000004e-05	1.0000000000000004e-05	1.0000000000000004e-05	1.0000000000000004e-05	1.0000000000000004e-05	1.0000000000000004e-05	1.0000000000000004e-05	1.0000000000000004e-05	1.0000000000000004e-05	1.0000000000000004e-05	1.0000000000000004e-05	1.0000000000000004e-05	1.0000000000000004e-05
6700	1.0000000000000004e-05	1.0000000000000004e-05	1.0000000000000004e-05	1.0000000000000004e-05	1.0000000000000004e-05	9.995145089285718e-06	9.90954241071429e-06	9.82282366071429e-06	9.896707589285716e-06	9.945424107142863e-06	9.903962053571434e-06	9.92661830357143e-06	9.911272321428576e-06	9.868191964285721e-06	9.877734375000004e-06	9.871651785714289e-06	9.887109375000004e-06	9.816796875000006e-06	9.734765625000009e-06
6800	1.0000000000000003e-05	1.0000000000000003e-05	1.0000000000000003e-05	9.983273809523814e-06	9.912797619047622e-06	9.916726190476192e-06	9.987202380952384e-06	1.0000000000000003e-05	1.0000000000000003e-05	9.998035714285716e-06	9.991964285714288e-06	9.98922619047619e-06	9.994702380952383e-06	9.999404761904766e-06	9.976904761904768e-06	9.904285714285715e-06	9.857202380952385e-06	9.886428571428574e-06	9.944702380952386e-06
6900	9.982310267857148e-06	9.99347098214286e-06	1.0000000000000004e-05	9.98766741071429e-06	9.91545758928572e-06	9.912332589285718e-06	9.984542410714288e-06	1.0000000000000004e-05	9.998493303571433e-06	9.957700892857146e-06	9.914062500000003e-06	9.949609375000004e-06	9.927232142857146e-06	9.905189732142861e-06	9.971093750000003e-06	9.99514508928572e-06	9.864062500000007e-06	9.639955357142861e-06	9.755915178571432e-06
7000	9.970679723502311e-06	9.945967741935489e-06	9.969124423963138e-06	9.999596774193554e-06	1.0000000000000004e-05	1.0000000000000004e-05	9.998675115207378e-06	9.969354838709682e-06	9.940380184331802e-06	9.969124423963138e-06	9.984389400921663e-06	9.965380184331801e-06	9.979781105990788e-06	9.999366359447008e-06	1.0000000000000004e-05	9.992684331797238e-06	9.987096774193554e-06	9.994412442396316e-06	1.0000000000000004e-05
7100	1.0000000000000003e-05	9.993534482758624e-06	9.923830049261087e-06	9.846428571428573e-06	9.875061576354682e-06	9.954310344827588e-06	9.994211822660101e-06	9.998830049261085e-06	1.0000000000000003e-05	1.0000000000000003e-05	1.0000000000000003e-05	1.0000000000000003e-05	1.0000000000000003e-05	1.0000000000000003e-05	1.0000000000000003e-05	1.0000000000000003e-05	1.0000000000000003e-05	1.0000000000000003e-05	1.0000000000000003e-05
7200	1.0000000000000004e-05	1.0000000000000004e-05	1.0000000000000004e-05	1.0000000000000004e-05	9.991474654377887e-06	9.97021889400922e-06	9.917972350230418e-06	9.907200460829495e-06	9.967972350230417e-06	1.0000000000000004e-05	9.997753456221201e-06	9.946140552995394e-06	9.908813364055302e-06	9.960311059907837e-06	9.999884792626732e-06	1.0000000000000004e-05	1.0000000000000004e-05	9.996140552995397e-06	9.978859447004612e-06
7300	1.0000000000000004e-05	1.0000000000000004e-05	1.0000000000000004e-05	1.0000000000000004e-05	1.0000000000000004e-05	9.999051339285718e-06	9.937500000000004e-06	9.90094866071429e-06	9.962500000000003e-06	1.0000000000000004e-05	9.997321428571433e-06	9.941127232142862e-06	9.905859375000006e-06	9.961997767857146e-06	9.999944196428575e-06	1.0000000000000004e-05	1.0000000000000004e-05	9.970703125000005e-06	9.878627232142862e-06
7400	1.0000000000000004e-05	9.996484375000008e-06	9.993750000000007e-06	9.995089285714293e-06	9.993750000000007e-06	9.995926339285718e-06	1.0000000000000004e-05	1.0000000000000004e-05	1.0000000000000004e-05	9.99559151785715e-06	9.993750000000004e-06	9.995089285714293e-06	9.993750000000007e-06	9.996819196428574e-06	1.0000000000000004e-05	1.0000000000000004e-05	1.0000000000000004e-05	1.0000000000000004e-05	1.0000000000000004e-05
7500	9.939508928571433e-06	9.902678571428574e-06	9.912890625000005e-06	9.983203125000002e-06	1.0000000000000004e-05	9.99034598214286e-06	9.921093750000004e-06	9.909654017857147e-06	9.975892857142862e-06	9.939453125000005e-06	9.900613839285717e-06	9.909821428571433e-06	9.905524553571433e-06	9.953850446428574e-06	9.997656250000008e-06	9.993750000000007e-06	9.996093750000005e-06	1.0000000000000004e-05	1.0000000000000004e-05
7600	9.935546875000006e-06	9.905524553571433e-06	9.919029017857147e-06	9.98532366071429e-06	1.0000000000000004e-05	9.984988839285719e-06	9.844587053571434e-06	9.81501116071429e-06	9.951897321428575e-06	9.935044642857147e-06	9.90295758928572e-06	9.92165178571429e-06	9.918526785714292e-06	9.953013392857149e-06	9.985156250000004e-06	9.993415178571431e-06	1.0000000000000004e-05	1.0000000000000004e-05	1.0000000000000004e-05
7700	9.996372767857149e-06	9.999162946428574e-06	1.0000000000000004e-05	1.0000000000000004e-05	1.0000000000000004e-05	9.99274553571429e-06	9.922600446428576e-06	9.906417410714291e-06	9.94514508928572e-06	9.953962053571435e-06	9.985379464285718e-06	9.970703125000007e-06	9.905412946428579e-06	9.929296875000004e-06	9.994587053571432e-06	1.0000000000000004e-05	1.0000000000000004e-05	9.996707589285722e-06	9.98833705357143e-06
7800	1e-05	1e-05	1e-05	1e-05	1e-05	9.995280612244899e-06	9.923469387755104e-06	9.902040816326531e-06	9.911033163265307e-06	9.901084183673467e-06	9.913201530612244e-06	9.901594387755102e-06	9.952295918367347e-06	1e-05	1e-05	1e-05	1e-05	1e-05	1e-05
7900	9.986693548387105e-06	9.904377880184333e-06	9.79994239631337e-06	9.806221198156685e-06	9.887557603686642e-06	9.958870967741939e-06	9.941244239631343e-06	9.922292626728114e-06	9.92978110599079e-06	9.91768433179724e-06	9.913709677419357e-06	9.92281105990784e-06	9.97332949308756e-06	1.0000000000000004e-05	1.0000000000000004e-05	9.997638248847932e-06	9.270391705069126e-06	8.069297235023041e-06	8.715898617511525e-06
8000	9.985656682027656e-06	9.985656682027654e-06	9.967972350230417e-06	9.877937788018436e-06	9.87390552995392e-06	9.96964285714286e-06	9.97862903225807e-06	9.966820276497702e-06	9.977995391705075e-06	9.97286866359447e-06	9.96739631336406e-06	9.943202764976965e-06	9.916301843317977e-06	9.95259216589862e-06	9.995103686635948e-06	1.0000000000000004e-05	9.36981566820277e-06	8.291129032258068e-06	8.886751152073734e-06
8100	1.0000000000000003e-05	1.0000000000000003e-05	9.991011904761912e-06	9.92166666666667e-06	9.89886904761905e-06	9.965000000000004e-06	9.996785714285718e-06	1.0000000000000003e-05	1.0000000000000003e-05	1.0000000000000003e-05	1.0000000000000003e-05	1.0000000000000003e-05	1.0000000000000003e-05	1.0000000000000003e-05	1.0000000000000003e-05	1.0000000000000003e-05	1.0000000000000003e-05	1.0000000000000003e-05	1.0000000000000003e-05
8200	1.0000000000000004e-05	1.0000000000000004e-05	9.990569196428576e-06	9.917187500000005e-06	9.890680803571433e-06	9.964062500000002e-06	1.0000000000000004e-05	1.0000000000000004e-05	1.0000000000000004e-05	1.0000000000000004e-05	1.0000000000000004e-05	1.0000000000000004e-05	1.0000000000000004e-05	9.982087053571434e-06	9.910825892857147e-06	9.917912946428575e-06	9.98917410714286e-06	9.978571428571434e-06	9.928348214285718e-06
8300	9.995758928571434e-06	9.984821428571436e-06	9.988616071428574e-06	9.999553571428575e-06	1.0000000000000004e-05	1.0000000000000004e-05	1.0000000000000004e-05	1.0000000000000004e-05	1.0000000000000004e-05	1.0000000000000004e-05	1.0000000000000004e-05	9.999776785714289e-06	9.996986607142864e-06	9.99709821428572e-06	9.999888392857148e-06	1.0000000000000004e-05	9.992968750000009e-06	9.987500000000007e-06	9.994531250000003e-06
8400	9.999423963133645e-06	9.996774193548392e-06	9.99735023041475e-06	1.0000000000000004e-05	1.0000000000000004e-05	1.0000000000000004e-05	1.0000000000000004e-05	1.0000000000000004e-05	1.0000000000000004e-05	1.0000000000000004e-05	1.0000000000000004e-05	1.0000000000000004e-05	1.0000000000000004e-05	9.997465437788023e-06	9.996774193548392e-06	9.999308755760373e-06	1.0000000000000004e-05	1.0000000000000004e-05	1.0000000000000004e-05
8500	9.999366359447008e-06	9.996774193548392e-06	9.997407834101384e-06	9.997177419354842e-06	9.994297235023044e-06	9.99637096774194e-06	9.999251152073736e-06	1.0000000000000004e-05	1.0000000000000004e-05	9.999251152073736e-06	9.996774193548392e-06	9.997407834101384e-06	9.994124423963137e-06	9.993663594470051e-06	9.999423963133645e-06	1.0000000000000004e-05	1.0000000000000004e-05	1.0000000000000004e-05	1.0000000000000004e-05
8600	1.0000000000000004e-05	1.0000000000000004e-05	1.0000000000000004e-05	1.0000000000000004e-05	1.0000000000000004e-05	1.0000000000000004e-05	1.0000000000000004e-05	1.0000000000000004e-05	1.0000000000000004e-05	9.960541474654381e-06	9.901497695852537e-06	9.878629032258067e-06	9.810138248847931e-06	9.86082949308756e-06	9.967281105990786e-06	9.838824884792633e-06	9.819873271889404e-06	9.900748847926272e-06	9.848617511520736e-06
8700	1.0000000000000003e-05	1.0000000000000003e-05	1.0000000000000003e-05	1.0000000000000003e-05	1.0000000000000003e-05	1.0000000000000003e-05	1.0000000000000003e-05	1.0000000000000003e-05	1.0000000000000003e-05	9.968411330049264e-06	9.921182266009853e-06	9.85695812807882e-06	9.66194581280789e-06	9.750492610837443e-06	9.99137931034483e-06	9.961945812807888e-06	9.953078817733992e-06	9.966564039408874e-06	9.939839901477837e-06
8800	9.972023809523816e-06	9.922976190476193e-06	9.922797619047622e-06	9.963869047619054e-06	9.956666666666672e-06	9.973571428571432e-06	9.999702380952384e-06	9.94083333333334e-06	9.910297619047622e-06	9.969166666666668e-06	1.0000000000000003e-05	1.0000000000000003e-05	1.0000000000000003e-05	1.0000000000000003e-05	9.998333333333337e-06	9.987142857142864e-06	9.983273809523814e-06	9.978392857142862e-06	9.963095238095243e-06
8900	9.986693548387102e-06	9.92321428571429e-06	9.899078341013828e-06	9.895852534562213e-06	9.86463133640553e-06	9.919642857142862e-06	9.988306451612906e-06	9.983870967741943e-06	9.964804147465444e-06	9.980645161290327e-06	9.999711981566823e-06	9.995794930875582e-06	9.960253456221203e-06	9.955817972350234e-06	9.981394009216595e-06	9.888306451612907e-06	9.860656682027653e-06	9.921774193548391e-06	9.890264976958529e-06
9000	9.949497767857148e-06	9.603292410714287e-06	9.521819196428576e-06	9.826283482142861e-06	9.849441964285717e-06	9.888169642857146e-06	9.987388392857146e-06	9.90407366071429e-06	9.841852678571435e-06	9.936551339285718e-06	1.0000000000000004e-05	9.995089285714288e-06	9.940401785714292e-06	9.922488839285719e-06	9.969642857142862e-06	9.755636160714292e-06	9.674274553571432e-06	9.880189732142861e-06	9.91886160714286e-06
9100	9.906309523809527e-06	9.845595238095241e-06	9.821666666666673e-06	9.876250000000002e-06	9.825654761904765e-06	9.867380952380954e-06	9.97869047619048e-06	9.883928571428574e-06	9.807797619047624e-06	9.916071428571433e-06	9.995535714285719e-06	9.995595238095242e-06	9.93529761904762e-06	9.911071428571432e-06	9.97136904761905e-06	1.0000000000000003e-05	1.0000000000000003e-05	1.0000000000000003e-05	1.0000000000000003e-05
9200	9.900703463203467e-06	9.845075757575763e-06	9.816017316017322e-06	9.86682900432901e-06	9.817153679653685e-06	9.86282467532468e-06	9.982034632034635e-06	9.875054112554118e-06	9.80200216450217e-06	9.92494588744589e-06	1.0000000000000004e-05	9.994696969696974e-06	9.92700216450217e-06	9.83993506493507e-06	9.879058441558447e-06	9.971428571428574e-06	9.99588744588745e-06	9.98306277056278e-06	9.97635281385282e-06
9300	9.88098739495799e-06	9.405252100840341e-06	9.350735294117653e-06	9.683665966386558e-06	9.184296218487399e-06	9.366911764705888e-06	9.941544117647067e-06	6.696848739495803e-06	4.908140756302523e-06	8.170798319327738e-06	1.000000000000001e-05	9.994800420168074e-06	9.927888655462191e-06	9.83335084033614e-06	9.833403361344541e-06	9.867226890756307e-06	9.901523109243707e-06	9.905724789915974e-06	9.896271008403368e-06
9400	9.93714285714286e-06	9.848809523809526e-06	9.817559523809527e-06	9.872619047619048e-06	9.829761904761907e-06	9.869345238095241e-06	9.968630952380956e-06	9.940892857142861e-06	9.906428571428574e-06	9.950476190476195e-06	9.981845238095242e-06	9.991964285714288e-06	9.998035714285716e-06	9.934047619047625e-06	9.831845238095242e-06	9.691785714285715e-06	9.766250000000003e-06	9.901845238095238e-06	9.88690476190476e-06
9500	9.813727678571434e-06	9.81707589285715e-06	9.810714285714288e-06	9.862053571428579e-06	9.816406250000005e-06	9.865345982142863e-06	9.978627232142862e-06	9.930636160714291e-06	9.905022321428576e-06	9.969363839285718e-06	9.998772321428573e-06	9.990625000000006e-06	9.990234375000003e-06	9.942299107142863e-06	9.868080357142857e-06	9.861607142857146e-06	9.91110491071429e-06	9.906975446428576e-06	9.89146205357143e-06
9600	9.192965367965374e-06	6.457683982683984e-06	6.164177489177492e-06	9.068885281385286e-06	9.434361471861474e-06	9.255140692640694e-06	9.70119047619048e-06	9.934686147186154e-06	9.910660173160179e-06	9.968344155844158e-06	1.0000000000000004e-05	1.0000000000000004e-05	9.996969696969701e-06	9.935822510822515e-06	9.83365800865801e-06	9.45416666666667e-06	9.446861471861475e-06	9.702380952380956e-06	9.620075757575761e-06
9700	9.96595982142858e-06	9.985602678571435e-06	9.968694196428579e-06	9.883482142857147e-06	9.865680803571432e-06	9.947321428571434e-06	9.990011160714294e-06	9.97204241071429e-06	9.952845982142861e-06	9.91612723214286e-06	9.913392857142862e-06	9.974330357142859e-06	9.994587053571432e-06	9.946261160714292e-06	9.576450892857142e-06	6.957198660714286e-06	6.920145089285718e-06	9.523270089285718e-06	9.832310267857149e-06
9800	1.0000000000000004e-05	1.0000000000000004e-05	1.0000000000000004e-05	1.0000000000000004e-05	1.0000000000000004e-05	1.0000000000000004e-05	1.0000000000000004e-05	1.0000000000000004e-05	1.0000000000000004e-05	1.0000000000000004e-05	1.0000000000000004e-05	1.0000000000000004e-05	1.0000000000000004e-05	1.0000000000000004e-05	9.84135044642858e-06	7.394196428571431e-06	6.720256696428573e-06	7.91529017857143e-06	5.561495535714284e-06
9900	9.997377232142861e-06	9.941015625000006e-06	9.902622767857148e-06	9.958984375000002e-06	1.0000000000000004e-05	1.0000000000000004e-05	1.0000000000000004e-05	1.0000000000000004e-05	9.999107142857146e-06	9.988337053571436e-06	9.985267857142862e-06	9.996037946428576e-06	1.0000000000000004e-05	9.997377232142863e-06	9.940234375000005e-06	9.902622767857148e-06	9.959765625000003e-06	1.0000000000000004e-05	1.0000000000000004e-05
10000	9.99766009852217e-06	9.942302955665028e-06	9.838177339901478e-06	9.864593596059117e-06	9.971059113300495e-06	1.0000000000000003e-05	1.0000000000000003e-05	1.0000000000000003e-05	1.0000000000000003e-05	1.0000000000000003e-05	9.967795566502465e-06	9.902032019704436e-06	9.93158866995074e-06	9.992733990147789e-06	9.935899014778328e-06	9.8512315270936e-06	9.862007389162563e-06	9.95055418719212e-06	9.999261083743845e-06
