	site
generation	50	100	150	200	250	300	350	400	450	500	550	600	650	700	750	800	850	900	950
0	1.0000000000000003e-05	1.0000000000000003e-05	1.0000000000000003e-05	1.0000000000000003e-05	1.0000000000000003e-05	1.0000000000000003e-05	1.0000000000000003e-05	1.0000000000000003e-05	1.0000000000000003e-05	1.0000000000000003e-05	1.0000000000000003e-05	1.0000000000000003e-05	1.0000000000000003e-05	1.0000000000000003e-05	1.0000000000000003e-05	1.0000000000000003e-05	1.0000000000000003e-05	1.0000000000000003e-05	1.0000000000000003e-05
100	1.0000000000000003e-05	1.0000000000000003e-05	9.99494047619048e-06	9.969702380952386e-06	9.948869047619053e-06	9.970297619047621e-06	9.976607142857144e-06	9.95095238095238e-06	9.966250000000001e-06	9.99571428571429e-06	1.0000000000000003e-05	1.0000000000000003e-05	1.0000000000000003e-05	9.993690476190483e-06	9.977797619047622e-06	9.982976190476194e-06	9.99886904761905e-06	1.0000000000000003e-05	1.0000000000000003e-05
200	9.86378348214286e-06	9.952790178571432e-06	9.950948660714293e-06	9.900502232142862e-06	9.948883928571433e-06	9.999609375000005e-06	9.967857142857149e-06	9.903794642857146e-06	9.875669642857146e-06	9.896205357142862e-06	9.956473214285715e-06	1.0000000000000004e-05	9.979687500000005e-06	9.875892857142863e-06	9.822656250000002e-06	9.924107142857146e-06	9.997656250000005e-06	1.0000000000000004e-05	1.0000000000000004e-05
300	9.851612903225811e-06	9.940610599078345e-06	9.955760368663597e-06	9.90103686635945e-06	9.944009216589865e-06	9.999020737327193e-06	9.958813364055305e-06	9.897695852534565e-06	9.882200460829495e-06	9.895910138248852e-06	9.952534562211986e-06	9.999942396313369e-06	9.989112903225814e-06	9.893721198156684e-06	9.831509216589864e-06	9.922407834101386e-06	9.995506912442401e-06	1.0000000000000004e-05	1.0000000000000004e-05
400	9.973271889400924e-06	9.9903801843318e-06	9.966935483870976e-06	9.92235023041475e-06	9.952246543778805e-06	9.997004608294933e-06	9.968145161290328e-06	9.89055299539171e-06	9.852361751152078e-06	9.912730414746546e-06	9.982718894009218e-06	9.996255760368668e-06	9.987442396313369e-06	9.946543778801846e-06	9.913018433179724e-06	9.95714285714286e-06	9.999539170506917e-06	9.980529953917056e-06	9.931566820276501e-06
500	1.0000000000000004e-05	9.998271889400925e-06	9.953398617511526e-06	9.903859447004612e-06	9.946601382488481e-06	9.997868663594475e-06	9.955587557603691e-06	9.875576036866362e-06	9.855241935483874e-06	9.924423963133643e-06	9.989170506912446e-06	1.0000000000000004e-05	9.997983870967747e-06	9.937788018433184e-06	9.900172811059911e-06	9.958986175115211e-06	9.998329493087562e-06	9.929205069124428e-06	9.773963133640556e-06
600	1.0000000000000004e-05	9.98997695852535e-06	9.941877880184334e-06	9.911751152073737e-06	9.95812211981567e-06	9.998271889400925e-06	9.960829493087566e-06	9.900460829493092e-06	9.876555299539173e-06	9.899539170506916e-06	9.962615207373274e-06	1.0000000000000004e-05	9.99861751152074e-06	9.91146313364056e-06	9.80627880184332e-06	9.88853686635945e-06	9.986405529953922e-06	9.96624423963134e-06	9.940380184331799e-06
700	1.0000000000000003e-05	1.0000000000000003e-05	9.958189655172418e-06	9.901108374384239e-06	9.941810344827586e-06	9.998891625615767e-06	9.968288177339903e-06	9.895258620689657e-06	9.853879310344827e-06	9.904741379310345e-06	9.977832512315273e-06	1.0000000000000003e-05	9.992857142857148e-06	9.964408866995074e-06	9.953509852216752e-06	9.980418719211826e-06	9.998460591133008e-06	1.0000000000000003e-05	1.0000000000000003e-05
800	1.0000000000000003e-05	1.0000000000000003e-05	1.0000000000000003e-05	1.0000000000000003e-05	1.0000000000000003e-05	1.0000000000000003e-05	9.953940886699511e-06	9.88165024630542e-06	9.862684729064042e-06	9.918349753694584e-06	9.983374384236455e-06	1.0000000000000003e-05	9.967610837438427e-06	9.237315270935961e-06	9.010529556650246e-06	9.732758620689656e-06	9.990825123152713e-06	9.998891625615767e-06	1.0000000000000003e-05
900	1.0000000000000003e-05	9.999876847290642e-06	9.95381773399015e-06	9.897229064039413e-06	9.942733990147784e-06	9.999445812807884e-06	9.959790640394093e-06	9.883066502463055e-06	9.854125615763548e-06	9.916933497536947e-06	9.986083743842367e-06	1.0000000000000003e-05	9.961268472906406e-06	9.66323891625616e-06	9.560899014778327e-06	9.854002463054189e-06	9.99507389162562e-06	1.0000000000000003e-05	1.0000000000000003e-05
1000	9.984375000000006e-06	9.975781250000006e-06	9.988616071428574e-06	9.999051339285718e-06	9.992410714285722e-06	9.991573660714288e-06	9.984486607142862e-06	9.94508928571429e-06	9.888225446428574e-06	9.917410714285718e-06	9.988002232142861e-06	1.0000000000000004e-05	9.961495535714291e-06	9.117410714285716e-06	8.740290178571431e-06	9.582589285714288e-06	9.99821428571429e-06	1.0000000000000004e-05	1.0000000000000004e-05
1100	1.0000000000000004e-05	9.990178571428578e-06	8.978459821428576e-06	7.88018973214286e-06	8.805747767857145e-06	9.898381696428575e-06	9.984542410714288e-06	9.972991071428577e-06	9.91032366071429e-06	9.927008928571432e-06	9.98967633928572e-06	1.0000000000000004e-05	1.0000000000000004e-05	9.955078125000005e-06	9.90295758928572e-06	9.944921875000004e-06	9.99704241071429e-06	1.0000000000000004e-05	1.0000000000000004e-05
1200	9.944534632034634e-06	9.89226190476191e-06	8.916287878787883e-06	7.615638528138532e-06	8.558603896103898e-06	9.90497835497836e-06	9.984307359307366e-06	9.980681818181827e-06	9.913961038961044e-06	9.916287878787883e-06	9.9840367965368e-06	1.0000000000000004e-05	9.89967532467533e-06	7.211904761904765e-06	4.40232683982684e-06	7.060822510822514e-06	9.970725108225111e-06	1.0000000000000004e-05	1.0000000000000004e-05
1300	9.945400432900438e-06	9.89123376623377e-06	9.22305194805195e-06	8.266396103896106e-06	8.892045454545458e-06	9.89799783549784e-06	9.984307359307362e-06	9.972510822510827e-06	9.909956709956712e-06	9.923538961038962e-06	9.983982683982688e-06	9.997889610389614e-06	9.936904761904766e-06	6.727272727272731e-06	4.378896103896104e-06	7.563636363636366e-06	9.975108225108229e-06	1.0000000000000004e-05	1.0000000000000004e-05
1400	9.948381696428574e-06	9.886718750000004e-06	9.280970982142862e-06	8.384542410714286e-06	8.948493303571431e-06	9.901339285714289e-06	9.986383928571432e-06	9.98180803571429e-06	9.91741071428572e-06	9.918191964285719e-06	9.98258928571429e-06	1.0000000000000004e-05	9.950502232142862e-06	7.5250000000000025e-06	4.385212053571429e-06	6.740625000000004e-06	9.929910714285717e-06	1.0000000000000004e-05	1.0000000000000004e-05
1500	9.937845622119818e-06	9.892626728110604e-06	8.90927419354839e-06	7.48127880184332e-06	8.434447004608297e-06	9.904550691244242e-06	9.985311059907836e-06	9.975691244239635e-06	9.90547235023042e-06	9.914631336405531e-06	9.984907834101386e-06	1.0000000000000004e-05	9.937730414746547e-06	7.403225806451614e-06	4.374884792626727e-06	6.867741935483874e-06	9.958352534562215e-06	1.0000000000000004e-05	1.0000000000000004e-05
1600	9.942466517857144e-06	9.891406250000004e-06	9.109095982142861e-06	8.05128348214286e-06	8.797154017857145e-06	9.89899553571429e-06	9.915178571428576e-06	9.886272321428574e-06	9.885491071428578e-06	9.916852678571433e-06	9.984263392857148e-06	1.0000000000000004e-05	9.92377232142858e-06	7.340625000000001e-06	4.3891741071428585e-06	6.9343750000000025e-06	9.962053571428576e-06	1.0000000000000004e-05	1.0000000000000004e-05
1700	9.805580357142858e-06	9.840457589285716e-06	8.869196428571433e-06	7.549553571428572e-06	8.540457589285715e-06	9.900669642857146e-06	9.911272321428576e-06	9.885379464285719e-06	9.887500000000005e-06	9.919252232142861e-06	9.98643973214286e-06	1.0000000000000004e-05	9.918917410714293e-06	7.1062500000000025e-06	4.3871093750000005e-06	7.175000000000003e-06	9.975223214285719e-06	1.0000000000000004e-05	1.0000000000000004e-05
1800	9.897023809523813e-06	9.954583333333335e-06	9.92291666666667e-06	9.901369047619049e-06	9.883511904761908e-06	9.828511904761904e-06	9.893571428571431e-06	9.971428571428574e-06	9.920416666666671e-06	9.912559523809525e-06	9.979583333333335e-06	1.0000000000000003e-05	9.92184523809524e-06	7.749880952380951e-06	4.3962500000000005e-06	6.5234523809523835e-06	9.950654761904766e-06	9.93464285714286e-06	9.84994047619048e-06
1900	9.908467741935488e-06	9.962327188940096e-06	9.924078341013828e-06	9.896198156682028e-06	9.884043778801848e-06	9.87407834101383e-06	9.943490783410143e-06	9.972465437788019e-06	9.916186635944705e-06	9.91837557603687e-06	9.983813364055303e-06	1.0000000000000004e-05	9.888652073732722e-06	6.935368663594472e-06	4.431509216589862e-06	7.357200460829496e-06	9.940437788018439e-06	9.913248847926274e-06	9.87609447004609e-06
2000	9.902399553571434e-06	9.959375000000005e-06	9.923828125000004e-06	9.897935267857146e-06	9.883537946428576e-06	9.831752232142857e-06	9.892633928571433e-06	9.959654017857148e-06	9.913392857142862e-06	9.920647321428576e-06	9.986607142857147e-06	1.0000000000000004e-05	9.94631696428572e-06	7.456250000000002e-06	4.7192522321428566e-06	7.1750000000000025e-06	9.965680803571433e-06	1.0000000000000004e-05	1.0000000000000004e-05
2100	9.897753456221202e-06	9.836981566820281e-06	9.62546082949309e-06	9.723732718894014e-06	9.894009216589864e-06	9.832373271889406e-06	9.888421658986179e-06	9.975921658986178e-06	1.0000000000000004e-05	1.0000000000000004e-05	1.0000000000000004e-05	1.0000000000000004e-05	9.850806451612906e-06	6.2352534562212e-06	4.4374999999999994e-06	8.045391705069127e-06	9.992338709677424e-06	9.99648617511521e-06	9.98784562211982e-06
2200	9.916935483870972e-06	9.25190092165899e-06	7.499827188940094e-06	8.186693548387097e-06	9.873905529953925e-06	9.355472350230418e-06	9.27390552995392e-06	9.82517281105991e-06	9.999942396313369e-06	1.0000000000000004e-05	1.0000000000000004e-05	1.0000000000000004e-05	9.882546082949311e-06	6.761290322580646e-06	4.407891705069124e-06	7.506451612903228e-06	9.977131336405531e-06	9.968433179723508e-06	9.908122119815673e-06
2300	1.0000000000000004e-05	9.993433179723505e-06	9.929205069124428e-06	9.904493087557605e-06	9.961981566820281e-06	9.950806451612907e-06	9.90120967741936e-06	9.902188940092168e-06	9.906912442396317e-06	9.945506912442398e-06	9.980645161290327e-06	9.961808755760372e-06	9.937557603686636e-06	7.3191820276497694e-06	4.72327188940092e-06	7.338709677419357e-06	9.974942396313367e-06	9.942050691244245e-06	9.844527649769585e-06
2400	9.955790043290048e-06	9.931655844155848e-06	9.853354978354983e-06	9.884199134199136e-06	9.945508658008665e-06	9.884145021645026e-06	9.796645021645026e-06	9.823051948051952e-06	9.879924242424244e-06	9.932413419913423e-06	9.981926406926413e-06	9.962500000000003e-06	9.92851731601732e-06	8.073863636363644e-06	6.610714285714286e-06	8.469696969696972e-06	9.975811688311692e-06	9.934902597402604e-06	9.838365800865802e-06
2500	9.887083333333334e-06	9.872976190476191e-06	9.847559523809527e-06	9.89857142857143e-06	9.972559523809526e-06	9.993154761904766e-06	9.926130952380954e-06	9.905000000000003e-06	9.97386904761905e-06	1.0000000000000003e-05	9.968750000000003e-06	9.891250000000001e-06	9.85059523809524e-06	9.908750000000002e-06	9.980654761904764e-06	9.959523809523814e-06	9.903154761904765e-06	9.881309523809526e-06	9.82755952380953e-06
2600	9.877419354838712e-06	9.867511520737328e-06	9.839804147465439e-06	9.90023041474655e-06	9.981394009216592e-06	9.99481566820277e-06	9.926612903225813e-06	9.90518433179724e-06	9.973387096774196e-06	9.9858870967742e-06	9.437960829493091e-06	9.099827188940094e-06	9.574366359447006e-06	9.907834101382493e-06	9.981221198156684e-06	9.983410138248852e-06	9.961175115207377e-06	9.95345622119816e-06	9.941129032258067e-06
2700	9.994700460829496e-06	9.994239631336409e-06	9.991705069124426e-06	9.988940092165905e-06	9.993894009216592e-06	9.999539170506917e-06	9.993894009216594e-06	9.994009216589866e-06	9.99965437788019e-06	9.991301843317974e-06	9.339400921658988e-06	8.576152073732718e-06	9.153398617511524e-06	9.906739631336408e-06	9.981394009216592e-06	9.951958525345627e-06	9.895334101382493e-06	9.890149769585258e-06	9.843087557603692e-06
2800	1.0000000000000004e-05	1.0000000000000004e-05	9.993317972350235e-06	9.934619815668208e-06	9.913133640553e-06	9.971831797235026e-06	1.0000000000000004e-05	1.0000000000000004e-05	1.0000000000000004e-05	9.991589861751155e-06	9.888709677419359e-06	9.802476958525349e-06	9.839343317972352e-06	9.905933179723506e-06	9.971947004608298e-06	9.970622119815674e-06	9.90362903225807e-06	9.862730414746544e-06	9.823156682027654e-06
2900	9.9147465437788e-06	9.888652073732722e-06	9.839228110599081e-06	9.819239631336408e-06	9.879032258064519e-06	9.970103686635947e-06	9.931797235023046e-06	9.903974654377884e-06	9.968202764976964e-06	9.994412442396318e-06	9.92079493087558e-06	9.846601382488482e-06	9.862442396313367e-06	9.926728110599082e-06	9.984504608294934e-06	9.97580645161291e-06	9.926152073732722e-06	9.9020737327189e-06	9.856682027649774e-06
3000	9.919706632653061e-06	9.907589285714286e-06	9.88686224489796e-06	9.877742346938776e-06	9.926849489795921e-06	9.81262755102041e-06	9.375255102040814e-06	9.51511479591837e-06	9.962946428571429e-06	9.988520408163265e-06	9.893112244897963e-06	9.802806122448982e-06	9.820663265306126e-06	9.908673469387755e-06	9.976084183673467e-06	9.95637755102041e-06	9.916007653061227e-06	9.886543367346943e-06	9.835012755102043e-06
3100	9.999251152073736e-06	9.993605990783416e-06	9.994297235023046e-06	9.999942396313369e-06	9.994412442396318e-06	9.826152073732725e-06	9.400460829493089e-06	9.531912442396317e-06	9.963191244239635e-06	9.994124423963138e-06	9.901267281105996e-06	9.795967741935487e-06	9.816647465437791e-06	9.909907834101386e-06	9.982085253456225e-06	9.957258064516133e-06	9.863536866359447e-06	9.786635944700464e-06	9.744988479262676e-06
3200	9.926283482142862e-06	9.865848214285716e-06	9.926506696428575e-06	9.998102678571432e-06	9.994810267857146e-06	9.79319196428572e-06	9.244587053571433e-06	9.40993303571429e-06	9.963727678571433e-06	9.992745535714292e-06	8.162779017857147e-06	6.049441964285715e-06	7.807087053571432e-06	9.914062500000003e-06	9.986383928571432e-06	9.964676339285719e-06	9.843973214285716e-06	8.11021205357143e-06	5.641629464285715e-06
3300	9.980184331797242e-06	9.903744239631342e-06	9.831163594470047e-06	9.809389400921663e-06	9.878974654377884e-06	9.945449308755765e-06	9.83911290322581e-06	9.831739631336412e-06	9.960887096774198e-06	1.0000000000000004e-05	1.0000000000000004e-05	1.0000000000000004e-05	1.0000000000000004e-05	1.0000000000000004e-05	1.0000000000000004e-05	1.0000000000000004e-05	1.0000000000000004e-05	1.0000000000000004e-05	1.0000000000000004e-05
3400	9.886002304147467e-06	9.856336405529957e-06	9.762211981566826e-06	9.811232718894016e-06	9.955241935483875e-06	9.786405529953921e-06	7.5356566820276504e-06	7.25230414746544e-06	9.506682027649773e-06	9.960887096774201e-06	9.725115207373275e-06	9.569066820276501e-06	9.800691244239634e-06	9.995852534562216e-06	9.981682027649775e-06	9.9153801843318e-06	9.918317972350233e-06	9.984619815668206e-06	1.0000000000000004e-05
3500	9.903509852216752e-06	9.874076354679805e-06	9.772906403940889e-06	9.80387931034483e-06	9.939778325123154e-06	9.584729064039412e-06	6.624137931034483e-06	6.549753694581283e-06	9.516687192118229e-06	9.95714285714286e-06	9.805849753694585e-06	9.74131773399015e-06	9.887253694581283e-06	9.99464285714286e-06	9.975492610837443e-06	9.908004926108377e-06	9.924507389162563e-06	9.991995073891629e-06	1.0000000000000003e-05
3600	9.840234375000003e-06	9.92561383928572e-06	9.982421875000007e-06	9.982589285714293e-06	9.98420758928572e-06	9.96149553571429e-06	9.885100446428576e-06	9.836160714285716e-06	9.906919642857146e-06	9.949497767857148e-06	9.813616071428577e-06	9.742075892857148e-06	9.886383928571431e-06	9.993526785714289e-06	9.994866071428576e-06	9.988002232142863e-06	9.992633928571434e-06	9.999497767857145e-06	1.0000000000000004e-05
3700	9.87198660714286e-06	9.939899553571435e-06	9.980301339285723e-06	9.985937500000006e-06	9.99280133928572e-06	9.963895089285717e-06	9.732477678571434e-06	9.662946428571434e-06	9.87952008928572e-06	9.913448660714288e-06	9.636997767857145e-06	9.601674107142862e-06	9.888616071428575e-06	9.974944196428576e-06	9.97979910714286e-06	9.98733258928572e-06	9.988337053571434e-06	9.998883928571432e-06	1.0000000000000004e-05
3800	9.856168831168836e-06	9.945129870129874e-06	9.999567099567103e-06	9.958279220779226e-06	9.895670995671002e-06	9.844101731601737e-06	9.797943722943726e-06	9.813203463203465e-06	9.90649350649351e-06	9.942748917748925e-06	9.81011904761905e-06	9.74356060606061e-06	9.886850649350653e-06	9.995075757575762e-06	1.0000000000000004e-05	1.0000000000000004e-05	1.0000000000000004e-05	1.0000000000000004e-05	1.0000000000000004e-05
3900	9.866127232142861e-06	9.942578125000003e-06	9.998214285714286e-06	9.957812500000006e-06	9.898995535714288e-06	9.773995535714293e-06	9.439341517857145e-06	9.470089285714285e-06	9.79983258928572e-06	9.894308035714292e-06	9.810825892857144e-06	9.745145089285718e-06	9.888616071428575e-06	9.996149553571432e-06	1.0000000000000004e-05	1.0000000000000004e-05	1.0000000000000004e-05	9.99665178571429e-06	9.988281250000004e-06
4000	9.864610389610393e-06	9.940963203463207e-06	9.99761904761905e-06	9.95113636363637e-06	9.897564935064939e-06	9.855735930735935e-06	9.796699134199138e-06	9.758603896103902e-06	9.806818181818185e-06	9.889989177489181e-06	9.806222943722947e-06	9.747456709956713e-06	9.879274891774899e-06	9.910173160173163e-06	9.91369047619048e-06	9.986904761904766e-06	9.996969696969701e-06	9.993939393939399e-06	9.996969696969701e-06
4100	9.249523809523814e-06	9.844761904761908e-06	1.0000000000000003e-05	9.973095238095243e-06	9.933273809523809e-06	9.79934523809524e-06	9.642142857142857e-06	9.666845238095242e-06	9.814583333333338e-06	9.905833333333336e-06	9.800833333333336e-06	9.74904761904762e-06	9.88089285714286e-06	9.90809523809524e-06	9.918273809523812e-06	9.9877380952381e-06	1.0000000000000003e-05	1.0000000000000003e-05	1.0000000000000003e-05
4200	1.0000000000000003e-05	1.0000000000000003e-05	9.969821428571434e-06	9.912857142857147e-06	9.940178571428574e-06	9.979523809523812e-06	9.447440476190483e-06	6.382380952380956e-06	6.282559523809526e-06	9.317202380952382e-06	9.646071428571432e-06	9.15761904761905e-06	9.398809523809527e-06	9.866666666666667e-06	9.925119047619052e-06	9.993750000000002e-06	1.0000000000000003e-05	1.0000000000000003e-05	1.0000000000000003e-05
4300	9.995424107142866e-06	9.99821428571429e-06	9.971037946428578e-06	9.90518973214286e-06	9.928962053571433e-06	9.966462053571434e-06	9.722600446428573e-06	7.848716517857144e-06	7.555524553571431e-06	9.419531250000002e-06	9.386495535714292e-06	8.173381696428573e-06	8.708370535714286e-06	9.886997767857146e-06	9.914508928571434e-06	9.984988839285719e-06	9.960770089285722e-06	9.904743303571434e-06	9.919419642857145e-06
4400	1.0000000000000004e-05	1.0000000000000004e-05	9.965680803571435e-06	9.90256696428572e-06	9.934319196428575e-06	9.976116071428579e-06	9.720535714285719e-06	6.86166294642857e-06	6.3987723214285744e-06	9.22862723214286e-06	9.484486607142858e-06	8.67159598214286e-06	9.023158482142862e-06	9.818415178571432e-06	9.925446428571433e-06	9.991015625000007e-06	9.97650669642858e-06	9.92159598214286e-06	9.90083705357143e-06
4500	1.0000000000000003e-05	1.0000000000000003e-05	9.969880952380957e-06	9.903809523809524e-06	9.930119047619049e-06	9.976785714285716e-06	9.77809523809524e-06	7.272023809523812e-06	6.995238095238099e-06	9.47339285714286e-06	9.805654761904766e-06	9.744702380952388e-06	9.803154761904764e-06	9.81029761904762e-06	9.89119047619048e-06	9.99232142857143e-06	9.99964285714286e-06	9.94214285714286e-06	9.85321428571429e-06
4600	1.0000000000000003e-05	1.0000000000000003e-05	9.978078817733995e-06	9.903571428571431e-06	9.921921182266011e-06	9.983682266009857e-06	9.738731527093597e-06	7.216748768472906e-06	6.754371921182268e-06	8.851539408866996e-06	8.268719211822662e-06	8.56594827586207e-06	9.776169950738918e-06	9.812684729064044e-06	9.889593596059115e-06	9.988731527093598e-06	9.993103448275864e-06	9.99778325123153e-06	1.0000000000000003e-05
4700	8.727995391705069e-06	8.687269585253455e-06	8.023156682027649e-06	8.339112903225807e-06	9.613133640553e-06	9e-06	5.378801843317974e-06	4.553513824884793e-06	8.134043778801844e-06	9.467453917050698e-06	7.83410138248848e-06	8.109907834101384e-06	9.292684331797237e-06	8.355126728110599e-06	8.914631336405531e-06	9.966589861751156e-06	9.98824884792627e-06	9.998099078341017e-06	1.0000000000000004e-05
4800	9.910656682027652e-06	9.692223502304151e-06	8.745679723502307e-06	8.868145161290327e-06	9.813767281105994e-06	8.56140552995392e-06	3.841762672811059e-06	3.8688364055299546e-06	8.634101382488483e-06	9.694873271889406e-06	8.04049539170507e-06	8.182085253456222e-06	8.809677419354842e-06	7.156624423963135e-06	8.175633640552998e-06	9.977592165898622e-06	9.993778801843322e-06	9.99521889400922e-06	9.99976958525346e-06
4900	9.864516129032261e-06	9.636347926267284e-06	8.37430875576037e-06	8.554493087557606e-06	9.846025345622121e-06	8.525518433179725e-06	4.028744239631337e-06	3.56635944700461e-06	8.091532258064518e-06	9.661232718894014e-06	7.294585253456224e-06	6.599481566820276e-06	8.232776497695853e-06	8.16347926267281e-06	8.882776497695857e-06	9.928341013824889e-06	9.901152073732724e-06	9.943375576036869e-06	9.998847926267286e-06
5000	9.758928571428574e-06	9.652845982142861e-06	8.446484375000003e-06	8.54614955357143e-06	9.809430803571434e-06	8.762276785714288e-06	4.190792410714286e-06	3.724888392857143e-06	8.335379464285717e-06	9.625167410714291e-06	7.620591517857148e-06	7.440904017857143e-06	8.465904017857144e-06	7.5170200892857175e-06	8.488504464285717e-06	9.941127232142863e-06	9.86534598214286e-06	9.810379464285719e-06	9.818973214285719e-06
5100	9.868136160714291e-06	9.565401785714288e-06	7.79190848214286e-06	8.03136160714286e-06	9.831250000000005e-06	9.046093750000003e-06	4.941629464285715e-06	4.319810267857143e-06	8.441350446428576e-06	9.731584821428578e-06	8.427455357142866e-06	8.510770089285717e-06	9.030022321428577e-06	8.003571428571434e-06	8.789397321428576e-06	9.934598214285718e-06	9.87472098214286e-06	9.840904017857145e-06	9.84313616071429e-06
5200	9.885778061224494e-06	9.769834183673471e-06	9.023979591836738e-06	9.038839285714287e-06	9.794132653061227e-06	8.46855867346939e-06	3.728188775510205e-06	3.7646683673469395e-06	8.55529336734694e-06	8.52251275510204e-06	6.017155612244897e-06	7.058992346938776e-06	6.329272959183672e-06	4.337946428571429e-06	7.447385204081634e-06	9.816198979591835e-06	9.856122448979594e-06	9.819005102040821e-06	9.83807397959184e-06
5300	9.88467741935484e-06	9.712672811059911e-06	8.733352534562214e-06	8.826209677419355e-06	9.817857142857143e-06	8.919988479262675e-06	4.359562211981567e-06	3.861923963133641e-06	8.45938940092166e-06	9.704089861751157e-06	7.96981566820277e-06	7.729608294930879e-06	6.223847926267283e-06	3.3989055299539165e-06	6.515552995391708e-06	9.812615207373274e-06	9.857027649769587e-06	9.830587557603688e-06	9.871831797235026e-06
5400	9.897857142857148e-06	9.699345238095244e-06	8.421547619047623e-06	8.57714285714286e-06	9.857738095238097e-06	8.705000000000002e-06	4.352976190476191e-06	3.861309523809524e-06	8.244107142857145e-06	9.178809523809527e-06	6.810595238095239e-06	6.898452380952382e-06	5.102738095238096e-06	2.9523214285714287e-06	7.004523809523809e-06	9.807142857142858e-06	9.670238095238098e-06	9.599107142857145e-06	9.773452380952385e-06
5500	9.796190476190483e-06	9.676845238095242e-06	8.88761904761905e-06	9.033273809523813e-06	9.862261904761906e-06	9.224464285714285e-06	5.588749999999999e-06	5.023035714285715e-06	8.693690476190478e-06	9.699226190476197e-06	7.907380952380954e-06	7.373750000000004e-06	5.632619047619049e-06	2.769702380952381e-06	6.103690476190476e-06	9.736130952380956e-06	9.847321428571431e-06	9.802440476190477e-06	9.813988095238098e-06
5600	8.912987012987016e-06	8.840259740259742e-06	9.601569264069269e-06	9.899134199134205e-06	9.892424242424246e-06	9.942261904761908e-06	9.998484848484852e-06	9.948214285714292e-06	9.901136363636366e-06	9.30308441558442e-06	5.561525974025976e-06	4.702597402597402e-06	5.137554112554113e-06	3.515800865800866e-06	6.7696969696969735e-06	9.838690476190482e-06	9.374891774891777e-06	9.252164502164507e-06	9.718560606060611e-06
5700	9.131163594470047e-06	8.866705069124426e-06	9.56889400921659e-06	9.89907834101383e-06	9.894182027649773e-06	9.942684331797236e-06	9.99222350230415e-06	9.937211981566821e-06	9.901152073732722e-06	9.332315668202769e-06	5.452361751152077e-06	4.1594470046082935e-06	4.763479262672811e-06	3.7687788018433186e-06	7.016129032258068e-06	9.895334101382493e-06	9.870161290322583e-06	9.609562211981567e-06	8.761463133640552e-06
5800	9.834702380952385e-06	9.789523809523814e-06	9.932559523809527e-06	9.94327380952381e-06	9.897857142857146e-06	9.95291666666667e-06	9.955178571428574e-06	9.854940476190478e-06	9.845595238095241e-06	8.871607142857145e-06	4.36375e-06	3.4526785714285714e-06	4.291904761904763e-06	3.4560119047619057e-06	7.1033333333333345e-06	9.88601190476191e-06	9.865059523809524e-06	9.630476190476192e-06	8.756428571428575e-06
5900	1.0000000000000004e-05	1.0000000000000004e-05	1.0000000000000004e-05	9.957488479262676e-06	9.901843317972353e-06	9.94251152073733e-06	9.957546082949313e-06	9.853859447004611e-06	9.824539170506916e-06	7.849423963133642e-06	2.956970046082949e-06	2.8835829493087563e-06	4.184907834101382e-06	2.7067396313364056e-06	6.0354838709677455e-06	9.630241935483875e-06	9.86549539170507e-06	9.446313364055305e-06	7.829665898617518e-06
6000	9.988058035714289e-06	9.996428571428573e-06	9.999218750000005e-06	9.94866071428572e-06	9.901506696428576e-06	9.951339285714288e-06	9.942410714285719e-06	9.849330357142863e-06	9.830078125000004e-06	7.810044642857143e-06	2.9554687500000003e-06	1.6011718749999997e-06	2.4713169642857145e-06	1.4731584821428573e-06	5.012500000000003e-06	9.426897321428574e-06	9.85753348214286e-06	9.721763392857147e-06	9.357533482142861e-06
6100	1.0000000000000004e-05	9.999107142857146e-06	9.994977678571437e-06	9.960267857142863e-06	9.915457589285718e-06	9.950000000000003e-06	9.96194196428572e-06	9.846093750000002e-06	9.760825892857147e-06	7.405468750000001e-06	2.5970424107142857e-06	1.4366071428571423e-06	3.0353794642857146e-06	2.3846540178571425e-06	5.318750000000003e-06	9.557589285714289e-06	9.857589285714288e-06	9.616294642857148e-06	8.946819196428574e-06
6200	9.966071428571432e-06	9.986495535714288e-06	9.932812500000002e-06	9.848325892857145e-06	9.866685267857146e-06	9.945479910714291e-06	9.968303571428578e-06	9.946986607142862e-06	9.888671875000003e-06	7.854520089285716e-06	3.0155133928571428e-06	1.8034040178571432e-06	2.8061383928571428e-06	1.8309151785714282e-06	5.290625000000003e-06	9.498772321428574e-06	9.903962053571434e-06	9.94503348214286e-06	9.996037946428576e-06
6300	9.948883928571433e-06	9.98571428571429e-06	9.940904017857148e-06	9.81489955357143e-06	9.757142857142863e-06	9.884207589285717e-06	9.998828125000003e-06	9.986774553571437e-06	9.908370535714288e-06	7.6102120535714304e-06	2.709821428571429e-06	1.4255580357142854e-06	2.894308035714286e-06	2.6790736607142864e-06	5.878125000000002e-06	9.666741071428575e-06	9.936941964285718e-06	9.937723214285718e-06	9.947823660714289e-06
6400	9.96916666666667e-06	9.987142857142861e-06	9.92714285714286e-06	9.823214285714285e-06	9.788273809523813e-06	9.889285714285716e-06	9.991250000000002e-06	9.975119047619053e-06	9.869047619047623e-06	7.835000000000002e-06	2.9442857142857156e-06	7.991666666666667e-07	1.753333333333333e-06	1.704702380952381e-06	5.176666666666669e-06	9.42934523809524e-06	9.999880952380955e-06	9.948750000000004e-06	9.850654761904762e-06
6500	9.818719211822662e-06	9.929433497536949e-06	9.92001231527094e-06	7.957327586206896e-06	6.3959359605911325e-06	8.359298029556652e-06	9.964901477832513e-06	9.882266009852217e-06	9.819704433497538e-06	7.783251231527095e-06	2.8753078817733994e-06	6.816502463054188e-07	1.4896551724137929e-06	1.4474137931034484e-06	5.044827586206899e-06	9.392056650246307e-06	9.96908866995074e-06	9.928633004926109e-06	9.847660098522167e-06
6600	9.990178571428573e-06	9.988809523809526e-06	9.921309523809529e-06	8.42857142857143e-06	5.929761904761904e-06	7.364583333333332e-06	9.915833333333338e-06	9.903452380952385e-06	9.787559523809525e-06	7.196130952380952e-06	2.3375e-06	7.403571428571427e-07	1.866785714285714e-06	2.2192261904761907e-06	5.700416666666667e-06	9.591845238095242e-06	9.927321428571432e-06	9.887738095238098e-06	9.854761904761908e-06
6700	1.0000000000000004e-05	9.996861471861476e-06	9.933712121212128e-06	7.759632034632038e-06	5.1366341991342015e-06	7.246807359307363e-06	9.909523809523813e-06	9.890692640692645e-06	9.751298701298705e-06	7.1635822510822516e-06	2.329383116883117e-06	4.127705627705627e-07	1.0152056277056278e-06	1.7968614718614723e-06	5.565259740259741e-06	9.326298701298708e-06	9.6823051948052e-06	9.637987012987018e-06	9.810768398268402e-06
6800	9.988479262672817e-06	9.917338709677425e-06	9.836520737327191e-06	7.975633640552995e-06	6.036751152073733e-06	7.917165898617513e-06	9.947926267281109e-06	9.975691244239638e-06	9.257776497695854e-06	5.3302995391705075e-06	1.1838709677419357e-06	3.157430875576037e-06	8.01964285714286e-06	9.963306451612909e-06	9.909043778801845e-06	9.940552995391708e-06	9.997407834101384e-06	1.0000000000000004e-05	1.0000000000000004e-05
6900	9.954411764705889e-06	9.093119747899164e-06	6.043014705882354e-06	5.0655462184873935e-06	6.308088235294118e-06	8.120220588235297e-06	9.9545168067227e-06	9.972584033613452e-06	9.175525210084036e-06	5.262237394957985e-06	1.1941176470588238e-06	3.0704306722689086e-06	7.933298319327737e-06	9.95892857142858e-06	9.899737394957991e-06	9.874159663865551e-06	9.912027310924377e-06	9.975892857142867e-06	1.000000000000001e-05
7000	1.0000000000000004e-05	9.995758928571434e-06	9.986941964285722e-06	9.988616071428577e-06	9.997433035714287e-06	1.0000000000000004e-05	1.0000000000000004e-05	9.980803571428578e-06	9.284207589285716e-06	5.32544642857143e-06	1.1282924107142858e-06	2.998772321428571e-06	7.890625000000002e-06	9.961439732142861e-06	9.897377232142862e-06	9.866796875000006e-06	9.911997767857147e-06	9.979241071428575e-06	1.0000000000000004e-05
7100	8.736923963133646e-06	9.21440092165899e-06	8.050230414746549e-06	8.059389400921659e-06	9.534735023041476e-06	9.736635944700464e-06	9.907891705069125e-06	9.830529953917053e-06	8.923099078341017e-06	4.798329493087559e-06	9.019585253456223e-07	3.2705645161290324e-06	8.126382488479265e-06	9.997177419354842e-06	9.990610599078344e-06	9.921486175115208e-06	9.909389400921662e-06	9.978513824884796e-06	1.0000000000000004e-05
7200	1.0000000000000004e-05	1.0000000000000004e-05	9.994810267857146e-06	9.933035714285719e-06	9.912332589285718e-06	9.973158482142861e-06	9.954854910714291e-06	9.844475446428573e-06	9.092410714285715e-06	4.961830357142858e-06	8.194754464285714e-07	3.287779017857144e-06	8.222991071428573e-06	9.99659598214286e-06	9.986495535714293e-06	9.920535714285718e-06	9.913504464285718e-06	9.947767857142861e-06	9.89575892857143e-06
7300	9.940122767857146e-06	9.914787946428577e-06	9.963504464285716e-06	1.0000000000000004e-05	1.0000000000000004e-05	9.999888392857145e-06	9.956082589285719e-06	9.844810267857144e-06	9.194977678571431e-06	5.333426339285715e-06	1.0692522321428572e-06	2.5475446428571437e-06	7.501562500000004e-06	9.996205357142861e-06	9.993917410714291e-06	9.920647321428574e-06	9.906082589285718e-06	9.979352678571433e-06	1.0000000000000004e-05
7400	9.931011904761907e-06	9.90494047619048e-06	9.954880952380953e-06	9.993928571428573e-06	9.994523809523813e-06	9.998035714285719e-06	9.920535714285715e-06	9.495595238095236e-06	7.894523809523811e-06	4.259107142857143e-06	9.738690476190478e-07	2.2700595238095237e-06	7.224047619047622e-06	9.886964285714291e-06	9.81404761904762e-06	9.849583333333336e-06	9.912976190476193e-06	9.946964285714286e-06	9.904404761904761e-06
7500	9.922926267281112e-06	9.904896313364058e-06	9.956048387096776e-06	9.992050691244242e-06	9.91140552995392e-06	9.881105990783413e-06	9.897926267281108e-06	8.256278801843318e-06	4.688421658986175e-06	2.1189516129032253e-06	9.258064516129032e-07	3.2301267281106e-06	7.790610599078343e-06	9.635368663594471e-06	9.864343317972356e-06	9.898559907834104e-06	9.905357142857145e-06	9.918721198156686e-06	9.823444700460835e-06
7600	9.995535714285722e-06	9.998325892857146e-06	1.0000000000000004e-05	9.988169642857152e-06	9.915959821428577e-06	9.890848214285715e-06	9.838727678571428e-06	8.630747767857148e-06	5.5875558035714274e-06	2.6621093749999997e-06	8.778459821428568e-07	2.745982142857143e-06	7.558203125000001e-06	9.753627232142859e-06	9.849832589285718e-06	9.956640625000003e-06	1.0000000000000004e-05	9.949720982142865e-06	9.835323660714288e-06
7700	1.0000000000000004e-05	1.0000000000000004e-05	1.0000000000000004e-05	9.988744588744594e-06	9.912662337662343e-06	9.897132034632036e-06	9.852543290043292e-06	8.610335497835499e-06	4.404383116883118e-06	7.522727272727274e-07	1.0811688311688311e-07	2.1756493506493503e-06	7.020779220779221e-06	9.761796536796538e-06	9.85606060606061e-06	9.96661255411256e-06	9.996969696969703e-06	9.990854978354984e-06	9.967532467532473e-06
7800	1.0000000000000004e-05	1.0000000000000004e-05	1.0000000000000004e-05	9.986347926267285e-06	9.908870967741941e-06	9.905241935483877e-06	9.85604838709678e-06	7.92586405529954e-06	3.502822580645162e-06	4.502880184331797e-07	1.2442396313364054e-08	1.8545506912442394e-06	6.684792626728113e-06	9.683064516129034e-06	9.812442396313364e-06	9.972062211981569e-06	1.0000000000000004e-05	1.0000000000000004e-05	1.0000000000000004e-05
7900	9.930078125000004e-06	9.932979910714289e-06	9.967187500000003e-06	9.982868303571434e-06	9.910156250000006e-06	9.849107142857146e-06	8.837388392857145e-06	6.112667410714288e-06	3.186886160714286e-06	1.6303571428571426e-06	7.060825892857141e-07	2.014453125e-06	6.870256696428573e-06	9.910546875000004e-06	9.988392857142865e-06	9.950892857142865e-06	9.897656250000004e-06	9.936607142857148e-06	9.992912946428574e-06
8000	1.0000000000000004e-05	1.0000000000000004e-05	9.975230414746548e-06	9.609677419354844e-06	9.398559907834102e-06	9.688364055299542e-06	8.483813364055303e-06	6.263824884792629e-06	3.84585253456221e-06	1.844585253456221e-06	7.21658986175115e-07	2.987096774193548e-06	7.905875576036868e-06	9.925806451612908e-06	9.988364055299544e-06	9.978341013824892e-06	9.925403225806454e-06	9.941013824884795e-06	9.99395161290323e-06
8100	1.0000000000000003e-05	1.0000000000000003e-05	9.97791666666667e-06	9.59339285714286e-06	9.381130952380953e-06	9.684702380952381e-06	8.398869047619051e-06	5.4158333333333324e-06	1.9520833333333336e-06	1.607142857142857e-08	3.535714285714286e-08	2.333869047619048e-06	7.217202380952383e-06	9.909464285714286e-06	9.990773809523813e-06	9.967440476190478e-06	9.911547619047621e-06	9.93589285714286e-06	9.991785714285717e-06
8200	1.0000000000000004e-05	1.0000000000000004e-05	9.973271889400926e-06	9.812500000000003e-06	9.739055299539175e-06	9.675576036866364e-06	6.901497695852535e-06	3.7121543778801835e-06	1.5926267281105988e-06	6.221198156682027e-09	5.910138248847926e-08	2.5673387096774194e-06	7.393087557603687e-06	9.868145161290326e-06	9.98329493087558e-06	9.975748847926274e-06	9.935944700460832e-06	9.956509216589863e-06	9.996313364055303e-06
8300	1.0000000000000004e-05	1.0000000000000004e-05	9.968721198156686e-06	9.598617511520742e-06	9.398099078341016e-06	9.486232718894013e-06	6.28951612903226e-06	3.6773617511520733e-06	2.339170506912443e-06	2.861751152073733e-07	9.020737327188941e-08	2.4055875576036867e-06	7.2271889400921675e-06	9.8395737327189e-06	9.980645161290327e-06	1.0000000000000004e-05	1.0000000000000004e-05	1.0000000000000004e-05	1.0000000000000004e-05
8400	1.0000000000000004e-05	9.990848214285723e-06	9.94927455357143e-06	9.706305803571434e-06	9.578515625e-06	9.539676339285717e-06	7.187276785714288e-06	4.683482142857145e-06	2.247433035714286e-06	4.218749999999999e-08	9.04017857142857e-09	2.428236607142858e-06	7.22935267857143e-06	9.775055803571435e-06	9.964732142857147e-06	9.999330357142858e-06	9.996875000000008e-06	9.997377232142861e-06	1.0000000000000004e-05
8500	9.99170506912443e-06	9.997465437788021e-06	9.817741935483875e-06	8.853629032258068e-06	8.83824884792627e-06	9.401958525345625e-06	5.952880184331797e-06	3.8075460829493084e-06	2.5911290322580646e-06	1.3686635944700457e-07	1.5552995391705068e-08	2.5254032258064518e-06	7.374193548387098e-06	9.842338709677422e-06	9.977995391705072e-06	9.996774193548392e-06	9.927016129032261e-06	9.903225806451616e-06	9.972983870967745e-06
8600	1.0000000000000004e-05	9.988076036866365e-06	9.70547235023042e-06	9.20938940092166e-06	9.391647465437791e-06	9.570103686635947e-06	5.710829493087556e-06	2.069988479262673e-06	1.0855990783410136e-06	5.599078341013824e-08	6.221198156682027e-09	1.8148041474654383e-06	6.5243663594470074e-06	9.698099078341019e-06	9.982315668202768e-06	9.980357142857147e-06	9.845334101382492e-06	9.819642857142861e-06	9.954665898617514e-06
8700	9.784956709956716e-06	9.877002164502173e-06	9.889556277056283e-06	9.770183982683988e-06	9.76996753246754e-06	9.62386363636364e-06	7.1482683982684e-06	4.474512987012987e-06	2.0711038961038955e-06	2.922077922077922e-08	5.259740259740259e-08	2.286038961038961e-06	7.0352272727272725e-06	9.76152597402598e-06	9.957629870129874e-06	9.976948051948057e-06	9.932034632034637e-06	9.945183982683987e-06	9.992207792207796e-06
8800	9.489177489177495e-06	9.756277056277061e-06	9.453463203463208e-06	8.49713203463204e-06	8.865476190476196e-06	9.088961038961043e-06	5.395833333333332e-06	2.1111471861471862e-06	9.863636363636363e-07	2.6298701298701295e-08	3.2142857142857145e-08	2.406493506493506e-06	7.2334956709956746e-06	9.830735930735936e-06	9.939935064935069e-06	9.899350649350653e-06	9.861580086580092e-06	9.914935064935073e-06	9.984361471861474e-06
8900	9.7152380952381e-06	9.87428571428572e-06	9.92077380952381e-06	9.907261904761908e-06	9.931011904761906e-06	8.435952380952384e-06	6.9200000000000015e-06	4.960714285714286e-06	1.5215476190476194e-06	0.0	0.0	1.0510714285714284e-06	5.716190476190476e-06	9.58952380952381e-06	9.872678571428573e-06	9.894285714285717e-06	9.944464285714287e-06	9.998452380952385e-06	1.0000000000000003e-05
9000	5.557315668202767e-06	8.508813364055304e-06	9.914170506912444e-06	9.90887096774194e-06	9.749539170506914e-06	7.875460829493092e-06	6.191820276497696e-06	4.418087557603688e-06	1.3289170506912444e-06	0.0	0.0	1.454781105990784e-06	6.253225806451615e-06	9.74095622119816e-06	9.910829493087565e-06	9.876152073732725e-06	9.887557603686642e-06	9.979723502304151e-06	1.0000000000000004e-05
9100	5.092511520737328e-06	8.345679723502309e-06	9.85673963133641e-06	9.818721198156689e-06	9.898790322580648e-06	8.76002304147466e-06	6.539400921658988e-06	3.727073732718894e-06	9.8352534562212e-07	0.0	0.0	1.472983870967742e-06	6.180299539170509e-06	9.632603686635949e-06	9.885195852534568e-06	9.842741935483873e-06	9.850633640552998e-06	9.96779953917051e-06	1.0000000000000004e-05
9200	1e-05	1e-05	1e-05	1e-05	1e-05	9.764158163265308e-06	6.126530612244899e-06	2.0511479591836733e-06	7.163265306122451e-07	2.7551020408163266e-08	0.0	4.987244897959185e-07	3.4547193877551013e-06	7.725829081632655e-06	9.759566326530613e-06	9.989732142857144e-06	1e-05	1e-05	1e-05
9300	1.0000000000000003e-05	1.0000000000000003e-05	1.0000000000000003e-05	1.0000000000000003e-05	1.0000000000000003e-05	9.857142857142862e-06	6.3365476190476205e-06	2.1061904761904753e-06	7.167857142857143e-07	8.999999999999999e-08	0.0	8.511904761904763e-07	2.5581547619047617e-06	6.209047619047619e-06	9.49184523809524e-06	9.989761904761907e-06	1.0000000000000003e-05	1.0000000000000003e-05	1.0000000000000003e-05
9400	9.867243303571432e-06	9.934207589285717e-06	9.994419642857147e-06	1.0000000000000004e-05	1.0000000000000004e-05	9.67410714285715e-06	5.985267857142859e-06	2.1127232142857146e-06	8.678571428571427e-07	6.629464285714285e-08	0.0	5.436383928571429e-07	2.5132812500000005e-06	6.465680803571431e-06	9.477343750000005e-06	9.981305803571433e-06	1.0000000000000004e-05	1.0000000000000004e-05	1.0000000000000004e-05
9500	9.78464285714286e-06	9.789404761904763e-06	9.771547619047626e-06	9.830595238095242e-06	9.75714285714286e-06	8.0425e-06	6.479107142857143e-06	4.468452380952382e-06	1.2432738095238094e-06	0.0	0.0	1.3789285714285712e-06	6.1648214285714305e-06	9.771071428571433e-06	9.985178571428576e-06	9.997857142857143e-06	9.993988095238096e-06	9.995476190476192e-06	9.99934523809524e-06
9600	9.996484375000005e-06	9.999274553571432e-06	1.0000000000000004e-05	9.984821428571435e-06	9.691350446428574e-06	7.840959821428574e-06	6.119196428571429e-06	4.4273437500000005e-06	1.4425781250000001e-06	0.0	0.0	1.5217633928571429e-06	6.285993303571431e-06	9.753236607142861e-06	9.989006696428575e-06	1.0000000000000004e-05	1.0000000000000004e-05	1.0000000000000004e-05	1.0000000000000004e-05
9700	1.0000000000000004e-05	1.0000000000000004e-05	9.997767857142866e-06	9.979073660714291e-06	9.768359375000004e-06	8.07985491071429e-06	5.911830357142858e-06	3.987946428571428e-06	1.368917410714286e-06	0.0	0.0	1.3861607142857143e-07	3.463337053571428e-06	8.311383928571432e-06	9.986662946428575e-06	9.975223214285719e-06	9.914174107142862e-06	9.93102678571429e-06	9.992075892857145e-06
9800	9.993303571428577e-06	9.994587053571436e-06	9.850446428571435e-06	7.593247767857145e-06	6.187779017857144e-06	6.9535156250000015e-06	6.7991071428571445e-06	4.237611607142857e-06	9.455357142857142e-07	0.0	0.0	2.0491071428571421e-07	3.488895089285715e-06	8.27008928571429e-06	9.98610491071429e-06	9.97940848214286e-06	9.909151785714292e-06	9.920591517857146e-06	9.990848214285718e-06
9900	9.89797619047619e-06	9.909285714285716e-06	9.9502380952381e-06	9.345952380952386e-06	8.437380952380952e-06	7.5594047619047614e-06	6.023511904761907e-06	3.8579761904761905e-06	1.3248214285714286e-06	0.0	0.0	1.6071428571428573e-07	3.2386904761904755e-06	8.065952380952383e-06	9.987976190476193e-06	9.977321428571432e-06	9.910773809523814e-06	9.922678571428574e-06	9.989226190476194e-06
10000	9.805295566502466e-06	9.912068965517243e-06	9.992857142857144e-06	9.987500000000006e-06	9.391317733990149e-06	7.537992610837441e-06	5.825e-06	3.9814039408866995e-06	1.2905788177339906e-06	0.0	0.0	1.0606527093596059e-06	5.695812807881775e-06	9.602216748768474e-06	9.92887931034483e-06	9.961268472906406e-06	9.998583743842369e-06	9.993596059113304e-06	9.991379310344832e-06
