	site
generation	50	100	150	200	250	300	350	400	450	500	550	600	650	700	750	800	850	900	950
0	1.0000000000000004e-05	1.0000000000000004e-05	1.0000000000000004e-05	1.0000000000000004e-05	1.0000000000000004e-05	1.0000000000000004e-05	1.0000000000000004e-05	1.0000000000000004e-05	1.0000000000000004e-05	1.0000000000000004e-05	1.0000000000000004e-05	1.0000000000000004e-05	1.0000000000000004e-05	1.0000000000000004e-05	1.0000000000000004e-05	1.0000000000000004e-05	1.0000000000000004e-05	1.0000000000000004e-05	1.0000000000000004e-05
100	9.99784663865547e-06	9.9702205882353e-06	9.897636554621854e-06	9.890756302521014e-06	9.892226890756308e-06	9.915493697479e-06	9.98876050420169e-06	1.000000000000001e-05	1.000000000000001e-05	1.000000000000001e-05	1.000000000000001e-05	1.000000000000001e-05	1.000000000000001e-05	9.99721638655463e-06	9.991859243697486e-06	9.993960084033622e-06	9.999317226890768e-06	9.983823529411774e-06	9.954936974789926e-06
200	9.964508928571435e-06	9.964787946428577e-06	9.978069196428577e-06	9.989508928571434e-06	9.970703125000005e-06	9.976562500000004e-06	9.998046875000004e-06	1.0000000000000004e-05	1.0000000000000004e-05	1.0000000000000004e-05	1.0000000000000004e-05	1.0000000000000004e-05	1.0000000000000004e-05	9.975279017857149e-06	9.90954241071429e-06	9.924720982142859e-06	9.990457589285717e-06	9.979241071428575e-06	9.923437500000007e-06
300	9.898158482142861e-06	9.879129464285717e-06	9.92790178571429e-06	9.986718750000007e-06	9.916071428571435e-06	9.910435267857148e-06	9.983928571428575e-06	1.0000000000000004e-05	1.0000000000000004e-05	1.0000000000000004e-05	1.0000000000000004e-05	9.991462053571434e-06	9.918080357142861e-06	9.908537946428575e-06	9.981919642857147e-06	1.0000000000000004e-05	1.0000000000000004e-05	1.0000000000000004e-05	1.0000000000000004e-05
400	9.885825892857146e-06	9.87751116071429e-06	9.933370535714288e-06	9.984709821428577e-06	9.911662946428575e-06	9.912779017857145e-06	9.98833705357143e-06	9.996875000000006e-06	9.89508928571429e-06	9.804631696428574e-06	9.904910714285718e-06	9.987500000000002e-06	9.916350446428576e-06	9.907868303571433e-06	9.980524553571431e-06	1.0000000000000004e-05	1.0000000000000004e-05	1.0000000000000004e-05	1.0000000000000004e-05
500	9.797656250000001e-06	9.812444196428577e-06	9.916796875000002e-06	9.985602678571435e-06	9.922265625000005e-06	9.91584821428572e-06	9.980859375000008e-06	9.989397321428578e-06	9.897265625000006e-06	9.822377232142862e-06	9.915234375000004e-06	9.985881696428578e-06	9.917522321428574e-06	9.91651785714286e-06	9.985602678571433e-06	1.0000000000000004e-05	1.0000000000000004e-05	1.0000000000000004e-05	1.0000000000000004e-05
600	1.0000000000000004e-05	1.0000000000000004e-05	1.0000000000000004e-05	9.979854910714289e-06	9.909040178571432e-06	9.920145089285719e-06	9.990959821428575e-06	1.0000000000000004e-05	1.0000000000000004e-05	9.98571428571429e-06	9.905078125000002e-06	9.837890625000001e-06	9.895479910714288e-06	9.975892857142858e-06	9.988895089285717e-06	9.935212053571434e-06	9.932421875000004e-06	9.987165178571433e-06	1.0000000000000004e-05
700	1.000000000000001e-05	1.000000000000001e-05	9.985136554621858e-06	9.897478991596643e-06	9.828256302521012e-06	9.90252100840337e-06	9.980672268907571e-06	9.929726890756309e-06	9.905934873949587e-06	9.959033613445387e-06	9.90488445378152e-06	9.809558823529415e-06	9.874527310924377e-06	9.9810924369748e-06	1.000000000000001e-05	1.000000000000001e-05	9.981722689075636e-06	9.945325630252111e-06	9.945220588235304e-06
800	1.0000000000000003e-05	1.0000000000000003e-05	9.978630952380957e-06	9.380714285714291e-06	8.458095238095238e-06	8.987738095238099e-06	9.884761904761904e-06	9.88886904761905e-06	9.900833333333335e-06	9.900535714285719e-06	9.799880952380957e-06	9.778452380952382e-06	9.901130952380955e-06	9.987023809523812e-06	1.0000000000000003e-05	1.0000000000000003e-05	1.0000000000000003e-05	1.0000000000000003e-05	1.0000000000000003e-05
900	1.0000000000000004e-05	9.999711981566823e-06	9.957373271889404e-06	9.846025345622126e-06	9.84124423963134e-06	9.900748847926268e-06	9.901728110599083e-06	9.878974654377887e-06	9.819815668202769e-06	9.832373271889406e-06	9.810253456221203e-06	9.804377880184335e-06	9.870967741935488e-06	9.937788018433182e-06	9.998617511520743e-06	9.999711981566823e-06	9.974769585253461e-06	9.871370967741938e-06	9.775345622119819e-06
1000	1.0000000000000004e-05	1.0000000000000004e-05	9.924539170506915e-06	9.65103686635945e-06	9.68087557603687e-06	9.628110599078344e-06	8.04533410138249e-06	8.241013824884796e-06	9.763767281105992e-06	9.839861751152076e-06	9.812903225806455e-06	9.802419354838712e-06	9.87263824884793e-06	9.934331797235025e-06	9.996716589861755e-06	1.0000000000000004e-05	9.984850230414754e-06	9.87949308755761e-06	9.77079493087558e-06
1100	1.0000000000000003e-05	9.998928571428574e-06	9.942321428571433e-06	9.827142857142859e-06	9.840654761904764e-06	9.67416666666667e-06	8.193392857142858e-06	8.315714285714287e-06	9.729940476190479e-06	9.87589285714286e-06	9.975297619047624e-06	9.980714285714289e-06	9.979047619047622e-06	9.987440476190478e-06	9.999345238095243e-06	1.0000000000000003e-05	9.996845238095243e-06	9.982916666666669e-06	9.97119047619048e-06
1200	1.0000000000000004e-05	9.99976958525346e-06	9.952822580645165e-06	9.837500000000002e-06	9.846486175115212e-06	9.687730414746546e-06	8.229262672811062e-06	8.356797235023046e-06	9.752073732718897e-06	9.876094470046084e-06	9.974193548387102e-06	9.996947004608297e-06	1.0000000000000004e-05	9.991013824884798e-06	9.956566820276502e-06	9.960599078341018e-06	9.994930875576038e-06	9.994354838709681e-06	9.98870967741936e-06
1300	9.966589861751158e-06	9.893433179723506e-06	9.85282258064516e-06	9.84429723502304e-06	9.873847926267284e-06	9.952649769585256e-06	9.992569124423968e-06	9.927131336405533e-06	9.90247695852535e-06	9.915841013824889e-06	9.855817972350233e-06	9.839343317972352e-06	9.85852534562212e-06	9.911808755760369e-06	9.911866359447008e-06	9.905817972350234e-06	9.975806451612905e-06	1.0000000000000004e-05	1.0000000000000004e-05
1400	9.576964285714291e-06	9.097797619047622e-06	9.495238095238093e-06	9.935059523809527e-06	9.87119047619048e-06	9.858035714285715e-06	9.916607142857146e-06	9.807857142857147e-06	9.721190476190476e-06	9.823333333333335e-06	9.772559523809525e-06	9.773511904761907e-06	9.863035714285718e-06	9.910297619047622e-06	9.916607142857148e-06	9.902797619047624e-06	9.960416666666667e-06	1.0000000000000003e-05	1.0000000000000003e-05
1500	9.907976190476197e-06	9.809166666666671e-06	9.880654761904767e-06	9.971785714285717e-06	9.96089285714286e-06	9.920833333333337e-06	9.904821428571432e-06	9.887619047619052e-06	9.876130952380958e-06	9.754583333333336e-06	9.530476190476194e-06	9.72291666666667e-06	9.988630952380954e-06	9.994464285714288e-06	9.999880952380957e-06	1.0000000000000003e-05	1.0000000000000003e-05	1.0000000000000003e-05	1.0000000000000003e-05
1600	1.0000000000000004e-05	1.0000000000000004e-05	1.0000000000000004e-05	1.0000000000000004e-05	9.983426339285721e-06	9.908147321428576e-06	9.880022321428577e-06	9.890625000000003e-06	9.91545758928572e-06	9.909319196428576e-06	9.782087053571432e-06	9.78409598214286e-06	9.86813616071429e-06	9.917187500000005e-06	9.980245535714291e-06	1.0000000000000004e-05	1.0000000000000004e-05	9.983314732142862e-06	9.938671875000006e-06
1700	9.884619815668205e-06	9.807488479262676e-06	9.892050691244242e-06	9.9366935483871e-06	9.822350230414748e-06	9.767165898617516e-06	9.848099078341016e-06	9.900806451612907e-06	9.927707373271891e-06	9.88629032258065e-06	9.595679723502307e-06	9.623675115207378e-06	9.854205069124426e-06	9.91198156682028e-06	9.983467741935486e-06	1.0000000000000004e-05	1.0000000000000004e-05	9.979089861751158e-06	9.927246543778806e-06
1800	9.880069124423969e-06	9.80460829493088e-06	9.884447004608295e-06	9.933525345622123e-06	9.818029953917054e-06	9.763997695852538e-06	9.85760368663595e-06	9.903744239631337e-06	9.921889400921662e-06	9.878744239631341e-06	9.428052995391709e-06	9.454723502304149e-06	9.847292626728114e-06	9.910023041474658e-06	9.978110599078344e-06	9.983410138248854e-06	9.93271889400922e-06	9.892569124423964e-06	9.931048387096777e-06
1900	9.834174876847294e-06	9.790886699507394e-06	9.884913793103452e-06	9.919950738916257e-06	9.807512315270938e-06	9.774076354679808e-06	9.851847290640397e-06	9.899137931034486e-06	9.92881773399015e-06	9.882820197044337e-06	9.577955665024633e-06	9.617364532019709e-06	9.855541871921184e-06	9.903509852216752e-06	9.982327586206898e-06	9.999938423645324e-06	9.953509852216752e-06	9.502032019704433e-06	9.055849753694585e-06
2000	9.818434873949585e-06	9.78040966386555e-06	9.887342436974795e-06	9.370693277310929e-06	6.397741596638655e-06	6.382878151260505e-06	9.264810924369753e-06	9.836607142857149e-06	9.919800420168077e-06	9.777310924369755e-06	8.917174369747902e-06	8.773686974789919e-06	9.581722689075635e-06	9.924684873949589e-06	9.986974789915974e-06	9.989443277310932e-06	9.989600840336144e-06	9.998792016806733e-06	1.000000000000001e-05
2100	9.728906250000003e-06	9.44715401785715e-06	9.638950892857147e-06	9.931250000000006e-06	9.824609375000004e-06	9.735937500000002e-06	9.75407366071429e-06	9.83850446428572e-06	9.92433035714286e-06	9.990569196428574e-06	1.0000000000000004e-05	9.998828125000006e-06	9.993861607142862e-06	9.994921875000004e-06	9.999888392857148e-06	1.0000000000000004e-05	1.0000000000000004e-05	1.0000000000000004e-05	1.0000000000000004e-05
2200	9.870276497695855e-06	9.798963133640555e-06	9.890783410138253e-06	9.944988479262678e-06	9.830760368663595e-06	9.728917050691245e-06	9.752707373271894e-06	9.836232718894013e-06	9.901958525345625e-06	9.910311059907839e-06	9.912903225806456e-06	9.974539170506913e-06	1.0000000000000004e-05	9.999827188940097e-06	9.996947004608299e-06	9.945449308755763e-06	9.850460829493091e-06	9.881566820276504e-06	9.976555299539174e-06
2300	9.899366359447006e-06	9.814170506912447e-06	9.888767281105994e-06	9.934619815668207e-06	9.14873271889401e-06	5.533986175115206e-06	5.881105990783412e-06	9.485253456221199e-06	9.902246543778807e-06	9.880990783410141e-06	9.830357142857149e-06	9.908813364055304e-06	9.989976958525348e-06	1.0000000000000004e-05	1.0000000000000004e-05	9.94579493087558e-06	9.824596774193553e-06	9.854205069124426e-06	9.975403225806455e-06
2400	8.332589285714288e-06	6.065625000000003e-06	7.69849330357143e-06	9.940959821428578e-06	9.30050223214286e-06	6.004687500000002e-06	6.20401785714286e-06	9.48247767857143e-06	9.903013392857146e-06	9.888281250000005e-06	9.82907366071429e-06	9.900613839285718e-06	9.987053571428575e-06	1.0000000000000004e-05	9.972544642857148e-06	9.848381696428575e-06	9.593080357142862e-06	9.670368303571434e-06	9.953125000000003e-06
2500	8.506624423963136e-06	6.816244239631335e-06	8.256451612903228e-06	9.424423963133643e-06	5.547523041474655e-06	1.8063364055299538e-06	4.7970622119815685e-06	9.032718894009218e-06	9.922292626728114e-06	9.981509216589867e-06	9.915092165898622e-06	9.90547235023042e-06	9.97845622119816e-06	9.960426267281113e-06	9.895967741935486e-06	9.191647465437791e-06	8.184447004608296e-06	8.855011520737329e-06	9.837384792626731e-06
2600	1.0000000000000004e-05	1.0000000000000004e-05	1.0000000000000004e-05	1.0000000000000004e-05	1.0000000000000004e-05	9.99752304147466e-06	9.973444700460833e-06	9.909562211981569e-06	9.92332949308756e-06	9.98968894009217e-06	1.0000000000000004e-05	1.0000000000000004e-05	1.0000000000000004e-05	1.0000000000000004e-05	9.963479262672818e-06	9.824884792626731e-06	9.821255760368668e-06	9.831394009216595e-06	9.72177419354839e-06
2700	1.0000000000000004e-05	1.0000000000000004e-05	1.0000000000000004e-05	1.0000000000000004e-05	1.0000000000000004e-05	9.995479910714292e-06	9.95569196428572e-06	9.905580357142861e-06	9.891350446428572e-06	9.891183035714288e-06	9.94358258928572e-06	9.998381696428575e-06	9.990290178571436e-06	9.90876116071429e-06	9.85513392857143e-06	9.81841517857143e-06	9.807812500000005e-06	9.821428571428573e-06	9.780970982142857e-06
2800	9.99567972350231e-06	9.952131336405532e-06	9.930126728110603e-06	9.973675115207378e-06	1.0000000000000004e-05	9.997753456221204e-06	9.831336405529958e-06	9.6358870967742e-06	9.738479262672816e-06	9.872119815668202e-06	9.933410138248851e-06	9.997465437788021e-06	1.0000000000000004e-05	1.0000000000000004e-05	9.964458525345629e-06	9.831509216589864e-06	9.835541474654383e-06	9.968490783410141e-06	1.0000000000000004e-05
2900	9.881752232142862e-06	9.929129464285718e-06	9.988783482142861e-06	1.0000000000000004e-05	1.0000000000000004e-05	9.995982142857148e-06	9.894252232142864e-06	9.810323660714292e-06	9.82433035714286e-06	9.813950892857148e-06	9.897042410714289e-06	9.995368303571431e-06	9.987276785714294e-06	9.922991071428574e-06	9.832310267857147e-06	9.639508928571429e-06	9.700334821428577e-06	9.855301339285718e-06	9.77511160714286e-06
3000	1.0000000000000004e-05	1.0000000000000004e-05	1.0000000000000004e-05	1.0000000000000004e-05	1.0000000000000004e-05	9.995449308755764e-06	9.8940668202765e-06	9.7918202764977e-06	9.798790322580646e-06	9.81849078341014e-06	9.90702764976959e-06	9.959043778801845e-06	9.89135944700461e-06	9.874884792626732e-06	9.74804147465438e-06	9.100748847926268e-06	9.222235023041475e-06	9.826036866359453e-06	9.81854838709678e-06
3100	1.0000000000000003e-05	1.0000000000000003e-05	1.0000000000000003e-05	1.0000000000000003e-05	9.997261904761909e-06	9.990000000000003e-06	9.889047619047624e-06	9.755357142857145e-06	9.72041666666667e-06	9.747797619047623e-06	9.869345238095243e-06	9.8889880952381e-06	9.80083333333334e-06	9.887380952380957e-06	9.674880952380955e-06	8.686666666666671e-06	8.978214285714288e-06	9.973809523809527e-06	1.0000000000000003e-05
3200	9.773152709359609e-06	9.557327586206898e-06	9.695443349753698e-06	9.975800492610842e-06	9.943965517241382e-06	9.894027093596061e-06	9.618103448275863e-06	9.37296798029557e-06	9.576600985221674e-06	9.74199507389163e-06	9.865763546798031e-06	9.884359605911333e-06	9.804064039408872e-06	9.913669950738918e-06	9.998399014778329e-06	9.999876847290643e-06	9.99224137931035e-06	9.986330049261087e-06	9.993965517241383e-06
3300	9.339285714285716e-06	9.785714285714286e-06	1.0000000000000004e-05	1.0000000000000004e-05	1.0000000000000004e-05	1.0000000000000004e-05	9.999884792626732e-06	9.950748847926271e-06	9.816705069124428e-06	9.749251152073735e-06	9.879550691244243e-06	9.993548387096779e-06	9.997407834101384e-06	1.0000000000000004e-05	1.0000000000000004e-05	9.998502304147468e-06	9.935253456221204e-06	9.841589861751155e-06	9.8270737327189e-06
3400	9.778906250000004e-06	9.929575892857144e-06	1.0000000000000004e-05	1.0000000000000004e-05	1.0000000000000004e-05	1.0000000000000004e-05	9.999888392857148e-06	9.94581473214286e-06	9.80133928571429e-06	9.756975446428574e-06	9.898772321428576e-06	9.997209821428574e-06	9.999944196428575e-06	9.966015625000004e-06	9.903348214285717e-06	9.931919642857145e-06	9.924162946428577e-06	9.835100446428574e-06	9.82466517857143e-06
3500	9.96699308755761e-06	9.992914746543783e-06	1.0000000000000004e-05	1.0000000000000004e-05	1.0000000000000004e-05	1.0000000000000004e-05	9.999827188940097e-06	9.944527649769587e-06	9.760311059907837e-06	9.583640552995394e-06	9.765668202764981e-06	9.997638248847929e-06	9.999711981566823e-06	9.959447004608298e-06	9.904896313364058e-06	9.94222350230415e-06	9.929953917050696e-06	9.837730414746545e-06	9.83283410138249e-06
3600	9.955184331797238e-06	9.989746543778806e-06	1.0000000000000004e-05	1.0000000000000004e-05	1.0000000000000004e-05	1.0000000000000004e-05	9.99976958525346e-06	9.94009216589862e-06	7.399539170506913e-06	5.053456221198158e-06	7.58456221198157e-06	9.990322580645165e-06	9.999942396313369e-06	9.963076036866364e-06	9.856221198156686e-06	9.863191244239637e-06	9.86342165898618e-06	9.817338709677424e-06	9.866417050691247e-06
3700	9.96434151785715e-06	9.992243303571433e-06	1.0000000000000004e-05	1.0000000000000004e-05	1.0000000000000004e-05	1.0000000000000004e-05	9.99972098214286e-06	9.926283482142863e-06	7.285770089285719e-06	4.4828125e-06	7.114508928571433e-06	9.976060267857147e-06	9.932533482142862e-06	9.887723214285717e-06	9.82265625e-06	9.829129464285716e-06	9.82890625e-06	9.783258928571427e-06	9.845368303571433e-06
3800	9.995751231527096e-06	9.998830049261085e-06	1.0000000000000003e-05	1.0000000000000003e-05	9.998706896551728e-06	9.975492610837443e-06	9.97025862068966e-06	9.918719211822665e-06	7.134482758620691e-06	4.151169950738917e-06	6.87241379310345e-06	9.928448275862069e-06	9.977339901477838e-06	9.68491379310345e-06	9.012684729064042e-06	9.277770935960596e-06	9.943472906403945e-06	9.924076354679808e-06	9.901970443349758e-06
3900	9.993605990783413e-06	9.934504608294936e-06	9.906394009216593e-06	9.965495391705073e-06	1.0000000000000004e-05	1.0000000000000004e-05	9.999827188940097e-06	9.915668202764981e-06	7.140034562211985e-06	4.48807603686636e-06	7.2569124423963165e-06	9.976382488479265e-06	9.905760368663599e-06	9.849078341013826e-06	9.807603686635946e-06	9.815034562211986e-06	9.8176267281106e-06	9.846082949308758e-06	9.962557603686639e-06
4000	9.960389610389618e-06	9.91304112554113e-06	9.903192640692647e-06	9.964880952380958e-06	9.996969696969703e-06	9.997619047619051e-06	9.996969696969703e-06	9.935010822510828e-06	7.409090909090914e-06	4.298484848484848e-06	6.743885281385283e-06	9.887608225108232e-06	9.899134199134203e-06	9.800270562770565e-06	9.636471861471865e-06	9.58787878787879e-06	8.38192640692641e-06	8.41396103896104e-06	9.84908008658009e-06
4100	9.842050691244242e-06	9.949078341013827e-06	9.983525345622123e-06	9.92281105990784e-06	9.908064516129036e-06	9.898790322580648e-06	9.908294930875582e-06	9.910311059907837e-06	7.078686635944703e-06	4.4991935483870965e-06	7.3407834101382526e-06	9.970794930875578e-06	9.910368663594476e-06	9.871889400921664e-06	9.48116359447005e-06	8.824251152073733e-06	7.0934907834101385e-06	7.546313364055303e-06	9.73755760368664e-06
4200	1.0000000000000004e-05	1.0000000000000004e-05	1.0000000000000004e-05	1.0000000000000004e-05	1.0000000000000004e-05	1.0000000000000004e-05	9.999783549783554e-06	9.929599567099573e-06	7.104220779220779e-06	4.487878787878788e-06	7.308116883116887e-06	9.964393939393945e-06	9.830140692640696e-06	9.786471861471868e-06	8.921320346320347e-06	7.933387445887448e-06	7.2258658008658025e-06	8.13766233766234e-06	9.849945887445892e-06
4300	9.867804621848743e-06	9.923161764705892e-06	9.98970588235295e-06	1.000000000000001e-05	1.000000000000001e-05	9.991018907563034e-06	9.920273109243704e-06	9.840913865546224e-06	7.087605042016809e-06	4.62468487394958e-06	7.433298319327736e-06	9.956670168067236e-06	8.742016806722692e-06	8.122531512605045e-06	8.914915966386557e-06	8.44248949579832e-06	6.909033613445377e-06	7.886397058823534e-06	9.857563025210093e-06
4400	9.83225806451613e-06	9.871486175115212e-06	9.916935483870973e-06	9.896716589861754e-06	9.930875576036872e-06	9.98571428571429e-06	9.920737327188945e-06	9.433294930875579e-06	5.934101382488481e-06	3.658928571428572e-06	7.222580645161294e-06	9.968894009216595e-06	8.815610599078343e-06	8.316877880184333e-06	9.013882488479268e-06	8.541129032258065e-06	7.187615207373272e-06	7.997004608294933e-06	9.811923963133644e-06
4500	1.0000000000000004e-05	1.0000000000000004e-05	1.0000000000000004e-05	9.990122767857149e-06	9.96969866071429e-06	9.978627232142862e-06	9.998772321428573e-06	9.921037946428576e-06	8.078292410714287e-06	7.196930803571428e-06	9.03761160714286e-06	9.987890625000005e-06	9.916406250000003e-06	9.909765625000005e-06	9.983593750000003e-06	1.0000000000000004e-05	1.0000000000000004e-05	1.0000000000000004e-05	1.0000000000000004e-05
4600	9.999081632653073e-06	9.997142857142864e-06	9.997244897959194e-06	9.994387755102047e-06	9.995102040816336e-06	9.999897959183683e-06	9.995510204081637e-06	9.917500000000005e-06	8.019693877551024e-06	7.258724489795921e-06	9.156224489795925e-06	9.982193877551028e-06	9.903112244897965e-06	9.874183673469392e-06	9.951173469387763e-06	9.923163265306127e-06	9.905612244897965e-06	9.97301020408164e-06	9.994897959183682e-06
4700	9.96883640552996e-06	9.94014976958526e-06	9.946255760368666e-06	9.907142857142862e-06	9.915610599078346e-06	9.990552995391706e-06	9.931451612903231e-06	9.823156682027655e-06	8.05783410138249e-06	7.103974654377883e-06	8.930069124423966e-06	9.974308755760369e-06	9.049251152073737e-06	8.752534562211982e-06	9.683006912442398e-06	9.999135944700465e-06	9.997811059907838e-06	9.996774193548392e-06	9.998963133640558e-06
4800	9.95991379310345e-06	9.887931034482761e-06	9.426539408866993e-06	9.025369458128082e-06	9.475000000000003e-06	9.897290640394091e-06	9.877955665024633e-06	9.82567733990148e-06	7.484852216748767e-06	6.573768472906406e-06	8.982635467980298e-06	9.977339901477835e-06	9.862376847290645e-06	9.833312807881777e-06	9.951416256157639e-06	9.999445812807884e-06	9.994766009852221e-06	9.993657635467984e-06	9.998337438423647e-06
4900	9.96662946428572e-06	9.900948660714291e-06	9.870479910714288e-06	9.80915178571429e-06	9.862890625000004e-06	9.987779017857146e-06	9.937500000000004e-06	9.825837053571432e-06	8.12633928571429e-06	7.357924107142858e-06	9.111160714285719e-06	9.98922991071429e-06	9.96897321428572e-06	9.969531250000002e-06	9.941462053571435e-06	9.90362723214286e-06	9.942633928571431e-06	9.965959821428576e-06	9.979129464285721e-06
5000	9.94425223214286e-06	9.880691964285716e-06	9.853348214285716e-06	9.920200892857149e-06	9.990122767857149e-06	9.996875000000006e-06	9.998772321428573e-06	9.930301339285718e-06	8.041294642857145e-06	6.985602678571428e-06	8.810267857142859e-06	9.934095982142861e-06	9.99854910714286e-06	9.999609375000005e-06	9.945033482142862e-06	9.90167410714286e-06	9.954966517857146e-06	9.996763392857148e-06	9.995256696428577e-06
5100	9.987561576354684e-06	9.973460591133007e-06	9.974630541871923e-06	9.985160098522169e-06	9.995258620689658e-06	9.993226600985227e-06	9.993657635467981e-06	8.606896551724142e-06	4.9407635467980294e-06	5.584113300492613e-06	9.18836206896552e-06	9.934975369458128e-06	9.985529556650252e-06	9.965332512315274e-06	9.864532019704439e-06	9.820997536945818e-06	9.931773399014782e-06	9.99790640394089e-06	1.0000000000000003e-05
5200	9.400576036866362e-06	8.686808755760371e-06	9.150518433179724e-06	9.87517281105991e-06	9.918894009216594e-06	9.83427419354839e-06	9.846831797235025e-06	8.946601382488482e-06	5.2341013824884785e-06	5.2341589861751155e-06	8.979147465437791e-06	9.98565668202765e-06	9.91296082949309e-06	9.838594470046085e-06	9.887039170506914e-06	9.972004608294934e-06	9.997638248847932e-06	9.996774193548392e-06	9.999135944700465e-06
5300	9.459504608294933e-06	8.857258064516132e-06	9.24095622119816e-06	9.828629032258066e-06	9.870622119815674e-06	9.877649769585258e-06	9.904781105990786e-06	9.671313364055303e-06	6.7908986175115215e-06	4.480184331797236e-06	7.391359447004612e-06	9.994297235023044e-06	9.981739631336407e-06	9.961808755760374e-06	9.960195852534566e-06	9.981682027649773e-06	9.992799539170509e-06	9.983582949308762e-06	9.983064516129036e-06
5400	9.820381773399016e-06	9.5204433497537e-06	9.66927339901478e-06	9.97493842364532e-06	9.993411330049264e-06	9.993534482758624e-06	9.94427339901478e-06	9.2128078817734e-06	5.90024630541872e-06	4.192672413793104e-06	7.555172413793105e-06	9.9945197044335e-06	1.0000000000000003e-05	1.0000000000000003e-05	1.0000000000000003e-05	1.0000000000000003e-05	1.0000000000000003e-05	1.0000000000000003e-05	1.0000000000000003e-05
5500	9.974947478991602e-06	9.909033613445385e-06	9.925052521008412e-06	9.99096638655463e-06	1.000000000000001e-05	1.000000000000001e-05	9.958876050420176e-06	6.967962184873954e-06	2.1934348739495805e-06	2.5684873949579835e-06	7.3447478991596695e-06	9.897268907563033e-06	9.912184873949589e-06	9.900892857142865e-06	9.914285714285723e-06	9.979149159663876e-06	9.967279411764714e-06	9.974474789915977e-06	9.997426470588246e-06
5600	9.978180803571433e-06	9.912555803571433e-06	9.921819196428574e-06	9.987444196428576e-06	1.0000000000000004e-05	1.0000000000000004e-05	9.939062500000007e-06	7.415848214285714e-06	2.8203125e-06	2.8320312500000002e-06	7.4425223214285735e-06	9.902734375000002e-06	9.884709821428576e-06	9.828180803571433e-06	9.885267857142861e-06	9.975111607142865e-06	9.919921875000007e-06	9.927343750000004e-06	9.989453125000002e-06
5700	9.978463203463207e-06	9.911904761904767e-06	9.9215367965368e-06	9.962770562770566e-06	9.830194805194813e-06	9.82532467532468e-06	9.928841991341997e-06	7.122510822510825e-06	2.359253246753246e-06	3.0867424242424244e-06	7.819805194805197e-06	9.815530303030307e-06	9.814935064935073e-06	9.809740259740263e-06	9.801677489177494e-06	9.880681818181819e-06	9.83777056277057e-06	9.833279220779226e-06	9.956006493506498e-06
5800	9.910714285714288e-06	9.894866071428573e-06	9.920312500000005e-06	9.957812500000006e-06	9.82008928571429e-06	9.828571428571432e-06	9.916183035714289e-06	7.355133928571429e-06	2.8106026785714283e-06	2.8934151785714304e-06	7.4345424107142885e-06	9.797712053571433e-06	9.714676339285715e-06	9.626674107142864e-06	9.69308035714286e-06	9.876227678571436e-06	9.82628348214286e-06	9.825837053571433e-06	9.959542410714289e-06
5900	9.792745535714292e-06	9.848939732142862e-06	9.923716517857147e-06	9.966517857142863e-06	9.834151785714292e-06	9.823772321428577e-06	9.919642857142862e-06	7.645870535714289e-06	2.954241071428572e-06	2.596930803571429e-06	7.267354910714289e-06	9.805915178571433e-06	9.791350446428578e-06	9.79827008928572e-06	9.79553571428572e-06	9.865290178571433e-06	9.825558035714288e-06	9.82834821428572e-06	9.952790178571432e-06
6000	9.78839285714286e-06	9.796819196428573e-06	9.82795758928572e-06	9.915457589285718e-06	9.827734375000006e-06	9.824832589285721e-06	9.915122767857145e-06	7.559040178571432e-06	2.873325892857143e-06	2.5099888392857143e-06	7.183426339285717e-06	9.648604910714289e-06	9.620424107142862e-06	9.78755580357143e-06	9.799944196428576e-06	9.867745535714289e-06	9.828683035714288e-06	9.810491071428575e-06	9.890904017857152e-06
6100	1.0000000000000004e-05	9.989015151515156e-06	9.888582251082254e-06	9.809848484848488e-06	9.829761904761907e-06	9.901136363636368e-06	9.911147186147189e-06	6.945454545454549e-06	2.0334956709956714e-06	1.9009740259740263e-06	6.164826839826842e-06	6.388744588744592e-06	7.044913419913424e-06	9.937554112554116e-06	1.0000000000000004e-05	1.0000000000000004e-05	1.0000000000000004e-05	1.0000000000000004e-05	1.0000000000000004e-05
6200	1.0000000000000004e-05	9.987611607142862e-06	8.296261160714289e-06	6.716127232142859e-06	8.333091517857145e-06	9.915011160714289e-06	9.880970982142861e-06	6.2000000000000025e-06	1.356640625e-06	3.030412946428572e-06	7.940625e-06	9.898102678571431e-06	9.936160714285717e-06	9.984877232142864e-06	9.914062500000005e-06	9.911607142857146e-06	9.985937500000003e-06	1.0000000000000004e-05	1.0000000000000004e-05
6300	9.86209677419355e-06	9.704262672811063e-06	6.654608294930878e-06	4.470506912442396e-06	7.503629032258066e-06	9.899539170506915e-06	9.896082949308761e-06	6.3774193548387115e-06	1.4690668202764978e-06	2.337442396313365e-06	7.326094470046084e-06	9.98513824884793e-06	9.996370967741938e-06	9.991762672811064e-06	9.98726958525346e-06	9.993317972350235e-06	9.991762672811064e-06	9.992338709677422e-06	9.998502304147468e-06
6400	9.86183035714286e-06	9.732087053571431e-06	6.564341517857145e-06	4.4638392857142856e-06	7.604241071428574e-06	9.862388392857148e-06	9.831640625000001e-06	6.604464285714287e-06	1.725390625e-06	1.992745535714286e-06	6.934375000000001e-06	9.923716517857147e-06	9.906808035714289e-06	9.917912946428575e-06	9.993191964285717e-06	1.0000000000000004e-05	1.0000000000000004e-05	1.0000000000000004e-05	1.0000000000000004e-05
6500	9.932834101382492e-06	9.936347926267288e-06	9.32165898617512e-06	8.419527649769586e-06	8.99009216589862e-06	9.89850230414747e-06	9.649884792626734e-06	6.091820276497697e-06	1.411405529953917e-06	1.6508064516129034e-06	6.345967741935484e-06	9.662845622119821e-06	9.896543778801848e-06	9.892857142857145e-06	9.963940092165903e-06	9.99959677419355e-06	9.713940092165902e-06	9.62091013824885e-06	9.900864055299542e-06
6600	9.99063852813853e-06	9.95541125541126e-06	9.900865800865806e-06	9.94080086580087e-06	9.99929653679654e-06	9.976731601731606e-06	9.842857142857149e-06	6.40508658008658e-06	1.568181818181818e-06	2.4024350649350653e-06	7.264880952380956e-06	9.811904761904767e-06	9.64734848484849e-06	8.923214285714289e-06	9.173484848484854e-06	9.957142857142865e-06	9.413852813852817e-06	9.25205627705628e-06	9.812554112554115e-06
6700	9.999226190476197e-06	9.959583333333335e-06	9.9014880952381e-06	9.940416666666667e-06	9.999285714285717e-06	9.970416666666672e-06	9.812440476190478e-06	6.5129166666666675e-06	1.6708928571428572e-06	1.3288690476190474e-06	5.890059523809524e-06	9.561130952380953e-06	9.99994047619048e-06	9.999880952380953e-06	9.990238095238101e-06	9.986785714285718e-06	9.996428571428573e-06	1.0000000000000003e-05	1.0000000000000003e-05
6800	4.930760368663595e-06	8.289343317972353e-06	7.4814516129032265e-06	4.0806451612903216e-06	6.387096774193551e-06	9.816071428571434e-06	9.086751152073734e-06	5.354723502304149e-06	1.2100230414746543e-06	1.4918778801843312e-06	5.956854838709678e-06	9.45973502304148e-06	9.994758064516133e-06	1.0000000000000004e-05	1.0000000000000004e-05	1.0000000000000004e-05	1.0000000000000004e-05	1.0000000000000004e-05	1.0000000000000004e-05
6900	5.5402343750000015e-06	8.284207589285717e-06	6.8567522321428585e-06	3.3929129464285723e-06	6.146875000000003e-06	9.683984375000004e-06	8.972209821428574e-06	5.742131696428573e-06	1.6965401785714286e-06	6.604352678571427e-07	4.417745535714287e-06	8.748939732142862e-06	9.991629464285718e-06	1.0000000000000004e-05	1.0000000000000004e-05	1.0000000000000004e-05	1.0000000000000004e-05	1.0000000000000004e-05	1.0000000000000004e-05
7000	5.143145161290324e-06	8.328168202764978e-06	7.365725806451615e-06	3.406739631336406e-06	5.645564516129032e-06	9.65362903225807e-06	9.094527649769588e-06	5.232085253456223e-06	1.0824884792626728e-06	8.398617511520739e-07	4.300748847926268e-06	8.45046082949309e-06	9.989573732718896e-06	1.0000000000000004e-05	1.0000000000000004e-05	1.0000000000000004e-05	1.0000000000000004e-05	1.0000000000000004e-05	1.0000000000000004e-05
7100	4.483314732142858e-06	7.622879464285714e-06	6.7097656250000015e-06	3.091238839285714e-06	5.911495535714287e-06	9.29983258928572e-06	8.355245535714289e-06	5.036607142857143e-06	1.2113839285714286e-06	1.926674107142858e-06	6.5625558035714325e-06	9.705133928571432e-06	9.999944196428575e-06	1.0000000000000004e-05	1.0000000000000004e-05	1.0000000000000004e-05	1.0000000000000004e-05	9.956194196428577e-06	9.88364955357143e-06
7200	9.981964285714288e-06	9.653095238095241e-06	6.0480357142857145e-06	2.8495238095238093e-06	6.267857142857143e-06	8.32642857142857e-06	6.853809523809524e-06	5.0936904761904755e-06	1.8450000000000003e-06	1.0944642857142855e-06	5.443392857142858e-06	9.41964285714286e-06	9.996607142857146e-06	9.999821428571432e-06	1.0000000000000003e-05	1.0000000000000003e-05	1.0000000000000003e-05	9.960833333333338e-06	9.859642857142858e-06
7300	9.979089861751158e-06	9.749193548387101e-06	6.846716589861753e-06	3.077649769585255e-06	5.731048387096775e-06	8.891474654377882e-06	7.674942396313365e-06	4.110714285714286e-06	5.972350230414744e-07	2.1768433179723502e-07	3.396947004608296e-06	8.179089861751155e-06	9.991877880184337e-06	9.926440092165902e-06	9.905702764976962e-06	9.970334101382491e-06	9.999020737327193e-06	9.958352534562218e-06	9.877707373271891e-06
7400	9.982846320346327e-06	9.792153679653683e-06	6.756547619047623e-06	2.8204004329004333e-06	5.4150974025974044e-06	8.691396103896106e-06	7.275162337662339e-06	3.599080086580087e-06	4.7337662337662335e-07	1.8463203463203465e-07	3.5125541125541137e-06	8.32748917748918e-06	9.99312770562771e-06	9.929383116883122e-06	9.877867965367967e-06	9.875865800865803e-06	9.928571428571432e-06	9.870183982683989e-06	9.485822510822514e-06
7500	9.878214285714286e-06	9.716904761904763e-06	6.769940476190477e-06	3.582321428571429e-06	6.4700000000000024e-06	9.799583333333337e-06	8.76726190476191e-06	4.378392857142858e-06	5.560714285714285e-07	2.4375000000000005e-07	3.76529761904762e-06	8.479583333333336e-06	9.948273809523811e-06	9.925773809523813e-06	9.885238095238096e-06	9.88511904761905e-06	9.92571428571429e-06	9.939821428571434e-06	9.848333333333334e-06
7600	1.000000000000001e-05	9.87617346938776e-06	6.894285714285716e-06	3.3238265306122445e-06	6.1085714285714325e-06	9.745408163265313e-06	8.670000000000003e-06	4.3831632653061235e-06	6.557142857142855e-07	3.038265306122449e-07	3.72341836734694e-06	8.379030612244902e-06	9.952448979591846e-06	9.927142857142862e-06	9.889897959183677e-06	9.90678571428572e-06	9.945663265306132e-06	9.962806122448989e-06	9.906938775510214e-06
7700	9.360960591133008e-06	9.655726600985223e-06	9.664901477832511e-06	9.407081280788178e-06	9.665517241379312e-06	9.936945812807888e-06	9.258374384236457e-06	5.243842364532021e-06	9.243842364532019e-07	3.11884236453202e-07	3.3533866995073885e-06	7.908805418719213e-06	9.86607142857143e-06	9.996551724137934e-06	9.99778325123153e-06	1.0000000000000003e-05	1.0000000000000003e-05	1.0000000000000003e-05	1.0000000000000003e-05
7800	1.964170506912443e-06	6.886059907834104e-06	8.582546082949314e-06	7.856624423963135e-06	9.137960829493089e-06	9.833986175115208e-06	8.141013824884795e-06	3.942684331797236e-06	6.936635944700459e-07	2.492511520737327e-07	3.1525921658986185e-06	7.84504608294931e-06	9.931509216589866e-06	9.989573732718895e-06	9.99976958525346e-06	9.999827188940097e-06	9.995161290322584e-06	9.992684331797238e-06	9.991589861751155e-06
7900	1.8374423963133637e-06	6.777131336405531e-06	8.117396313364057e-06	7.330587557603688e-06	9.10316820276498e-06	9.83283410138249e-06	8.581278801843321e-06	4.236866359447005e-06	5.381336405529953e-07	2.7960829493087556e-07	3.722926267281106e-06	8.397811059907836e-06	9.954493087557606e-06	1.0000000000000004e-05	1.0000000000000004e-05	1.0000000000000004e-05	1.0000000000000004e-05	1.0000000000000004e-05	1.0000000000000004e-05
8000	2.0292968750000004e-06	6.976674107142861e-06	9.845703125000002e-06	9.809095982142856e-06	9.84698660714286e-06	9.815959821428574e-06	9.00602678571429e-06	5.135770089285714e-06	1.009486607142857e-06	3.8889508928571424e-07	3.8375e-06	8.40172991071429e-06	9.953125000000003e-06	1.0000000000000004e-05	1.0000000000000004e-05	9.933537946428576e-06	9.819698660714291e-06	9.872712053571433e-06	9.986551339285718e-06
8100	1.2618452380952382e-06	5.994940476190478e-06	9.617857142857145e-06	9.807976190476194e-06	9.870833333333337e-06	8.525476190476191e-06	4.335654761904764e-06	1.0149404761904764e-06	2.571428571428571e-07	1.3511904761904764e-07	3.372440476190476e-06	8.198214285714288e-06	9.96089285714286e-06	1.0000000000000003e-05	1.0000000000000003e-05	9.97630952380953e-06	9.940535714285717e-06	9.957440476190478e-06	9.969404761904766e-06
8200	1.4497767857142856e-06	6.125334821428573e-06	9.573102678571428e-06	9.811718750000003e-06	9.860100446428577e-06	7.91026785714286e-06	3.988895089285715e-06	1.7839285714285711e-06	7.593749999999998e-07	3.587611607142857e-07	3.8546875000000005e-06	8.453738839285719e-06	9.957812500000004e-06	1.0000000000000004e-05	1.0000000000000004e-05	9.982310267857148e-06	9.92098214285715e-06	9.92170758928572e-06	9.96629464285715e-06
8300	1.916991341991342e-06	6.2863095238095265e-06	9.570941558441564e-06	9.818560606060609e-06	9.864339826839834e-06	8.5094696969697e-06	4.908116883116885e-06	2.088690476190476e-06	7.456709956709954e-07	2.1682900432900436e-07	3.2858225108225114e-06	8.064989177489183e-06	9.995995670995676e-06	9.999512987012991e-06	9.99458874458875e-06	9.994426406926412e-06	9.999350649350653e-06	9.99117965367966e-06	9.96412337662338e-06
8400	1.4243087557603683e-06	6.224942396313367e-06	9.691762672811062e-06	9.80898617511521e-06	9.819642857142861e-06	7.898099078341017e-06	3.8766129032258065e-06	1.387327188940092e-06	5.070276497695851e-07	2.857718894009216e-07	3.691417050691245e-06	8.359562211981567e-06	9.944988479262678e-06	9.982373271889403e-06	9.920622119815671e-06	9.907776497695858e-06	9.97845622119816e-06	1.0000000000000004e-05	1.0000000000000004e-05
8500	1.1966589861751152e-06	5.817165898617511e-06	9.513824884792628e-06	9.79354838709678e-06	7.875691244239635e-06	5.047119815668202e-06	2.970622119815668e-06	1.4744239631336402e-06	5.754608294930876e-07	3.2194700460829494e-07	3.793260368663595e-06	8.432891705069126e-06	9.961578341013828e-06	9.989285714285718e-06	9.9182603686636e-06	9.910714285714288e-06	9.981739631336407e-06	1.0000000000000004e-05	1.0000000000000004e-05
8600	1.4015552995391706e-06	6.1308179723502305e-06	9.017857142857146e-06	8.174539170506915e-06	6.9920506912442414e-06	4.9161866359447e-06	2.3548963133640545e-06	9.429723502304149e-07	3.981566820276497e-07	2.544930875576037e-07	3.593260368663595e-06	8.293894009216591e-06	9.955126728110602e-06	9.990207373271893e-06	9.918087557603688e-06	9.909792626728115e-06	9.981912442396316e-06	1.0000000000000004e-05	1.0000000000000004e-05
8700	1.1280952380952382e-06	5.8165476190476195e-06	8.882321428571431e-06	6.814166666666669e-06	4.789940476190475e-06	3.863571428571429e-06	2.680714285714285e-06	1.7357142857142853e-06	7.489285714285713e-07	4.399404761904762e-07	4.270654761904762e-06	8.795119047619049e-06	9.960000000000001e-06	9.994047619047619e-06	9.99404761904762e-06	9.994226190476195e-06	9.998630952380956e-06	1.0000000000000003e-05	1.0000000000000003e-05
8800	1.3046316964285713e-06	6.109765624999999e-06	9.692578125000002e-06	9.732087053571431e-06	7.2950892857142875e-06	4.059598214285712e-06	1.9195312499999992e-06	4.61049107142857e-07	1.5066964285714285e-07	1.9709821428571426e-07	3.3180803571428583e-06	8.060881696428574e-06	9.867522321428575e-06	9.920145089285719e-06	9.988671875000005e-06	9.928404017857148e-06	9.896037946428575e-06	9.90797991071429e-06	9.871651785714286e-06
8900	1.4769585253456218e-06	6.205184331797238e-06	9.621831797235026e-06	9.736751152073735e-06	7.652016129032259e-06	4.930299539170507e-06	2.9115207373271882e-06	1.3406682027649768e-06	5.505760368663595e-07	3.7885944700460833e-07	3.66733870967742e-06	8.214746543778801e-06	9.857027649769587e-06	9.925748847926269e-06	9.984677419354843e-06	9.919758064516131e-06	9.905702764976959e-06	9.919124423963135e-06	9.859965437788018e-06
9000	9.886347926267285e-06	9.85074884792627e-06	9.66877880184332e-06	9.573559907834103e-06	7.545910138248849e-06	5e-06	3.0670506912442383e-06	1.3344470046082945e-06	5.474654377880183e-07	2.9187788018433176e-07	3.808755760368663e-06	8.451497695852535e-06	9.863997695852536e-06	9.917050691244244e-06	9.927131336405535e-06	9.905126728110601e-06	9.964631336405534e-06	9.998963133640558e-06	1.0000000000000004e-05
9100	9.899078341013828e-06	9.901209677419357e-06	9.856739631336405e-06	9.714919354838713e-06	9.190898617511523e-06	7.725403225806453e-06	3.538191244239632e-06	1.8081797235023044e-07	0.0	8.398617511520738e-08	2.0961405529953915e-06	6.938594470046085e-06	9.924942396313365e-06	9.82661290322581e-06	9.465207373271892e-06	9.618548387096777e-06	9.979608294930879e-06	9.940841013824887e-06	9.859158986175116e-06
9200	8.778988095238097e-06	4.076964285714287e-06	1.0607142857142856e-06	5.494047619047619e-06	8.905178571428576e-06	7.2892261904761926e-06	3.4208928571428576e-06	3.233928571428571e-07	0.0	0.0	1.1448214285714284e-06	5.943809523809528e-06	9.720416666666668e-06	9.52809523809524e-06	8.339821428571431e-06	8.668095238095241e-06	9.933690476190478e-06	9.913273809523814e-06	9.756785714285719e-06
9300	9.213727678571433e-06	5.303236607142857e-06	2.19296875e-06	5.723828125000003e-06	9.136718750000001e-06	7.819308035714287e-06	3.390513392857143e-06	1.0987723214285714e-07	0.0	0.0	1.3343191964285714e-06	6.01573660714286e-06	9.624386160714289e-06	9.438895089285718e-06	7.089676339285714e-06	7.317354910714287e-06	9.717075892857146e-06	9.82829241071429e-06	9.421875000000002e-06
9400	8.473830049261087e-06	3.654864532019706e-06	8.679187192118226e-07	5.359298029556651e-06	8.778756157635468e-06	7.379495073891627e-06	3.4834975369458132e-06	2.75e-07	0.0	0.0	1.0464285714285714e-06	5.778078817733991e-06	9.679618226600987e-06	9.724445812807882e-06	8.156034482758625e-06	8.055788177339906e-06	9.647229064039413e-06	9.699876847290645e-06	8.962253694581285e-06
9500	8.739688940092169e-06	4.52091013824885e-06	1.8544930875576037e-06	4.9064516129032266e-06	7.286463133640554e-06	7.072292626728112e-06	3.819297235023041e-06	2.492511520737327e-07	0.0	0.0	3.203917050691243e-07	3.70639400921659e-06	8.381797235023044e-06	9.990898617511526e-06	9.994585253456227e-06	9.998732718894012e-06	9.960887096774198e-06	9.936232718894014e-06	9.974596774193552e-06
9600	8.916935483870971e-06	4.544470046082952e-06	1.2464861751152073e-06	3.954377880184332e-06	7.1673963133640554e-06	7.322926267281107e-06	3.571140552995391e-06	1.2914746543778803e-07	0.0	0.0	2.0864055299539173e-07	3.6250576036866365e-06	8.413940092165903e-06	9.997523041474657e-06	1.0000000000000004e-05	1.0000000000000004e-05	1.0000000000000004e-05	9.990495391705074e-06	9.9588133640553e-06
9700	5.670320197044335e-06	1.7232758620689656e-06	4.4224137931034487e-07	2.4539408866995067e-06	6.14076354679803e-06	7.751908866995074e-06	3.7204433497536946e-06	9.759852216748769e-08	0.0	0.0	4.696428571428572e-07	3.899199507389162e-06	8.411391625615768e-06	9.872906403940891e-06	9.81114532019705e-06	9.887992610837441e-06	9.896428571428576e-06	9.843903940886702e-06	9.82610837438424e-06
9800	5.909598214285715e-06	2.215401785714286e-06	1.657366071428571e-07	1.1390624999999997e-06	4.6296316964285736e-06	6.466908482142859e-06	2.995256696428572e-06	1.8465401785714288e-07	0.0	0.0	4.535714285714285e-07	4.659375000000001e-06	9.195033482142862e-06	9.85485491071429e-06	9.808258928571433e-06	9.903627232142862e-06	9.892912946428577e-06	9.85206473214286e-06	9.830859375000004e-06
9900	9.823790322580648e-06	7.339343317972354e-06	3.856048387096774e-06	6.014976958525347e-06	9.044182027649772e-06	7.97672811059908e-06	3.756451612903226e-06	1.609447004608295e-07	0.0	1.617511520737327e-07	3.278686635944701e-06	8.043260368663598e-06	9.9088133640553e-06	9.87373271889401e-06	9.788652073732723e-06	9.800576036866362e-06	9.83341013824885e-06	9.922004608294934e-06	9.988882488479265e-06
10000	9.839976958525346e-06	8.0338133640553e-06	4.597523041474655e-06	6.046947004608295e-06	9.164919354838712e-06	7.573271889400921e-06	3.2439516129032255e-06	2.0961981566820273e-07	0.0	1.6797235023041468e-07	3.244988479262674e-06	8.008640552995396e-06	9.906048387096779e-06	9.684389400921661e-06	9.38358294930876e-06	9.06607142857143e-06	9.259792626728113e-06	9.84297235023042e-06	9.926670506912445e-06
