	site
generation	50	100	150	200	250	300	350	400	450	500	550	600	650	700	750	800	850	900	950
0	1.0000000000000004e-05	1.0000000000000004e-05	1.0000000000000004e-05	1.0000000000000004e-05	1.0000000000000004e-05	1.0000000000000004e-05	1.0000000000000004e-05	1.0000000000000004e-05	1.0000000000000004e-05	1.0000000000000004e-05	1.0000000000000004e-05	1.0000000000000004e-05	1.0000000000000004e-05	1.0000000000000004e-05	1.0000000000000004e-05	1.0000000000000004e-05	1.0000000000000004e-05	1.0000000000000004e-05	1.0000000000000004e-05
100	1.0000000000000004e-05	1.0000000000000004e-05	1.0000000000000004e-05	1.0000000000000004e-05	1.0000000000000004e-05	9.993805803571434e-06	9.987500000000006e-06	9.993694196428576e-06	9.999665178571431e-06	9.996875000000006e-06	9.997209821428577e-06	1.0000000000000004e-05	1.0000000000000004e-05	1.0000000000000004e-05	1.0000000000000004e-05	1.0000000000000004e-05	1.0000000000000004e-05	1.0000000000000004e-05	1.0000000000000004e-05
200	1.0000000000000003e-05	9.99714285714286e-06	9.996666666666669e-06	9.999523809523814e-06	1.0000000000000003e-05	9.998571428571431e-06	9.996666666666669e-06	9.998095238095242e-06	1.0000000000000003e-05	1.0000000000000003e-05	1.0000000000000003e-05	1.0000000000000003e-05	1.0000000000000003e-05	1.0000000000000003e-05	1.0000000000000003e-05	1.0000000000000003e-05	1.0000000000000003e-05	1.0000000000000003e-05	1.0000000000000003e-05
300	1.0000000000000003e-05	9.98916666666667e-06	9.92779761904762e-06	9.878630952380953e-06	9.931250000000003e-06	9.944166666666667e-06	9.923750000000005e-06	9.968035714285716e-06	9.997202380952384e-06	1.0000000000000003e-05	1.0000000000000003e-05	1.0000000000000003e-05	1.0000000000000003e-05	1.0000000000000003e-05	1.0000000000000003e-05	1.0000000000000003e-05	1.0000000000000003e-05	1.0000000000000003e-05	1.0000000000000003e-05
400	1.0000000000000004e-05	1.0000000000000004e-05	9.999404761904766e-06	9.994209956709961e-06	9.994534632034637e-06	9.995021645021646e-06	9.993939393939399e-06	9.99864718614719e-06	1.0000000000000004e-05	9.997889610389612e-06	9.993939393939399e-06	9.996049783549789e-06	1.0000000000000004e-05	1.0000000000000004e-05	9.997619047619051e-06	9.993939393939402e-06	9.996320346320351e-06	1.0000000000000004e-05	1.0000000000000004e-05
500	9.93415898617512e-06	9.876612903225812e-06	9.83836405529954e-06	9.913191244239635e-06	9.988479262672817e-06	1.0000000000000004e-05	1.0000000000000004e-05	1.0000000000000004e-05	1.0000000000000004e-05	1.0000000000000004e-05	1.0000000000000004e-05	1.0000000000000004e-05	1.0000000000000004e-05	9.997465437788023e-06	9.994585253456224e-06	9.996082949308759e-06	9.998790322580649e-06	9.940898617511523e-06	9.851785714285717e-06
600	1.0000000000000004e-05	1.0000000000000004e-05	9.985195852534569e-06	9.914573732718896e-06	9.913133640552998e-06	9.931221198156687e-06	9.911347926267284e-06	9.919066820276503e-06	9.83940092165899e-06	9.864170506912447e-06	9.979953917050694e-06	9.99481566820277e-06	9.967165898617517e-06	9.927016129032266e-06	9.90645161290323e-06	9.94746543778802e-06	9.993721198156686e-06	9.953341013824888e-06	9.874654377880185e-06
700	1.0000000000000003e-05	1.0000000000000003e-05	1.0000000000000003e-05	1.0000000000000003e-05	1.0000000000000003e-05	9.99821428571429e-06	9.98226190476191e-06	9.944523809523812e-06	9.944404761904764e-06	9.983928571428575e-06	1.0000000000000003e-05	1.0000000000000003e-05	9.995595238095243e-06	9.973095238095243e-06	9.961488095238098e-06	9.98357142857143e-06	9.999583333333337e-06	1.0000000000000003e-05	1.0000000000000003e-05
800	9.966244239631342e-06	9.992165898617515e-06	1.0000000000000004e-05	9.996601382488484e-06	9.993548387096779e-06	9.993721198156686e-06	9.978110599078342e-06	9.912557603686637e-06	9.901267281105994e-06	9.966301843317975e-06	9.944815668202768e-06	9.90201612903226e-06	9.953225806451616e-06	9.99976958525346e-06	1.0000000000000004e-05	1.0000000000000004e-05	9.997062211981571e-06	9.992165898617515e-06	9.989343317972354e-06
900	9.937788018433184e-06	9.983870967741938e-06	1.0000000000000004e-05	9.98485023041475e-06	9.910311059907837e-06	9.911923963133645e-06	9.986463133640556e-06	1.0000000000000004e-05	1.0000000000000004e-05	1.0000000000000004e-05	1.0000000000000004e-05	9.990783410138253e-06	9.877073732718899e-06	9.806970046082954e-06	9.85328341013825e-06	9.827764976958529e-06	9.86935483870968e-06	9.91226958525346e-06	9.82286866359447e-06
1000	9.995737327188944e-06	9.935944700460832e-06	9.897811059907837e-06	9.948041474654381e-06	9.91923963133641e-06	9.912788018433183e-06	9.98398617511521e-06	1.0000000000000004e-05	1.0000000000000004e-05	1.0000000000000004e-05	9.999020737327193e-06	9.989170506912448e-06	9.870679723502309e-06	9.814170506912447e-06	9.689285714285715e-06	8.927361751152076e-06	9.111693548387101e-06	9.88997695852535e-06	9.843433179723507e-06
1100	1.0000000000000003e-05	1.0000000000000003e-05	1.0000000000000003e-05	1.0000000000000003e-05	1.0000000000000003e-05	1.0000000000000003e-05	1.0000000000000003e-05	1.0000000000000003e-05	1.0000000000000003e-05	1.0000000000000003e-05	1.0000000000000003e-05	1.0000000000000003e-05	1.0000000000000003e-05	1.0000000000000003e-05	1.0000000000000003e-05	1.0000000000000003e-05	1.0000000000000003e-05	1.0000000000000003e-05	1.0000000000000003e-05
1200	9.840290178571434e-06	9.869140625000004e-06	9.896037946428577e-06	8.51300223214286e-06	7.906082589285717e-06	6.952845982142859e-06	5.229743303571428e-06	7.60602678571429e-06	9.976785714285718e-06	1.0000000000000004e-05	9.986272321428576e-06	9.953850446428577e-06	9.963727678571434e-06	9.992187500000003e-06	9.780859375000005e-06	8.615401785714289e-06	8.471875000000001e-06	9.229799107142863e-06	7.942299107142862e-06
1300	1.0000000000000003e-05	1.0000000000000003e-05	1.0000000000000003e-05	1.0000000000000003e-05	1.0000000000000003e-05	1.0000000000000003e-05	1.0000000000000003e-05	1.0000000000000003e-05	1.0000000000000003e-05	1.0000000000000003e-05	1.0000000000000003e-05	1.0000000000000003e-05	1.0000000000000003e-05	1.0000000000000003e-05	1.0000000000000003e-05	1.0000000000000003e-05	1.0000000000000003e-05	1.0000000000000003e-05	1.0000000000000003e-05
1400	9.957812500000006e-06	9.988504464285718e-06	9.98945312500001e-06	9.963113839285716e-06	9.953125000000003e-06	9.58063616071429e-06	8.451171875000002e-06	8.815625000000003e-06	9.965625000000005e-06	1.0000000000000004e-05	1.0000000000000004e-05	9.989843750000007e-06	9.969252232142864e-06	9.973381696428575e-06	9.993247767857147e-06	9.999274553571432e-06	1.0000000000000004e-05	1.0000000000000004e-05	1.0000000000000004e-05
1500	9.910770089285717e-06	9.969531250000004e-06	9.936383928571431e-06	9.905412946428575e-06	9.961383928571435e-06	9.993750000000007e-06	9.995982142857148e-06	1.0000000000000004e-05	1.0000000000000004e-05	9.999888392857145e-06	9.994140625000005e-06	9.964118303571432e-06	9.902734375000004e-06	9.926618303571433e-06	9.993750000000002e-06	1.0000000000000004e-05	1.0000000000000004e-05	9.983258928571435e-06	9.941406250000002e-06
1600	9.961347926267287e-06	9.902016129032262e-06	9.916935483870973e-06	9.880990783410143e-06	9.7889400921659e-06	7.681624423963135e-06	5.701267281105992e-06	7.842396313364059e-06	9.84279953917051e-06	9.847811059907838e-06	9.942281105990785e-06	9.95789170506913e-06	9.92062211981567e-06	9.961463133640557e-06	1.0000000000000004e-05	1.0000000000000004e-05	1.0000000000000004e-05	9.986751152073737e-06	9.955069124423964e-06
1700	9.962845622119823e-06	9.919758064516131e-06	9.940783410138252e-06	9.918317972350233e-06	9.867684331797237e-06	8.132891705069123e-06	6.3762672811059906e-06	8.150691244239633e-06	9.888364055299544e-06	9.866532258064522e-06	9.9065668202765e-06	9.896082949308758e-06	9.909101382488482e-06	9.967338709677423e-06	1.0000000000000004e-05	9.98329493087558e-06	9.932661290322585e-06	9.893548387096777e-06	9.883698156682026e-06
1800	9.96670506912443e-06	9.901785714285718e-06	9.930069124423966e-06	9.994988479262675e-06	9.991071428571433e-06	9.919354838709682e-06	9.908928571428575e-06	9.9778801843318e-06	9.941359447004613e-06	9.89377880184332e-06	9.886520737327192e-06	9.908986175115212e-06	9.972119815668208e-06	1.0000000000000004e-05	1.0000000000000004e-05	1.0000000000000004e-05	9.970334101382493e-06	9.920679723502308e-06	9.930184331797237e-06
1900	9.967569124423967e-06	9.901785714285718e-06	9.93243087557604e-06	9.99821428571429e-06	9.992799539170512e-06	9.921428571428577e-06	9.907200460829495e-06	9.9764400921659e-06	9.944988479262678e-06	9.886059907834105e-06	9.812442396313368e-06	9.816071428571432e-06	9.942569124423967e-06	1.0000000000000004e-05	1.0000000000000004e-05	1.0000000000000004e-05	1.0000000000000004e-05	1.0000000000000004e-05	1.0000000000000004e-05
2000	9.969426406926416e-06	9.897510822510825e-06	9.759307359307362e-06	9.569155844155849e-06	9.73106060606061e-06	9.92424242424243e-06	9.9068722943723e-06	9.97256493506494e-06	9.942153679653686e-06	9.863744588744592e-06	9.787878787878788e-06	9.837391774891778e-06	9.963906926406932e-06	9.995238095238102e-06	9.995454545454553e-06	9.994696969696974e-06	9.998484848484852e-06	1.0000000000000004e-05	1.0000000000000004e-05
2100	9.963869047619054e-06	9.8989880952381e-06	9.696011904761907e-06	9.522202380952384e-06	9.75089285714286e-06	9.921547619047621e-06	9.909226190476193e-06	9.974107142857145e-06	9.938154761904766e-06	9.864464285714288e-06	9.795416666666668e-06	9.832083333333337e-06	9.956428571428575e-06	9.996607142857144e-06	1.0000000000000003e-05	9.999940476190478e-06	9.962083333333337e-06	9.908928571428573e-06	9.928928571428573e-06
2200	9.967099567099575e-06	9.88825757575758e-06	9.20838744588745e-06	7.79020562770563e-06	8.47094155844156e-06	9.630357142857147e-06	9.420238095238097e-06	9.696266233766237e-06	9.834415584415589e-06	9.835227272727276e-06	9.87294372294373e-06	9.851352813852817e-06	9.802110389610395e-06	9.83804112554113e-06	9.95113636363637e-06	9.997564935064938e-06	1.0000000000000004e-05	9.989177489177495e-06	9.954004329004332e-06
2300	9.976171875000007e-06	9.990122767857147e-06	9.98889508928572e-06	9.909765625000005e-06	9.84073660714286e-06	9.890234375000004e-06	9.97036830357143e-06	1.0000000000000004e-05	1.0000000000000004e-05	1.0000000000000004e-05	1.0000000000000004e-05	1.0000000000000004e-05	1.0000000000000004e-05	1.0000000000000004e-05	1.0000000000000004e-05	1.0000000000000004e-05	1.0000000000000004e-05	9.996930803571436e-06	9.99135044642858e-06
2400	9.966647465437795e-06	9.866993087557609e-06	7.943145161290323e-06	5.745967741935484e-06	7.657488479262674e-06	9.882085253456224e-06	9.906912442396317e-06	9.933928571428574e-06	9.847177419354843e-06	9.835771889400926e-06	9.877707373271893e-06	9.852937788018435e-06	9.875115207373272e-06	9.956509216589863e-06	1.0000000000000004e-05	1.0000000000000004e-05	9.997811059907838e-06	9.980011520737334e-06	9.964919354838712e-06
2500	9.965552995391708e-06	9.887442396313368e-06	8.974078341013829e-06	7.4392857142857175e-06	8.370046082949312e-06	9.982949308755764e-06	1.0000000000000004e-05	1.0000000000000004e-05	1.0000000000000004e-05	1.0000000000000004e-05	1.0000000000000004e-05	1.0000000000000004e-05	9.994182027649773e-06	9.990322580645165e-06	9.996140552995395e-06	1.0000000000000004e-05	9.992626728110605e-06	9.977649769585255e-06	9.973502304147469e-06
2600	9.937615207373275e-06	9.7991935483871e-06	8.789285714285715e-06	7.4430875576036884e-06	8.464170506912448e-06	9.882258064516133e-06	9.91198156682028e-06	9.984274193548391e-06	1.0000000000000004e-05	1.0000000000000004e-05	1.0000000000000004e-05	1.0000000000000004e-05	1.0000000000000004e-05	1.0000000000000004e-05	1.0000000000000004e-05	1.0000000000000004e-05	9.983122119815675e-06	9.957546082949313e-06	9.962903225806457e-06
2700	9.87997835497836e-06	9.945021645021649e-06	9.997402597402601e-06	9.990151515151517e-06	9.929383116883124e-06	9.925000000000006e-06	9.985768398268401e-06	1.0000000000000004e-05	1.0000000000000004e-05	1.0000000000000004e-05	1.0000000000000004e-05	1.0000000000000004e-05	1.0000000000000004e-05	1.0000000000000004e-05	1.0000000000000004e-05	9.99799783549784e-06	9.947510822510828e-06	9.917153679653684e-06	9.967640692640695e-06
2800	9.835297619047621e-06	9.837261904761907e-06	9.901250000000003e-06	9.895654761904764e-06	9.823630952380955e-06	9.88982142857143e-06	9.985178571428572e-06	1.0000000000000003e-05	1.0000000000000003e-05	1.0000000000000003e-05	1.0000000000000003e-05	1.0000000000000003e-05	1.0000000000000003e-05	9.964166666666672e-06	9.903869047619051e-06	9.933928571428574e-06	9.931250000000003e-06	9.900654761904765e-06	9.960654761904764e-06
2900	9.943511904761911e-06	9.945654761904765e-06	9.966547619047621e-06	9.960297619047626e-06	9.93416666666667e-06	9.961785714285717e-06	9.974047619047624e-06	9.963809523809527e-06	9.986488095238098e-06	9.999226190476195e-06	9.979404761904765e-06	9.964107142857149e-06	9.983928571428575e-06	9.985119047619055e-06	9.93619047619048e-06	9.93386904761905e-06	9.952797619047625e-06	9.929761904761913e-06	9.924047619047625e-06
3000	9.87946428571429e-06	9.89226190476191e-06	9.935059523809527e-06	9.924464285714289e-06	9.871785714285718e-06	9.920595238095243e-06	9.940535714285717e-06	9.928273809523812e-06	9.976250000000003e-06	9.997678571428578e-06	9.955357142857148e-06	9.92339285714286e-06	9.951428571428575e-06	9.957619047619052e-06	9.881785714285722e-06	9.877321428571433e-06	9.925416666666672e-06	9.900595238095243e-06	9.895e-06
3100	9.850864055299541e-06	9.938018433179725e-06	9.986347926267285e-06	9.982718894009221e-06	9.98329493087558e-06	9.988364055299544e-06	9.9293202764977e-06	9.896428571428573e-06	9.960541474654381e-06	9.996774193548392e-06	9.994182027649773e-06	9.984792626728117e-06	9.981221198156686e-06	9.976785714285718e-06	9.982661290322584e-06	9.996716589861755e-06	9.886405529953923e-06	9.660714285714288e-06	9.601497695852538e-06
3200	9.856797235023044e-06	9.942281105990787e-06	9.99907834101383e-06	1.0000000000000004e-05	9.996774193548392e-06	9.987096774193554e-06	9.894700460829498e-06	9.807603686635951e-06	9.898847926267285e-06	9.995622119815671e-06	1.0000000000000004e-05	1.0000000000000004e-05	1.0000000000000004e-05	1.0000000000000004e-05	1.0000000000000004e-05	1.0000000000000004e-05	9.998675115207378e-06	9.993894009216594e-06	9.992338709677424e-06
3300	9.726562500000003e-06	9.784151785714287e-06	9.85167410714286e-06	9.873102678571432e-06	9.863058035714288e-06	9.887555803571435e-06	9.899944196428575e-06	9.877399553571432e-06	9.905468750000005e-06	9.966796875000003e-06	1.0000000000000004e-05	1.0000000000000004e-05	1.0000000000000004e-05	1.0000000000000004e-05	1.0000000000000004e-05	1.0000000000000004e-05	9.996149553571437e-06	9.936830357142862e-06	9.851395089285719e-06
3400	9.395628078817736e-06	9.794334975369462e-06	9.940147783251236e-06	9.947660098522173e-06	9.95652709359606e-06	9.952032019704437e-06	9.944150246305425e-06	9.955726600985226e-06	9.9884236453202e-06	1.0000000000000003e-05	9.989593596059117e-06	9.966933497536948e-06	9.9759236453202e-06	9.998583743842367e-06	1.0000000000000003e-05	1.0000000000000003e-05	9.991748768472912e-06	9.982820197044336e-06	9.984913793103451e-06
3500	9.99779761904762e-06	9.996666666666669e-06	9.99886904761905e-06	1.0000000000000003e-05	1.0000000000000003e-05	9.998928571428575e-06	9.910357142857146e-06	9.822142857142862e-06	9.90964285714286e-06	9.998928571428574e-06	1.0000000000000003e-05	1.0000000000000003e-05	1.0000000000000003e-05	1.0000000000000003e-05	1.0000000000000003e-05	1.0000000000000003e-05	1.0000000000000003e-05	1.0000000000000003e-05	1.0000000000000003e-05
3600	9.99907834101383e-06	9.989919354838715e-06	9.974366359447009e-06	9.973559907834106e-06	9.974942396313373e-06	9.978456221198162e-06	9.984792626728119e-06	9.98064516129033e-06	9.98940092165899e-06	1.0000000000000004e-05	1.0000000000000004e-05	9.999711981566823e-06	9.992165898617515e-06	9.990610599078344e-06	9.998156682027653e-06	1.0000000000000004e-05	9.996313364055303e-06	9.987672811059911e-06	9.982718894009221e-06
3700	9.978787878787883e-06	9.830411255411259e-06	9.575487012987017e-06	9.627597402597409e-06	9.772943722943727e-06	9.803246753246758e-06	7.704112554112558e-06	5.545021645021645e-06	7.771699134199138e-06	9.996753246753251e-06	1.0000000000000004e-05	1.0000000000000004e-05	1.0000000000000004e-05	9.999837662337669e-06	9.90032467532468e-06	9.664772727272727e-06	9.736038961038964e-06	9.971753246753249e-06	1.0000000000000004e-05
3800	9.973571428571432e-06	9.551904761904767e-06	8.82934523809524e-06	9.164285714285715e-06	9.900416666666668e-06	9.98714285714286e-06	1.0000000000000003e-05	1.0000000000000003e-05	1.0000000000000003e-05	1.0000000000000003e-05	1.0000000000000003e-05	9.990535714285718e-06	9.501130952380956e-06	5.4511904761904776e-06	4.988869047619049e-06	9.029642857142859e-06	7.056785714285717e-06	2.6361904761904757e-06	2.3583928571428567e-06
3900	1.0000000000000004e-05	1.0000000000000004e-05	1.0000000000000004e-05	1.0000000000000004e-05	9.997265625000007e-06	9.994196428571435e-06	9.749609375000006e-06	9.649553571428575e-06	9.896875000000003e-06	9.99893973214286e-06	9.995870535714293e-06	9.993750000000009e-06	9.969754464285721e-06	9.660435267857147e-06	9.671875000000003e-06	9.984375000000004e-06	1.0000000000000004e-05	1.0000000000000004e-05	1.0000000000000004e-05
4000	1.0000000000000004e-05	9.99475108225109e-06	9.958441558441565e-06	9.944642857142863e-06	9.980952380952384e-06	9.995616883116888e-06	9.950432900432907e-06	9.94377705627706e-06	9.988961038961044e-06	1.0000000000000004e-05	1.0000000000000004e-05	1.0000000000000004e-05	1.0000000000000004e-05	9.996590909090914e-06	9.988149350649356e-06	9.991287878787884e-06	9.999729437229442e-06	1.0000000000000004e-05	1.0000000000000004e-05
4100	1.0000000000000004e-05	9.993638392857148e-06	9.930412946428574e-06	9.906361607142861e-06	9.969587053571432e-06	9.990680803571435e-06	9.919140625000007e-06	9.909319196428576e-06	9.980859375000003e-06	1.0000000000000004e-05	1.0000000000000004e-05	1.0000000000000004e-05	1.0000000000000004e-05	1.0000000000000004e-05	1.0000000000000004e-05	1.0000000000000004e-05	1.0000000000000004e-05	1.0000000000000004e-05	1.0000000000000004e-05
4200	9.881168831168837e-06	9.909036796536802e-06	9.911904761904767e-06	9.906006493506497e-06	9.970075757575763e-06	9.985606060606066e-06	9.916233766233772e-06	9.91136363636364e-06	9.981222943722948e-06	1.0000000000000004e-05	1.0000000000000004e-05	1.0000000000000004e-05	1.0000000000000004e-05	9.989772727272735e-06	9.981818181818188e-06	9.992045454545459e-06	1.0000000000000004e-05	1.0000000000000004e-05	1.0000000000000004e-05
4300	9.25156926406927e-06	8.785173160173163e-06	9.297077922077925e-06	9.804924242424245e-06	9.846266233766234e-06	9.860335497835504e-06	9.872943722943726e-06	9.907846320346325e-06	9.979491341991345e-06	1.0000000000000004e-05	1.0000000000000004e-05	9.995238095238102e-06	9.549242424242428e-06	5.467424242424243e-06	3.847132034632034e-06	7.913095238095242e-06	9.97938311688312e-06	1.0000000000000004e-05	1.0000000000000004e-05
4400	9.85095238095238e-06	9.889761904761907e-06	9.905952380952384e-06	9.905535714285718e-06	9.972916666666669e-06	9.990476190476197e-06	9.88380952380953e-06	9.808273809523814e-06	9.854464285714288e-06	9.901250000000003e-06	9.961726190476191e-06	9.996904761904762e-06	9.714464285714287e-06	5.965952380952379e-06	3.977738095238095e-06	7.700476190476191e-06	9.971130952380955e-06	1.0000000000000003e-05	1.0000000000000003e-05
4500	9.872983870967746e-06	9.911866359447008e-06	9.912903225806457e-06	9.905702764976962e-06	9.965610599078345e-06	9.974135944700463e-06	9.877822580645164e-06	9.811117511520742e-06	9.853686635944704e-06	9.901843317972353e-06	9.962039170506915e-06	9.991877880184333e-06	9.69890552995392e-06	5.9806451612903246e-06	4.183582949308756e-06	7.884331797235026e-06	9.951728110599084e-06	9.962500000000007e-06	9.987154377880187e-06
4600	9.929838709677424e-06	9.918490783410142e-06	9.962788018433183e-06	9.997177419354842e-06	1.0000000000000004e-05	1.0000000000000004e-05	1.0000000000000004e-05	1.0000000000000004e-05	1.0000000000000004e-05	9.999366359447008e-06	9.971486175115211e-06	9.926555299539176e-06	9.954320276497699e-06	9.999884792626732e-06	9.998847926267282e-06	9.981739631336412e-06	9.97534562211982e-06	9.992453917050694e-06	1.0000000000000004e-05
4700	1.0000000000000004e-05	1.0000000000000004e-05	1.0000000000000004e-05	1.0000000000000004e-05	1.0000000000000004e-05	1.0000000000000004e-05	1.0000000000000004e-05	1.0000000000000004e-05	1.0000000000000004e-05	1.0000000000000004e-05	1.0000000000000004e-05	9.99799783549784e-06	9.941071428571434e-06	9.905032467532475e-06	9.961958874458879e-06	9.991125541125547e-06	9.923538961038967e-06	9.911904761904764e-06	9.979491341991345e-06
4800	9.986520737327195e-06	9.995161290322584e-06	1.0000000000000004e-05	1.0000000000000004e-05	1.0000000000000004e-05	1.0000000000000004e-05	1.0000000000000004e-05	9.996313364055303e-06	9.993548387096779e-06	9.997235023041479e-06	1.0000000000000004e-05	1.0000000000000004e-05	9.996658986175118e-06	9.993548387096779e-06	9.996889400921664e-06	9.99850230414747e-06	9.994124423963137e-06	9.995046082949314e-06	9.999423963133645e-06
4900	9.883640552995394e-06	9.958525345622122e-06	9.862211981566825e-06	9.013306451612907e-06	8.795046082949312e-06	9.585195852534564e-06	9.939516129032262e-06	9.998271889400925e-06	1.0000000000000004e-05	9.99804147465438e-06	9.98940092165899e-06	9.982488479262675e-06	9.971716589861756e-06	9.552131336405538e-06	9.442108294930878e-06	9.861923963133643e-06	9.987096774193554e-06	9.995737327188944e-06	1.0000000000000004e-05
5000	9.892016806722697e-06	9.963918067226898e-06	9.961502100840343e-06	9.839390756302526e-06	9.847321428571435e-06	9.971060924369758e-06	1.000000000000001e-05	1.000000000000001e-05	1.000000000000001e-05	1.000000000000001e-05	1.000000000000001e-05	1.000000000000001e-05	1.000000000000001e-05	1.000000000000001e-05	9.998897058823538e-06	9.99396008403362e-06	9.992436974789925e-06	9.994590336134461e-06	9.994590336134461e-06
5100	9.93912337662338e-06	9.960551948051952e-06	9.95541125541126e-06	9.916341991341995e-06	9.921266233766241e-06	9.944372294372297e-06	9.962932900432904e-06	9.995346320346326e-06	1.0000000000000004e-05	9.996807359307363e-06	9.979653679653687e-06	9.97895021645022e-06	9.996103896103901e-06	9.99951298701299e-06	9.994101731601732e-06	9.98917748917749e-06	9.98917748917749e-06	9.987824675324681e-06	9.979707792207796e-06
5200	9.998329493087562e-06	9.996774193548392e-06	9.998444700460832e-06	1.0000000000000004e-05	1.0000000000000004e-05	1.0000000000000004e-05	1.0000000000000004e-05	1.0000000000000004e-05	1.0000000000000004e-05	1.0000000000000004e-05	1.0000000000000004e-05	1.0000000000000004e-05	1.0000000000000004e-05	1.0000000000000004e-05	1.0000000000000004e-05	1.0000000000000004e-05	1.0000000000000004e-05	1.0000000000000004e-05	1.0000000000000004e-05
5300	1.0000000000000004e-05	1.0000000000000004e-05	1.0000000000000004e-05	1.0000000000000004e-05	1.0000000000000004e-05	1.0000000000000004e-05	1.0000000000000004e-05	1.0000000000000004e-05	1.0000000000000004e-05	1.0000000000000004e-05	1.0000000000000004e-05	1.0000000000000004e-05	1.0000000000000004e-05	1.0000000000000004e-05	1.0000000000000004e-05	1.0000000000000004e-05	1.0000000000000004e-05	1.0000000000000004e-05	1.0000000000000004e-05
5400	1.0000000000000003e-05	1.0000000000000003e-05	1.0000000000000003e-05	9.993750000000007e-06	9.980595238095241e-06	9.98291666666667e-06	9.996071428571432e-06	1.0000000000000003e-05	1.0000000000000003e-05	1.0000000000000003e-05	1.0000000000000003e-05	1.0000000000000003e-05	1.0000000000000003e-05	1.0000000000000003e-05	9.987083333333338e-06	9.97666666666667e-06	9.989583333333337e-06	1.0000000000000003e-05	1.0000000000000003e-05
5500	9.991250000000002e-06	9.964761904761908e-06	9.951607142857147e-06	9.15666666666667e-06	8.632857142857144e-06	9.405059523809527e-06	9.94761904761905e-06	9.996845238095243e-06	1.0000000000000003e-05	9.999761904761904e-06	9.988571428571436e-06	9.963452380952384e-06	9.924940476190478e-06	9.94011904761905e-06	9.981726190476194e-06	9.968988095238099e-06	9.974761904761908e-06	9.997678571428574e-06	1.0000000000000003e-05
5600	1.0000000000000004e-05	1.0000000000000004e-05	1.0000000000000004e-05	1.0000000000000004e-05	1.0000000000000004e-05	9.993490783410144e-06	9.990322580645165e-06	9.996831797235027e-06	1.0000000000000004e-05	1.0000000000000004e-05	1.0000000000000004e-05	9.999539170506917e-06	9.991186635944704e-06	9.990783410138253e-06	9.994930875576042e-06	9.99124423963134e-06	9.994527649769588e-06	9.99907834101383e-06	1.0000000000000004e-05
5700	1.0000000000000004e-05	1.0000000000000004e-05	1.0000000000000004e-05	1.0000000000000004e-05	1.0000000000000004e-05	1.0000000000000004e-05	1.0000000000000004e-05	9.995852534562216e-06	9.965322580645164e-06	9.917626728110605e-06	9.94423963133641e-06	9.955933179723508e-06	9.846716589861754e-06	9.87252304147466e-06	9.958352534562218e-06	9.935368663594477e-06	9.95956221198157e-06	9.996889400921664e-06	1.0000000000000004e-05
5800	1.0000000000000003e-05	1.0000000000000003e-05	1.0000000000000003e-05	1.0000000000000003e-05	1.0000000000000003e-05	1.0000000000000003e-05	9.999464285714289e-06	9.982857142857148e-06	9.94726190476191e-06	9.92636904761905e-06	9.959940476190478e-06	9.990654761904764e-06	9.94851190476191e-06	9.936785714285719e-06	9.981488095238099e-06	1.0000000000000003e-05	1.0000000000000003e-05	1.0000000000000003e-05	1.0000000000000003e-05
5900	1.0000000000000003e-05	1.0000000000000003e-05	1.0000000000000003e-05	1.0000000000000003e-05	1.0000000000000003e-05	1.0000000000000003e-05	1.0000000000000003e-05	1.0000000000000003e-05	1.0000000000000003e-05	9.99162561576355e-06	9.926785714285717e-06	9.548645320197047e-06	6.073214285714284e-06	1.500369458128079e-06	2.5594211822660103e-06	7.163485221674878e-06	9.619150246305422e-06	9.907820197044336e-06	9.8564039408867e-06
6000	9.996428571428578e-06	9.999218750000004e-06	1.0000000000000004e-05	1.0000000000000004e-05	1.0000000000000004e-05	1.0000000000000004e-05	1.0000000000000004e-05	1.0000000000000004e-05	1.0000000000000004e-05	9.992410714285719e-06	9.942522321428577e-06	9.563002232142862e-06	6.694977678571429e-06	3.5243861607142862e-06	3.913783482142858e-06	6.853292410714286e-06	9.349274553571431e-06	9.917075892857147e-06	9.888225446428574e-06
6100	9.912321428571431e-06	9.965178571428574e-06	9.993333333333336e-06	1.0000000000000003e-05	1.0000000000000003e-05	1.0000000000000003e-05	9.966666666666672e-06	9.906071428571431e-06	9.933333333333335e-06	9.98446428571429e-06	9.92416666666667e-06	9.897916666666669e-06	9.962500000000003e-06	9.99821428571429e-06	9.999107142857143e-06	9.996666666666669e-06	9.997559523809527e-06	1.0000000000000003e-05	1.0000000000000003e-05
6200	9.926004464285718e-06	9.97901785714286e-06	1.0000000000000004e-05	1.0000000000000004e-05	1.0000000000000004e-05	1.0000000000000004e-05	9.964564732142861e-06	9.836272321428574e-06	9.820703125000005e-06	9.936774553571434e-06	9.908370535714288e-06	9.830636160714289e-06	9.890736607142861e-06	9.980691964285719e-06	1.0000000000000004e-05	1.0000000000000004e-05	1.0000000000000004e-05	1.0000000000000004e-05	1.0000000000000004e-05
6300	9.922119815668206e-06	9.976843317972353e-06	1.0000000000000004e-05	1.0000000000000004e-05	9.99619815668203e-06	9.982373271889406e-06	9.952016129032265e-06	9.843605990783416e-06	9.838882488479268e-06	9.949769585253462e-06	9.908813364055302e-06	9.820564516129034e-06	9.863594470046082e-06	9.91238479262673e-06	9.93726958525346e-06	9.984043778801847e-06	9.993548387096779e-06	9.997580645161293e-06	1.0000000000000004e-05
6400	9.916877880184335e-06	9.977361751152076e-06	1.0000000000000004e-05	1.0000000000000004e-05	1.0000000000000004e-05	1.0000000000000004e-05	9.977822580645164e-06	9.844182027649773e-06	9.81440092165899e-06	9.88329493087558e-06	9.89291474654378e-06	9.865668202764982e-06	9.819009216589865e-06	9.895334101382493e-06	9.982949308755765e-06	9.99861751152074e-06	1.0000000000000004e-05	1.0000000000000004e-05	1.0000000000000004e-05
6500	9.92089285714286e-06	9.97744047619048e-06	1.0000000000000003e-05	1.0000000000000003e-05	1.0000000000000003e-05	1.0000000000000003e-05	9.970476190476193e-06	9.846309523809525e-06	9.827857142857143e-06	9.90761904761905e-06	9.882559523809525e-06	9.648630952380955e-06	9.390297619047625e-06	9.65744047619048e-06	9.988095238095242e-06	9.972678571428576e-06	9.957380952380955e-06	9.974702380952382e-06	9.966904761904766e-06
6600	9.993560606060611e-06	9.99155844155845e-06	9.992965367965376e-06	9.997673160173165e-06	1.0000000000000004e-05	1.0000000000000004e-05	1.0000000000000004e-05	1.0000000000000004e-05	1.0000000000000004e-05	1.0000000000000004e-05	1.0000000000000004e-05	1.0000000000000004e-05	1.0000000000000004e-05	1.0000000000000004e-05	1.0000000000000004e-05	1.0000000000000004e-05	1.0000000000000004e-05	1.0000000000000004e-05	1.0000000000000004e-05
6700	1.0000000000000004e-05	1.0000000000000004e-05	1.0000000000000004e-05	9.996658986175118e-06	9.969239631336413e-06	9.964631336405534e-06	9.992050691244242e-06	9.990149769585259e-06	9.96584101382489e-06	9.971140552995397e-06	9.995449308755764e-06	1.0000000000000004e-05	1.0000000000000004e-05	1.0000000000000004e-05	1.0000000000000004e-05	1.0000000000000004e-05	1.0000000000000004e-05	1.0000000000000004e-05	1.0000000000000004e-05
6800	1.0000000000000004e-05	1.0000000000000004e-05	1.0000000000000004e-05	9.996205357142861e-06	9.952343750000004e-06	9.942243303571435e-06	9.946540178571433e-06	9.94280133928572e-06	9.982366071428576e-06	9.996819196428578e-06	9.993750000000007e-06	9.996930803571434e-06	1.0000000000000004e-05	1.0000000000000004e-05	1.0000000000000004e-05	1.0000000000000004e-05	9.997712053571434e-06	9.990680803571434e-06	9.984598214285718e-06
6900	9.996484375000005e-06	9.99821428571429e-06	9.996875000000008e-06	9.993247767857145e-06	9.941908482142862e-06	9.923046875000006e-06	9.921372767857147e-06	9.919531250000004e-06	9.974218750000005e-06	9.968694196428574e-06	9.877232142857146e-06	9.874665178571431e-06	9.96651785714286e-06	1.0000000000000004e-05	1.0000000000000004e-05	1.0000000000000004e-05	9.989397321428578e-06	9.937946428571433e-06	9.903906250000004e-06
7000	1.0000000000000004e-05	1.0000000000000004e-05	1.0000000000000004e-05	9.993019480519483e-06	9.925378787878792e-06	9.901461038961042e-06	9.899567099567104e-06	9.905519480519484e-06	9.975054112554115e-06	9.964393939393943e-06	9.84891774891775e-06	9.835606060606065e-06	9.951082251082254e-06	1.0000000000000004e-05	1.0000000000000004e-05	1.0000000000000004e-05	9.983820346320353e-06	9.92148268398269e-06	9.888961038961042e-06
7100	9.98617511520738e-06	9.992914746543781e-06	9.987500000000006e-06	9.988997695852537e-06	9.999596774193554e-06	1.0000000000000004e-05	9.972119815668208e-06	9.907661290322586e-06	9.92488479262673e-06	9.97494239631337e-06	9.876152073732721e-06	9.795852534562216e-06	9.84124423963134e-06	9.918145161290327e-06	9.919470046082953e-06	9.875288018433186e-06	9.863824884792627e-06	9.851209677419358e-06	9.856278801843318e-06
7200	1.0000000000000004e-05	1.0000000000000004e-05	1.0000000000000004e-05	1.0000000000000004e-05	1.0000000000000004e-05	1.0000000000000004e-05	1.0000000000000004e-05	1.0000000000000004e-05	9.99792626728111e-06	9.996774193548392e-06	9.998847926267286e-06	9.998963133640558e-06	9.996774193548392e-06	9.997811059907838e-06	1.0000000000000004e-05	9.99533410138249e-06	9.98387096774194e-06	9.977937788018438e-06	9.980760368663599e-06
7300	9.788504464285717e-06	9.794921875000006e-06	9.849944196428574e-06	9.930301339285718e-06	9.997488839285717e-06	1.0000000000000004e-05	1.0000000000000004e-05	9.999944196428575e-06	9.954520089285718e-06	9.900055803571431e-06	9.945479910714288e-06	9.984877232142861e-06	9.908872767857148e-06	9.915122767857147e-06	9.990178571428573e-06	9.939006696428577e-06	9.901060267857146e-06	9.933203125000004e-06	9.924665178571434e-06
7400	9.770564516129038e-06	9.792223502304153e-06	9.860541474654382e-06	9.934677419354842e-06	9.997868663594475e-06	1.0000000000000004e-05	1.0000000000000004e-05	1.0000000000000004e-05	9.953629032258067e-06	9.90005760368664e-06	9.946370967741937e-06	9.987327188940098e-06	9.912845622119819e-06	9.880126728110602e-06	9.935195852534566e-06	9.925633640552999e-06	9.900403225806454e-06	9.905299539170509e-06	9.86071428571429e-06
7500	9.712857142857145e-06	9.639226190476194e-06	9.84261904761905e-06	9.999583333333337e-06	1.0000000000000003e-05	1.0000000000000003e-05	1.0000000000000003e-05	1.0000000000000003e-05	9.98291666666667e-06	9.909880952380956e-06	9.900416666666668e-06	9.973452380952384e-06	1.0000000000000003e-05	1.0000000000000003e-05	1.0000000000000003e-05	9.998571428571431e-06	9.99654761904762e-06	9.94976190476191e-06	9.868452380952383e-06
7600	9.821547619047624e-06	9.834523809523814e-06	9.94869047619048e-06	9.979166666666671e-06	9.958452380952384e-06	9.977500000000002e-06	1.0000000000000003e-05	1.0000000000000003e-05	1.0000000000000003e-05	1.0000000000000003e-05	1.0000000000000003e-05	1.0000000000000003e-05	1.0000000000000003e-05	9.97142857142858e-06	9.851726190476197e-06	9.775059523809525e-06	9.779940476190477e-06	9.808154761904765e-06	9.851547619047622e-06
7700	9.791294642857147e-06	9.820312500000004e-06	9.95089285714286e-06	1.0000000000000004e-05	9.991517857142864e-06	9.924497767857145e-06	9.907756696428577e-06	9.969252232142864e-06	9.963337053571433e-06	9.903125000000004e-06	9.928013392857145e-06	9.993750000000002e-06	9.95574776785715e-06	9.694475446428573e-06	8.862890625000006e-06	8.935491071428576e-06	9.224888392857145e-06	9.30284598214286e-06	9.802790178571435e-06
7800	9.84150246305419e-06	9.867364532019708e-06	9.964285714285718e-06	9.996859605911333e-06	9.946305418719213e-06	9.874322660098525e-06	9.908866995073894e-06	9.983990147783253e-06	9.978448275862074e-06	9.932573891625618e-06	9.949137931034486e-06	9.98509852216749e-06	9.895504926108379e-06	9.24150246305419e-06	7.102339901477832e-06	7.279248768472906e-06	9.017487684729064e-06	9.465270935960592e-06	9.957697044334978e-06
7900	9.11042626728111e-06	9.385253456221203e-06	9.886002304147468e-06	9.99521889400922e-06	9.922695852534564e-06	9.82632488479263e-06	9.880529953917054e-06	9.981682027649773e-06	9.961520737327196e-06	9.900288018433183e-06	9.928341013824889e-06	9.969182027649771e-06	9.877419354838712e-06	9.198502304147468e-06	5.829838709677421e-06	6.015898617511524e-06	8.89020737327189e-06	9.353801843317974e-06	9.944585253456224e-06
8000	5.898511904761903e-06	6.744880952380954e-06	9.298750000000001e-06	9.996547619047624e-06	9.926071428571431e-06	9.827023809523811e-06	9.873928571428574e-06	9.973571428571429e-06	9.962916666666673e-06	9.90589285714286e-06	9.933750000000001e-06	9.97779761904762e-06	9.875357142857144e-06	9.565238095238098e-06	8.779523809523813e-06	8.914464285714287e-06	9.19511904761905e-06	9.288571428571431e-06	9.819107142857144e-06
8100	1.0000000000000003e-05	1.0000000000000003e-05	1.0000000000000003e-05	1.0000000000000003e-05	9.994880952380956e-06	9.993333333333336e-06	9.998452380952385e-06	1.0000000000000003e-05	1.0000000000000003e-05	1.0000000000000003e-05	1.0000000000000003e-05	1.0000000000000003e-05	1.0000000000000003e-05	1.0000000000000003e-05	1.0000000000000003e-05	1.0000000000000003e-05	1.0000000000000003e-05	1.0000000000000003e-05	1.0000000000000003e-05
8200	1.0000000000000004e-05	1.0000000000000004e-05	1.0000000000000004e-05	9.981566820276501e-06	9.850000000000006e-06	9.84423963133641e-06	9.975806451612905e-06	1.0000000000000004e-05	1.0000000000000004e-05	1.0000000000000004e-05	1.0000000000000004e-05	1.0000000000000004e-05	1.0000000000000004e-05	1.0000000000000004e-05	9.999827188940097e-06	9.953974654377884e-06	9.85910138248848e-06	9.825806451612907e-06	9.845967741935488e-06
8300	9.995276497695857e-06	9.998156682027653e-06	1.0000000000000004e-05	9.974539170506918e-06	9.819930875576043e-06	9.82546082949309e-06	9.980069124423966e-06	9.978686635944705e-06	9.920737327188945e-06	9.925460829493091e-06	9.98139400921659e-06	9.96054147465438e-06	9.905126728110601e-06	9.856221198156685e-06	9.656854838709681e-06	9.702361751152074e-06	9.898271889400928e-06	9.888652073732722e-06	9.880414746543782e-06
8400	9.940422077922082e-06	9.96726190476191e-06	9.991125541125547e-06	9.97651515151516e-06	9.841233766233772e-06	9.823484848484853e-06	9.96201298701299e-06	1.0000000000000004e-05	1.0000000000000004e-05	9.966125541125544e-06	9.886904761904765e-06	9.864339826839829e-06	9.889880952380956e-06	9.893290043290046e-06	9.94442640692641e-06	9.995454545454553e-06	9.978300865800872e-06	9.918885281385285e-06	9.892586580086585e-06
8500	9.865264976958526e-06	9.942281105990785e-06	9.979493087557612e-06	9.941647465437793e-06	9.817626728110606e-06	9.833525345622124e-06	9.974423963133644e-06	1.0000000000000004e-05	9.998156682027654e-06	9.95230414746544e-06	9.899596774193552e-06	9.944470046082952e-06	9.957430875576043e-06	9.90172811059908e-06	9.941589861751156e-06	9.998156682027653e-06	9.989573732718896e-06	9.925921658986178e-06	9.85846774193549e-06
8600	9.878404017857145e-06	9.936328125000005e-06	9.993750000000004e-06	9.966406250000004e-06	9.837165178571434e-06	9.846093750000007e-06	9.975334821428577e-06	1.0000000000000004e-05	1.0000000000000004e-05	9.958091517857149e-06	9.907868303571433e-06	9.948158482142859e-06	9.955301339285719e-06	9.90675223214286e-06	9.94933035714286e-06	9.999497767857145e-06	9.988727678571432e-06	9.904799107142864e-06	9.818415178571437e-06
8700	9.859043778801846e-06	9.936866359447007e-06	9.997177419354842e-06	9.81785714285715e-06	6.7974654377880215e-06	6.066532258064516e-06	9.083179723502307e-06	9.993260368663598e-06	9.940034562211987e-06	9.902995391705073e-06	9.959965437788022e-06	9.997235023041479e-06	9.996774193548392e-06	9.977361751152079e-06	9.908237327188945e-06	9.92217741935484e-06	9.991762672811064e-06	1.0000000000000004e-05	1.0000000000000004e-05
8800	8.836134453781516e-06	9.568277310924378e-06	9.974054621848748e-06	9.720168067226897e-06	6.699632352941176e-06	6.231775210084036e-06	9.270220588235303e-06	9.99438025210085e-06	9.944380252100845e-06	9.900735294117655e-06	9.955619747899171e-06	1.000000000000001e-05	1.000000000000001e-05	9.983455882352948e-06	9.904516806722695e-06	9.886397058823535e-06	9.946638655462192e-06	9.941964285714295e-06	9.918644957983202e-06
8900	9.713163265306131e-06	9.881224489795928e-06	9.973316326530619e-06	9.77739795918368e-06	6.800204081632656e-06	5.972551020408162e-06	8.966479591836742e-06	9.982653061224498e-06	9.882908163265313e-06	9.821836734693883e-06	9.91816326530613e-06	9.988418367346949e-06	9.994642857142864e-06	9.964234693877554e-06	9.736989795918373e-06	9.321275510204085e-06	9.480153061224494e-06	9.823061224489804e-06	9.740102040816335e-06
9000	9.710238095238099e-06	9.880833333333337e-06	9.980059523809524e-06	9.792738095238099e-06	6.350892857142857e-06	4.384285714285714e-06	7.813690476190478e-06	9.961785714285717e-06	9.883928571428576e-06	9.761369047619052e-06	9.732678571428573e-06	9.749583333333336e-06	9.883392857142857e-06	9.980059523809527e-06	9.875059523809526e-06	9.75154761904762e-06	9.824940476190479e-06	9.96529761904762e-06	1.0000000000000003e-05
9100	9.707019704433505e-06	9.877155172413796e-06	9.981465517241383e-06	9.805726600985224e-06	6.116133004926108e-06	4.372536945812808e-06	8.048399014778326e-06	9.961945812807886e-06	9.890948275862073e-06	9.77937192118227e-06	9.805295566502463e-06	9.84094827586207e-06	9.8695197044335e-06	9.883743842364535e-06	9.822105911330052e-06	9.764347290640398e-06	9.839716748768474e-06	9.94427339901478e-06	9.921613300492614e-06
9200	9.745506912442403e-06	9.873617511520743e-06	9.954089861751156e-06	9.727534562211984e-06	6.185887096774195e-06	4.442626728110599e-06	7.985253456221201e-06	9.964112903225809e-06	9.23513824884793e-06	7.2523041474654394e-06	7.414458525345626e-06	9.39930875576037e-06	9.948675115207379e-06	9.851900921658989e-06	9.86301843317973e-06	9.96751152073733e-06	9.977246543778804e-06	9.91751152073733e-06	9.905702764976962e-06
9300	8.595449308755762e-06	9.370679723502308e-06	9.964170506912447e-06	9.728513824884795e-06	6.346428571428573e-06	4.426324884792627e-06	7.804147465437792e-06	9.967453917050697e-06	9.266013824884795e-06	6.593317972350233e-06	5.9607718894009225e-06	8.584735023041475e-06	9.859158986175118e-06	9.786923963133645e-06	9.83485023041475e-06	9.950057603686638e-06	9.968433179723508e-06	9.91255760368664e-06	9.883006912442397e-06
9400	7.75321428571429e-06	8.810238095238097e-06	9.88809523809524e-06	9.780714285714287e-06	6.577857142857143e-06	4.389464285714284e-06	7.558095238095238e-06	9.859404761904764e-06	9.436547619047623e-06	7.413928571428572e-06	6.64779761904762e-06	8.736250000000003e-06	9.954226190476195e-06	9.81404761904762e-06	9.748154761904764e-06	9.871726190476195e-06	9.886726190476194e-06	9.80559523809524e-06	9.798511904761903e-06
9500	8.803679653679655e-06	9.325595238095241e-06	9.889718614718619e-06	9.369047619047622e-06	4.966396103896105e-06	3.479816017316017e-06	7.832467532467535e-06	9.859307359307361e-06	9.024458874458878e-06	7.028625541125542e-06	7.020346320346324e-06	8.976244588744593e-06	9.794642857142859e-06	9.748538961038964e-06	9.748160173160179e-06	9.874134199134204e-06	9.895779220779226e-06	9.83441558441559e-06	9.84096320346321e-06
9600	8.144700460829497e-06	9.005645161290325e-06	9.901209677419357e-06	9.141013824884797e-06	4.870737327188941e-06	3.462154377880184e-06	7.6977534562212e-06	9.870737327188942e-06	9.456105990783413e-06	7.876382488479264e-06	7.815380184331801e-06	9.407776497695854e-06	9.851843317972354e-06	9.796543778801847e-06	9.792626728110602e-06	9.869700460829498e-06	9.882603686635948e-06	9.83398617511521e-06	9.834274193548386e-06
9700	9.680990783410143e-06	9.788306451612908e-06	9.917165898617514e-06	9.346140552995395e-06	4.697638248847927e-06	1.4964285714285711e-06	5.683179723502305e-06	9.45869815668203e-06	9.19124423963134e-06	6.869470046082949e-06	6.318087557603689e-06	8.667914746543781e-06	9.83698156682028e-06	9.573099078341017e-06	9.597523041474659e-06	9.865207373271891e-06	9.09533410138249e-06	8.228917050691249e-06	8.803686635944705e-06
9800	6.369758064516128e-06	8.787615207373274e-06	9.94170506912443e-06	9.344297235023047e-06	5.96722350230415e-06	4.220852534562213e-06	7.367165898617516e-06	9.705990783410144e-06	9.506682027649772e-06	7.67857142857143e-06	7.012903225806452e-06	8.860944700460833e-06	9.903513824884794e-06	9.830011520737332e-06	9.818605990783413e-06	9.906509216589866e-06	9.273732718894015e-06	7.948099078341015e-06	7.763306451612904e-06
9900	5.158258928571427e-06	8.131975446428574e-06	9.909095982142864e-06	9.245033482142859e-06	4.726171875e-06	1.808537946428572e-06	5.9351562500000015e-06	9.513504464285718e-06	7.563950892857147e-06	3.0356584821428576e-06	3.1283482142857143e-06	7.64614955357143e-06	9.836551339285718e-06	9.799776785714286e-06	9.792410714285719e-06	9.888504464285719e-06	8.742689732142859e-06	6.90591517857143e-06	7.256640625000002e-06
10000	9.909542410714288e-06	9.890513392857149e-06	9.93800223214286e-06	9.998716517857145e-06	9.900167410714293e-06	9.801116071428578e-06	9.899832589285718e-06	9.999051339285718e-06	9.94838169642858e-06	9.807589285714287e-06	9.775892857142859e-06	9.846930803571428e-06	9.82047991071429e-06	9.760658482142861e-06	9.766964285714292e-06	9.845814732142862e-06	8.108705357142861e-06	5.23325892857143e-06	6.406975446428572e-06
