	site
generation	50	100	150	200	250	300	350	400	450	500	550	600	650	700	750	800	850	900	950
0	1.0000000000000004e-05	1.0000000000000004e-05	1.0000000000000004e-05	1.0000000000000004e-05	1.0000000000000004e-05	1.0000000000000004e-05	1.0000000000000004e-05	1.0000000000000004e-05	1.0000000000000004e-05	1.0000000000000004e-05	1.0000000000000004e-05	1.0000000000000004e-05	1.0000000000000004e-05	1.0000000000000004e-05	1.0000000000000004e-05	1.0000000000000004e-05	1.0000000000000004e-05	1.0000000000000004e-05	1.0000000000000004e-05
100	9.86915584415585e-06	9.863311688311691e-06	9.92705627705628e-06	9.99648268398269e-06	9.994480519480527e-06	9.988311688311694e-06	9.95178571428572e-06	9.912932900432907e-06	9.914880952380957e-06	9.96071428571429e-06	9.996645021645024e-06	9.993939393939399e-06	9.996753246753251e-06	1.0000000000000004e-05	1.0000000000000004e-05	1.0000000000000004e-05	1.0000000000000004e-05	9.9978354978355e-06	9.992424242424245e-06
200	9.902822580645163e-06	9.93842165898618e-06	9.929262672811065e-06	9.951958525345627e-06	9.994182027649773e-06	9.992050691244244e-06	9.991071428571431e-06	9.998271889400925e-06	1.0000000000000004e-05	1.0000000000000004e-05	1.0000000000000004e-05	1.0000000000000004e-05	1.0000000000000004e-05	1.0000000000000004e-05	1.0000000000000004e-05	9.997062211981571e-06	9.990495391705074e-06	9.990034562211987e-06	9.996601382488482e-06
300	9.884933035714292e-06	9.935156250000003e-06	9.905412946428575e-06	9.92790178571429e-06	9.994587053571432e-06	1.0000000000000004e-05	1.0000000000000004e-05	1.0000000000000004e-05	1.0000000000000004e-05	1.0000000000000004e-05	1.0000000000000004e-05	1.0000000000000004e-05	1.0000000000000004e-05	9.989285714285722e-06	9.92940848214286e-06	9.92739955357143e-06	9.91897321428572e-06	9.902064732142861e-06	9.970368303571432e-06
400	9.905357142857145e-06	9.97448156682028e-06	1.0000000000000004e-05	1.0000000000000004e-05	1.0000000000000004e-05	1.0000000000000004e-05	1.0000000000000004e-05	1.0000000000000004e-05	1.0000000000000004e-05	1.0000000000000004e-05	1.0000000000000004e-05	1.0000000000000004e-05	9.998963133640558e-06	9.995391705069127e-06	9.991359447004613e-06	9.994930875576042e-06	1.0000000000000004e-05	9.960483870967746e-06	9.8971198156682e-06
500	9.928292410714292e-06	9.975725446428574e-06	1.0000000000000004e-05	1.0000000000000004e-05	1.0000000000000004e-05	1.0000000000000004e-05	1.0000000000000004e-05	1.0000000000000004e-05	1.0000000000000004e-05	1.0000000000000004e-05	1.0000000000000004e-05	1.0000000000000004e-05	9.998772321428576e-06	9.994029017857147e-06	9.994977678571434e-06	9.962388392857147e-06	9.879966517857149e-06	9.906584821428577e-06	9.986495535714293e-06
600	9.99337557603687e-06	9.999135944700465e-06	1.0000000000000004e-05	1.0000000000000004e-05	1.0000000000000004e-05	1.0000000000000004e-05	1.0000000000000004e-05	1.0000000000000004e-05	1.0000000000000004e-05	1.0000000000000004e-05	1.0000000000000004e-05	1.0000000000000004e-05	9.988997695852539e-06	9.918951612903229e-06	9.911002304147469e-06	9.981048387096777e-06	1.0000000000000004e-05	1.0000000000000004e-05	1.0000000000000004e-05
700	9.974815270935964e-06	9.991995073891629e-06	9.927770935960593e-06	9.822906403940888e-06	9.875985221674879e-06	9.978386699507392e-06	9.984298029556654e-06	9.97278325123153e-06	9.98435960591133e-06	9.999630541871925e-06	1.0000000000000003e-05	1.0000000000000003e-05	9.99550492610838e-06	9.939224137931035e-06	9.909051724137934e-06	9.953694581280791e-06	9.98509852216749e-06	9.9887315270936e-06	9.964285714285718e-06
800	9.996313364055303e-06	9.993663594470051e-06	9.93456221198157e-06	9.803398617511524e-06	9.786232718894012e-06	9.908237327188943e-06	9.979896313364059e-06	9.993894009216594e-06	9.999308755760373e-06	1.0000000000000004e-05	9.998847926267286e-06	9.996774193548392e-06	9.996313364055301e-06	9.991705069124426e-06	9.982718894009223e-06	9.988940092165902e-06	9.999539170506917e-06	1.0000000000000004e-05	1.0000000000000004e-05
900	9.877202380952385e-06	9.926607142857146e-06	9.824642857142862e-06	9.833928571428575e-06	9.975357142857145e-06	9.998154761904767e-06	9.93934523809524e-06	9.900297619047623e-06	9.95732142857143e-06	9.99821428571429e-06	1.0000000000000003e-05	1.0000000000000003e-05	9.991011904761908e-06	9.067738095238098e-06	8.121726190476193e-06	9.028928571428573e-06	9.983928571428575e-06	9.990714285714292e-06	9.955000000000005e-06
1000	9.859880952380956e-06	9.920000000000003e-06	9.825714285714287e-06	9.838095238095242e-06	9.974285714285718e-06	9.996130952380955e-06	9.88684523809524e-06	9.80571428571429e-06	9.913154761904763e-06	9.998154761904763e-06	1.0000000000000003e-05	1.0000000000000003e-05	9.98946428571429e-06	9.133333333333336e-06	8.131190476190478e-06	8.976666666666668e-06	9.989345238095241e-06	9.990833333333334e-06	9.961071428571428e-06
1100	9.511551339285718e-06	9.85563616071429e-06	9.817075892857146e-06	9.83258928571429e-06	9.982924107142862e-06	9.99821428571429e-06	9.880915178571435e-06	9.802343750000006e-06	9.919084821428574e-06	9.999441964285717e-06	1.0000000000000004e-05	1.0000000000000004e-05	9.992522321428576e-06	9.406473214285719e-06	8.903738839285716e-06	9.471651785714288e-06	9.981863839285717e-06	9.988002232142863e-06	9.948939732142861e-06
1200	9.872823660714289e-06	9.867466517857145e-06	9.480970982142862e-06	9.533872767857146e-06	9.962779017857147e-06	9.99754464285715e-06	8.473549107142863e-06	7.0987165178571465e-06	8.613950892857144e-06	9.990178571428577e-06	1.0000000000000004e-05	1.0000000000000004e-05	9.989843750000007e-06	9.922656250000003e-06	9.922656250000003e-06	9.989843750000004e-06	1.0000000000000004e-05	1.0000000000000004e-05	1.0000000000000004e-05
1300	9.856529017857147e-06	9.843750000000007e-06	9.48526785714286e-06	9.571930803571434e-06	9.967857142857145e-06	9.996093750000002e-06	9.014285714285718e-06	7.2714285714285715e-06	8.233147321428572e-06	9.963504464285719e-06	9.98069196428572e-06	9.997042410714288e-06	9.93303571428572e-06	9.80887276785715e-06	9.854799107142864e-06	9.97868303571429e-06	9.999665178571431e-06	1.0000000000000004e-05	1.0000000000000004e-05
1400	8.792918719211826e-06	9.090394088669954e-06	7.720751231527096e-06	8.345812807881773e-06	9.878325123152712e-06	9.928448275862069e-06	8.637561576354684e-06	6.426600985221675e-06	7.753448275862074e-06	9.94298029556651e-06	9.972167487684732e-06	9.999876847290643e-06	9.939778325123159e-06	9.812315270935962e-06	9.859421182266013e-06	9.921366995073895e-06	9.887007389162567e-06	9.951785714285714e-06	9.992980295566503e-06
1500	9.189062500000004e-06	9.150334821428574e-06	8.402176339285717e-06	9.001171875000002e-06	9.906194196428574e-06	9.931305803571432e-06	8.620647321428577e-06	7.132533482142861e-06	8.470982142857148e-06	9.923158482142863e-06	9.945256696428577e-06	9.995535714285719e-06	9.953404017857148e-06	9.863727678571434e-06	9.89508928571429e-06	9.938169642857149e-06	9.926506696428577e-06	9.973270089285717e-06	1.0000000000000004e-05
1600	8.752770935960593e-06	8.691933497536947e-06	7.367672413793104e-06	8.393041871921185e-06	9.98238916256158e-06	9.988177339901483e-06	9.921551724137932e-06	9.918719211822661e-06	9.98534482758621e-06	9.996859605911333e-06	9.94470443349754e-06	9.91003694581281e-06	9.962192118226603e-06	1.0000000000000003e-05	9.982019704433503e-06	9.918472906403945e-06	9.928078817733992e-06	9.955172413793107e-06	9.905049261083745e-06
1700	8.609043778801846e-06	9.697695852534565e-06	9.999942396313369e-06	1.0000000000000004e-05	1.0000000000000004e-05	1.0000000000000004e-05	1.0000000000000004e-05	1.0000000000000004e-05	1.0000000000000004e-05	9.998271889400925e-06	9.996774193548392e-06	9.997465437788021e-06	9.958064516129037e-06	9.816820276497702e-06	9.854838709677422e-06	9.997119815668206e-06	1.0000000000000004e-05	1.0000000000000004e-05	1.0000000000000004e-05
1800	1.0000000000000004e-05	9.99821428571429e-06	9.988018433179728e-06	9.987730414746548e-06	9.98870967741936e-06	9.97298387096775e-06	9.971658986175119e-06	9.989458525345624e-06	1.0000000000000004e-05	1.0000000000000004e-05	1.0000000000000004e-05	1.0000000000000004e-05	1.0000000000000004e-05	1.0000000000000004e-05	1.0000000000000004e-05	1.0000000000000004e-05	1.0000000000000004e-05	1.0000000000000004e-05	1.0000000000000004e-05
1900	9.99514508928572e-06	9.953348214285717e-06	9.891741071428575e-06	9.931026785714289e-06	9.996372767857147e-06	9.928515625000007e-06	9.891796875000005e-06	9.962109375000004e-06	9.999944196428575e-06	1.0000000000000004e-05	1.0000000000000004e-05	1.0000000000000004e-05	1.0000000000000004e-05	1.0000000000000004e-05	9.998939732142862e-06	9.935156250000006e-06	9.901060267857146e-06	9.964843750000005e-06	1.0000000000000004e-05
2000	1.0000000000000004e-05	1.0000000000000004e-05	9.994642857142862e-06	9.988882488479267e-06	9.992453917050696e-06	9.994930875576038e-06	9.993548387096779e-06	9.994930875576038e-06	9.993548387096779e-06	9.995449308755764e-06	1.0000000000000004e-05	1.0000000000000004e-05	1.0000000000000004e-05	1.0000000000000004e-05	1.0000000000000004e-05	1.0000000000000004e-05	1.0000000000000004e-05	1.0000000000000004e-05	1.0000000000000004e-05
2100	1.0000000000000003e-05	9.987869458128081e-06	9.95788177339902e-06	9.967302955665027e-06	9.997290640394092e-06	1.0000000000000003e-05	9.996674876847293e-06	9.993103448275864e-06	9.996428571428573e-06	1.0000000000000003e-05	1.0000000000000003e-05	1.0000000000000003e-05	1.0000000000000003e-05	9.994088669950745e-06	9.975738916256163e-06	9.977832512315275e-06	9.977955665024636e-06	9.972906403940889e-06	9.99113300492611e-06
2200	1.0000000000000004e-05	9.96707589285715e-06	9.874107142857143e-06	9.83761160714286e-06	9.924330357142863e-06	9.987332589285718e-06	9.992187500000005e-06	9.998604910714289e-06	1.0000000000000004e-05	1.0000000000000004e-05	9.990122767857149e-06	9.953962053571435e-06	9.935881696428575e-06	9.903180803571433e-06	9.92176339285715e-06	9.98616071428572e-06	9.98889508928572e-06	9.991071428571433e-06	9.997712053571433e-06
2300	9.981221198156686e-06	9.962154377880187e-06	9.87505760368664e-06	9.828629032258066e-06	9.9227534562212e-06	9.996889400921664e-06	1.0000000000000004e-05	1.0000000000000004e-05	1.0000000000000004e-05	1.0000000000000004e-05	9.981394009216597e-06	9.879320276497699e-06	9.806394009216591e-06	9.839919354838711e-06	9.925115207373276e-06	9.990841013824889e-06	9.996774193548392e-06	9.999596774193554e-06	1.0000000000000004e-05
2400	1.0000000000000003e-05	1.0000000000000003e-05	1.0000000000000003e-05	1.0000000000000003e-05	1.0000000000000003e-05	9.999815270935965e-06	9.995443349753697e-06	9.993288177339904e-06	9.99766009852217e-06	1.0000000000000003e-05	9.997105911330053e-06	9.978879310344831e-06	9.963977832512321e-06	9.970566502463057e-06	9.987192118226605e-06	9.998830049261089e-06	1.0000000000000003e-05	1.0000000000000003e-05	1.0000000000000003e-05
2500	9.991607142857147e-06	9.970000000000004e-06	9.969464285714293e-06	9.980535714285718e-06	9.988928571428576e-06	9.999464285714289e-06	1.0000000000000003e-05	1.0000000000000003e-05	1.0000000000000003e-05	1.0000000000000003e-05	9.998571428571431e-06	9.995595238095238e-06	9.993333333333336e-06	9.987202380952387e-06	9.976726190476194e-06	9.980892857142859e-06	9.994702380952383e-06	9.999642857142861e-06	1.0000000000000003e-05
2600	9.979821428571434e-06	9.912380952380956e-06	9.908214285714289e-06	9.903988095238097e-06	9.918630952380953e-06	9.990297619047623e-06	1.0000000000000003e-05	1.0000000000000003e-05	1.0000000000000003e-05	1.0000000000000003e-05	9.988273809523813e-06	9.91994047619048e-06	9.915059523809527e-06	9.98339285714286e-06	1.0000000000000003e-05	1.0000000000000003e-05	1.0000000000000003e-05	9.991309523809527e-06	9.973452380952381e-06
2700	9.972879464285718e-06	9.906975446428576e-06	9.907087053571434e-06	9.893805803571435e-06	9.91378348214286e-06	9.992968750000004e-06	9.99235491071429e-06	9.926004464285718e-06	9.907645089285717e-06	9.97399553571429e-06	9.982868303571434e-06	9.913895089285719e-06	9.912220982142862e-06	9.976729910714292e-06	9.995312500000002e-06	9.996986607142864e-06	9.99709821428572e-06	9.999888392857148e-06	1.0000000000000004e-05
2800	9.948772321428579e-06	9.818080357142864e-06	9.843638392857148e-06	9.903180803571433e-06	9.916964285714291e-06	9.988113839285719e-06	1.0000000000000004e-05	1.0000000000000004e-05	1.0000000000000004e-05	1.0000000000000004e-05	1.0000000000000004e-05	1.0000000000000004e-05	1.0000000000000004e-05	1.0000000000000004e-05	1.0000000000000004e-05	9.997767857142864e-06	9.994475446428578e-06	9.995982142857148e-06	9.999274553571432e-06
2900	9.372202380952384e-06	8.844880952380955e-06	9.381250000000003e-06	9.896726190476194e-06	9.907976190476192e-06	9.977857142857145e-06	9.978392857142859e-06	9.855833333333335e-06	9.808630952380954e-06	9.935654761904765e-06	1.0000000000000003e-05	1.0000000000000003e-05	1.0000000000000003e-05	1.0000000000000003e-05	1.0000000000000003e-05	1.0000000000000003e-05	1.0000000000000003e-05	1.0000000000000003e-05	1.0000000000000003e-05
3000	9.758809523809527e-06	9.865952380952384e-06	9.97916666666667e-06	1.0000000000000003e-05	1.0000000000000003e-05	1.0000000000000003e-05	1.0000000000000003e-05	1.0000000000000003e-05	1.0000000000000003e-05	9.994047619047624e-06	9.983809523809527e-06	9.989285714285717e-06	9.999523809523814e-06	1.0000000000000003e-05	1.0000000000000003e-05	1.0000000000000003e-05	1.0000000000000003e-05	1.0000000000000003e-05	1.0000000000000003e-05
3100	9.745033482142862e-06	9.856026785714292e-06	9.965904017857147e-06	9.988616071428579e-06	9.99698660714286e-06	9.987276785714292e-06	9.917020089285717e-06	9.912723214285717e-06	9.982979910714289e-06	1.0000000000000004e-05	1.0000000000000004e-05	1.0000000000000004e-05	1.0000000000000004e-05	9.994754464285722e-06	9.993750000000004e-06	9.99704241071429e-06	9.995256696428577e-06	9.995703125000006e-06	9.998493303571433e-06
3200	9.722023809523812e-06	9.856666666666668e-06	9.985833333333335e-06	1.0000000000000003e-05	9.997678571428573e-06	9.973571428571429e-06	9.910357142857146e-06	9.92309523809524e-06	9.988630952380954e-06	1.0000000000000003e-05	1.0000000000000003e-05	1.0000000000000003e-05	1.0000000000000003e-05	1.0000000000000003e-05	1.0000000000000003e-05	1.0000000000000003e-05	9.99410714285715e-06	9.990000000000003e-06	9.99589285714286e-06
3300	9.266129032258068e-06	9.591532258064517e-06	9.60743087557604e-06	9.694066820276504e-06	9.98001152073733e-06	9.822062211981572e-06	9.735599078341016e-06	9.774423963133643e-06	9.79832949308756e-06	9.926670506912445e-06	9.912903225806457e-06	9.62534562211982e-06	9.616589861751158e-06	9.516705069124428e-06	9.565380184331798e-06	9.945967741935489e-06	9.985253456221202e-06	9.991532258064522e-06	9.997292626728114e-06
3400	1.0000000000000004e-05	1.0000000000000004e-05	1.0000000000000004e-05	1.0000000000000004e-05	1.0000000000000004e-05	1.0000000000000004e-05	1.0000000000000004e-05	1.0000000000000004e-05	1.0000000000000004e-05	1.0000000000000004e-05	1.0000000000000004e-05	1.0000000000000004e-05	1.0000000000000004e-05	1.0000000000000004e-05	9.992075892857145e-06	9.990625000000006e-06	9.998549107142863e-06	1.0000000000000004e-05	1.0000000000000004e-05
3500	9.937384792626732e-06	9.978456221198162e-06	9.969988479262675e-06	9.96952764976959e-06	9.99452764976959e-06	1.0000000000000004e-05	9.999942396313369e-06	9.95178571428572e-06	9.914055299539172e-06	9.961117511520742e-06	9.998905529953921e-06	1.0000000000000004e-05	1.0000000000000004e-05	1.0000000000000004e-05	9.999942396313369e-06	9.97211981566821e-06	9.943951612903233e-06	9.939170506912445e-06	9.935714285714288e-06
3600	9.989718614718616e-06	9.989718614718616e-06	9.98917748917749e-06	9.989664502164508e-06	9.983441558441564e-06	9.836850649350654e-06	9.836850649350655e-06	9.863636363636367e-06	9.829816017316022e-06	9.952976190476196e-06	9.927272727272732e-06	9.827002164502172e-06	9.860606060606064e-06	9.826082251082258e-06	9.863636363636367e-06	9.990043290043299e-06	9.977759740259744e-06	9.98571428571429e-06	9.997997835497839e-06
3700	9.957857142857149e-06	9.987619047619052e-06	1.0000000000000003e-05	1.0000000000000003e-05	9.976785714285716e-06	9.960059523809524e-06	9.983214285714287e-06	9.99994047619048e-06	1.0000000000000003e-05	1.0000000000000003e-05	1.0000000000000003e-05	1.0000000000000003e-05	1.0000000000000003e-05	1.0000000000000003e-05	1.0000000000000003e-05	9.998392857142857e-06	9.993214285714289e-06	9.968095238095246e-06	9.937559523809527e-06
3800	9.64190848214286e-06	9.625558035714289e-06	9.631808035714289e-06	9.827957589285721e-06	9.983816964285719e-06	9.835323660714293e-06	9.814508928571435e-06	9.700334821428577e-06	9.649274553571433e-06	9.91266741071429e-06	9.91735491071429e-06	9.726506696428575e-06	9.617020089285722e-06	9.551450892857147e-06	9.733928571428575e-06	9.982533482142863e-06	9.788560267857146e-06	9.776841517857148e-06	9.97126116071429e-06
3900	9.89781105990784e-06	9.839228110599085e-06	9.652131336405532e-06	9.386347926267281e-06	9.477246543778803e-06	8.136866359447005e-06	7.826440092165902e-06	7.955414746543782e-06	7.442684331797234e-06	8.957027649769587e-06	9.489400921658989e-06	7.888133640552998e-06	7.402304147465442e-06	6.988709677419356e-06	7.636635944700462e-06	9.597407834101387e-06	9.136232718894011e-06	9.153917050691248e-06	9.8528801843318e-06
4000	9.959285714285719e-06	9.989047619047623e-06	1.0000000000000003e-05	9.99761904761905e-06	9.955654761904767e-06	9.942380952380956e-06	9.98434523809524e-06	1.0000000000000003e-05	1.0000000000000003e-05	9.995654761904768e-06	9.990000000000006e-06	9.994345238095239e-06	1.0000000000000003e-05	1.0000000000000003e-05	1.0000000000000003e-05	9.99761904761905e-06	9.996666666666669e-06	9.999047619047621e-06	1.0000000000000003e-05
4100	9.93640552995392e-06	9.985368663594473e-06	1.0000000000000004e-05	1.0000000000000004e-05	1.0000000000000004e-05	1.0000000000000004e-05	1.0000000000000004e-05	1.0000000000000004e-05	1.0000000000000004e-05	1.0000000000000004e-05	1.0000000000000004e-05	1.0000000000000004e-05	1.0000000000000004e-05	1.0000000000000004e-05	1.0000000000000004e-05	1.0000000000000004e-05	1.0000000000000004e-05	9.99832949308756e-06	9.98968894009217e-06
4200	9.942972350230417e-06	9.986175115207376e-06	1.0000000000000004e-05	1.0000000000000004e-05	9.893375576036873e-06	8.140783410138253e-06	7.692626728110598e-06	5.9642857142857155e-06	4.507546082949311e-06	7.957834101382491e-06	9.327937788018436e-06	5.913248847926266e-06	4.257776497695853e-06	3.506509216589863e-06	5.0755760368663614e-06	9.246025345622125e-06	9.920449308755764e-06	9.93842165898618e-06	9.974539170506917e-06
4300	9.461290322580646e-06	9.532315668202769e-06	9.686175115207378e-06	9.442914746543783e-06	9.561175115207375e-06	9.966647465437792e-06	9.979377880184336e-06	9.983006912442402e-06	9.994930875576042e-06	1.0000000000000004e-05	1.0000000000000004e-05	9.999135944700465e-06	9.996774193548392e-06	9.997638248847929e-06	1.0000000000000004e-05	1.0000000000000004e-05	1.0000000000000004e-05	9.986866359447011e-06	9.963824884792633e-06
4400	4.031336405529954e-06	1.4122119815668202e-06	3.8882488479262664e-07	1.389746543778802e-06	6.044470046082954e-06	9.787154377880186e-06	9.910368663594473e-06	9.986347926267285e-06	1.0000000000000004e-05	1.0000000000000004e-05	1.0000000000000004e-05	1.0000000000000004e-05	9.999884792626732e-06	9.994124423963137e-06	9.993663594470051e-06	9.999423963133645e-06	9.99976958525346e-06	9.963191244239638e-06	9.911578341013833e-06
4500	4.266964285714286e-06	1.5669642857142863e-06	1.205357142857143e-08	1.117466517857143e-06	5.8002790178571454e-06	9.61411830357143e-06	9.90597098214286e-06	9.974665178571432e-06	9.926562500000007e-06	9.771149553571435e-06	9.700613839285718e-06	7.131975446428572e-06	4.324553571428572e-06	6.4671875000000005e-06	9.136383928571435e-06	7.885044642857148e-06	4.684263392857144e-06	6.060267857142859e-06	9.543247767857146e-06
4600	3.178928571428573e-06	1.3339285714285716e-06	8.357142857142856e-08	1.2308928571428576e-06	5.968750000000002e-06	9.61761904761905e-06	9.807976190476193e-06	9.928154761904764e-06	9.99994047619048e-06	1.0000000000000003e-05	1.0000000000000003e-05	1.0000000000000003e-05	1.0000000000000003e-05	1.0000000000000003e-05	1.0000000000000003e-05	1.0000000000000003e-05	1.0000000000000003e-05	1.0000000000000003e-05	1.0000000000000003e-05
4700	3.3464285714285705e-07	3.2404761904761907e-07	2.2511904761904763e-07	1.1011309523809526e-06	5.6902976190476205e-06	9.376904761904765e-06	9.481369047619051e-06	9.597321428571432e-06	9.825000000000002e-06	9.993333333333336e-06	9.99982142857143e-06	9.993214285714292e-06	9.971369047619051e-06	9.922440476190477e-06	9.937738095238096e-06	9.935714285714288e-06	9.897857142857146e-06	9.955297619047622e-06	9.999880952380957e-06
4800	7.469470046082952e-06	7.118317972350231e-06	5.618951612903226e-06	3.5973502304147456e-06	5.612096774193547e-06	4.125979262672811e-06	4.994239631336404e-07	2.0841013824884798e-07	2.8465437788018446e-06	7.76255760368664e-06	9.993145161290326e-06	9.980990783410143e-06	9.987500000000002e-06	9.963767281105996e-06	9.865898617511521e-06	9.777534562211985e-06	9.834331797235023e-06	9.958352534562215e-06	9.99976958525346e-06
4900	7.343317972350232e-06	7.247695852534562e-06	5.204608294930875e-06	3.333582949308756e-06	5.72955069124424e-06	4.023790322580647e-06	6.516705069124425e-07	3.921658986175115e-07	3.0026497695852547e-06	7.856221198156685e-06	1.0000000000000004e-05	1.0000000000000004e-05	1.0000000000000004e-05	9.958698156682033e-06	9.855817972350233e-06	9.77488479262673e-06	9.764055299539172e-06	9.829089861751155e-06	9.867914746543783e-06
5000	6.4388824884792626e-06	6.9338709677419365e-06	5.575000000000001e-06	2.1707949308755755e-06	3.838479262672812e-06	3.639400921658987e-06	9.736175115207374e-07	9.829493087557601e-07	3.3818548387096777e-06	7.931509216589863e-06	9.748675115207374e-06	7.343605990783411e-06	3.0550691244239654e-06	9.935483870967741e-07	1.99844470046083e-06	2.941935483870969e-06	2.033467741935484e-06	4.370449308755761e-06	8.637269585253459e-06
5100	2.961734693877552e-07	3.8571428571428574e-07	8.954081632653061e-08	4.545918367346937e-07	3.702168367346939e-06	3.595408163265306e-06	4.924744897959184e-07	2.378826530612245e-07	3.039349489795918e-06	7.844068877551022e-06	9.744323979591837e-06	7.371619897959182e-06	2.5252551020408166e-06	0.0	1.3422193877551023e-06	2.535714285714286e-06	1.5801020408163262e-06	4.185714285714287e-06	8.799107142857144e-06
5200	1.0000000000000003e-05	1.0000000000000003e-05	1.0000000000000003e-05	1.0000000000000003e-05	1.0000000000000003e-05	1.0000000000000003e-05	1.0000000000000003e-05	1.0000000000000003e-05	1.0000000000000003e-05	1.0000000000000003e-05	1.0000000000000003e-05	1.0000000000000003e-05	1.0000000000000003e-05	1.0000000000000003e-05	1.0000000000000003e-05	1.0000000000000003e-05	1.0000000000000003e-05	1.0000000000000003e-05	1.0000000000000003e-05
5300	9.994821428571431e-06	9.997797619047622e-06	1.0000000000000003e-05	1.0000000000000003e-05	1.0000000000000003e-05	1.0000000000000003e-05	1.0000000000000003e-05	1.0000000000000003e-05	9.998750000000001e-06	9.996666666666669e-06	9.997916666666668e-06	1.0000000000000003e-05	1.0000000000000003e-05	1.0000000000000003e-05	1.0000000000000003e-05	1.0000000000000003e-05	1.0000000000000003e-05	1.0000000000000003e-05	1.0000000000000003e-05
5400	9.803906250000003e-06	9.814453125000003e-06	9.91462053571429e-06	9.835100446428578e-06	8.681138392857148e-06	4.18052455357143e-06	7.338727678571426e-07	5.818080357142857e-07	3.549553571428571e-06	8.259151785714287e-06	9.84341517857143e-06	9.892912946428577e-06	9.923939732142862e-06	9.858593750000004e-06	9.848493303571434e-06	9.850223214285721e-06	9.792522321428578e-06	9.809375000000005e-06	9.865122767857146e-06
5500	9.875576036866367e-06	9.871255760368668e-06	9.92718894009217e-06	9.880587557603688e-06	9.270276497695856e-06	5.701555299539172e-06	2.685483870967743e-06	2.4896313364055297e-06	4.663536866359449e-06	8.43197004608295e-06	9.850691244239637e-06	9.918548387096777e-06	9.960080645161298e-06	9.933525345622127e-06	9.916993087557609e-06	9.894182027649774e-06	9.814573732718897e-06	8.320737327188942e-06	6.6429147465437785e-06
5600	9.796316964285721e-06	9.81785714285715e-06	9.916406250000006e-06	9.831138392857147e-06	8.83694196428572e-06	4.484486607142858e-06	5.112723214285714e-07	0.0	2.92109375e-06	7.774553571428575e-06	9.755022321428577e-06	9.87834821428572e-06	9.929631696428577e-06	9.860770089285718e-06	9.847488839285717e-06	9.749888392857147e-06	9.449609375000003e-06	9.565848214285717e-06	9.865178571428572e-06
5700	9.75993303571429e-06	9.823046875000008e-06	9.937779017857148e-06	9.841852678571435e-06	8.871707589285718e-06	4.901897321428572e-06	1.2066406250000001e-06	7.666294642857144e-07	2.4313616071428566e-06	3.411439732142857e-06	5.938616071428572e-06	9.484430803571432e-06	9.928459821428577e-06	9.605970982142858e-06	9.25597098214286e-06	9.493470982142862e-06	9.78889508928572e-06	9.830691964285718e-06	9.897767857142862e-06
5800	9.808525345622125e-06	9.816071428571434e-06	9.917050691244246e-06	9.860599078341017e-06	9.267799539170508e-06	6.271658986175117e-06	3.589170506912443e-06	3.288940092165898e-06	4.2550115207373254e-06	5.0097926267281095e-06	6.844758064516129e-06	9.475230414746546e-06	9.928974654377885e-06	9.83997695852535e-06	9.803629032258069e-06	9.851612903225811e-06	9.859562211981573e-06	9.870737327188944e-06	9.89781105990784e-06
5900	9.846305418719214e-06	9.812500000000001e-06	9.91613300492611e-06	9.999199507389166e-06	1.0000000000000003e-05	1.0000000000000003e-05	1.0000000000000003e-05	9.993780788177342e-06	9.010406403940887e-06	7.680972906403941e-06	8.517118226600986e-06	9.814285714285718e-06	9.915024630541875e-06	9.84963054187192e-06	9.833805418719214e-06	9.821182266009854e-06	9.80110837438424e-06	9.913977832512316e-06	9.987130541871925e-06
6000	9.962500000000007e-06	9.956785714285718e-06	9.982380952380957e-06	1.0000000000000003e-05	1.0000000000000003e-05	1.0000000000000003e-05	1.0000000000000003e-05	9.99839285714286e-06	9.70107142857143e-06	9.368690476190481e-06	8.858928571428573e-06	8.6614880952381e-06	9.443571428571432e-06	9.932678571428578e-06	9.9314880952381e-06	9.942202380952385e-06	9.947321428571434e-06	9.976011904761906e-06	9.994107142857144e-06
6100	1.0000000000000003e-05	1.0000000000000003e-05	1.0000000000000003e-05	1.0000000000000003e-05	1.0000000000000003e-05	1.0000000000000003e-05	1.0000000000000003e-05	1.0000000000000003e-05	1.0000000000000003e-05	1.0000000000000003e-05	1.0000000000000003e-05	1.0000000000000003e-05	1.0000000000000003e-05	1.0000000000000003e-05	1.0000000000000003e-05	1.0000000000000003e-05	1.0000000000000003e-05	1.0000000000000003e-05	1.0000000000000003e-05
6200	1.0000000000000004e-05	1.0000000000000004e-05	1.0000000000000004e-05	1.0000000000000004e-05	1.0000000000000004e-05	1.0000000000000004e-05	1.0000000000000004e-05	1.0000000000000004e-05	9.998883928571436e-06	9.99190848214286e-06	9.991741071428577e-06	9.998716517857147e-06	9.999162946428574e-06	9.99285714285715e-06	9.991462053571432e-06	9.99776785714286e-06	1.0000000000000004e-05	1.0000000000000004e-05	1.0000000000000004e-05
6300	9.857413419913421e-06	9.943831168831176e-06	9.996699134199139e-06	9.999567099567103e-06	1.0000000000000004e-05	1.0000000000000004e-05	9.996753246753253e-06	9.98820346320347e-06	9.964610389610394e-06	9.90735930735931e-06	9.922619047619053e-06	9.94918831168832e-06	9.913961038961044e-06	9.947023809523812e-06	9.924188311688315e-06	9.90519480519481e-06	9.974837662337665e-06	1.0000000000000004e-05	1.0000000000000004e-05
6400	9.974441964285719e-06	9.991015625000005e-06	9.999832589285719e-06	1.0000000000000004e-05	1.0000000000000004e-05	1.0000000000000004e-05	9.99748883928572e-06	9.994252232142865e-06	9.994866071428576e-06	9.996372767857149e-06	9.997544642857145e-06	9.99056919642858e-06	9.985044642857148e-06	9.990959821428577e-06	9.994419642857149e-06	9.994419642857149e-06	9.996261160714291e-06	9.999051339285718e-06	1.0000000000000004e-05
6500	9.878850446428575e-06	9.956640625000003e-06	9.999665178571431e-06	1.0000000000000004e-05	1.0000000000000004e-05	1.0000000000000004e-05	1.0000000000000004e-05	1.0000000000000004e-05	1.0000000000000004e-05	1.0000000000000004e-05	9.996986607142864e-06	9.950948660714293e-06	9.915513392857148e-06	9.961551339285717e-06	1.0000000000000004e-05	1.0000000000000004e-05	1.0000000000000004e-05	9.998102678571434e-06	9.995312500000007e-06
6600	9.864285714285715e-06	9.947202380952381e-06	9.999583333333337e-06	1.0000000000000003e-05	1.0000000000000003e-05	9.991666666666671e-06	9.927976190476193e-06	9.915000000000002e-06	9.978690476190477e-06	9.997738095238097e-06	9.960654761904766e-06	9.845773809523814e-06	9.846011904761907e-06	9.963154761904764e-06	1.0000000000000003e-05	1.0000000000000003e-05	9.99821428571429e-06	9.97833333333334e-06	9.959285714285719e-06
6700	9.855875576036868e-06	9.944412442396315e-06	9.996658986175118e-06	9.997407834101384e-06	1.0000000000000004e-05	9.99452764976959e-06	9.926728110599082e-06	9.90547235023042e-06	9.973271889400924e-06	1.0000000000000004e-05	9.968317972350237e-06	9.839285714285717e-06	9.829147465437792e-06	9.953974654377882e-06	9.990034562211985e-06	9.871255760368668e-06	9.633640552995395e-06	9.751843317972355e-06	9.992338709677424e-06
6800	9.736989795918371e-06	9.902423469387756e-06	9.999617346938778e-06	1e-05	1e-05	9.989604591836736e-06	9.927806122448978e-06	9.92110969387755e-06	9.982908163265307e-06	1e-05	9.969132653061225e-06	8.481760204081634e-06	6.6354591836734675e-06	8.111096938775513e-06	9.98826530612245e-06	1e-05	1e-05	9.998533163265307e-06	9.995344387755101e-06
6900	9.737154377880188e-06	9.906912442396317e-06	9.999827188940097e-06	9.986002304147469e-06	9.912672811059913e-06	9.913997695852539e-06	9.987327188940096e-06	9.97039170506913e-06	9.909101382488484e-06	9.925979262672812e-06	9.94337557603687e-06	9.84366359447005e-06	9.748732718894013e-06	9.850288018433184e-06	9.98911290322581e-06	1.0000000000000004e-05	1.0000000000000004e-05	1.0000000000000004e-05	1.0000000000000004e-05
7000	9.756970046082954e-06	9.904665898617516e-06	9.989919354838715e-06	9.982315668202768e-06	9.915149769585255e-06	9.909331797235026e-06	9.925403225806456e-06	9.91221198156682e-06	9.9205069124424e-06	9.948732718894014e-06	9.983986175115212e-06	9.966589861751156e-06	9.950460829493093e-06	9.972119815668208e-06	9.99804147465438e-06	1.0000000000000004e-05	1.0000000000000004e-05	1.0000000000000004e-05	1.0000000000000004e-05
7100	9.765380184331803e-06	9.830299539170512e-06	9.841877880184333e-06	9.880817972350232e-06	9.959101382488483e-06	9.962039170506918e-06	9.961463133640559e-06	9.304435483870972e-06	8.672695852534564e-06	9.352822580645164e-06	9.96912442396314e-06	9.94976958525346e-06	9.969009216589865e-06	9.969873271889406e-06	9.94953917050692e-06	9.96883640552996e-06	9.992281105990785e-06	9.999827188940097e-06	1.0000000000000004e-05
7200	9.77829241071429e-06	9.76808035714286e-06	9.769363839285715e-06	9.817466517857147e-06	9.907868303571433e-06	9.913169642857145e-06	9.903794642857146e-06	8.231919642857148e-06	6.536272321428573e-06	8.142354910714286e-06	9.725669642857149e-06	9.754296875000003e-06	9.881361607142864e-06	9.920870535714292e-06	9.86545758928572e-06	9.887332589285721e-06	9.955301339285717e-06	9.999497767857147e-06	1.0000000000000004e-05
7300	9.787109375e-06	9.774944196428576e-06	9.778794642857145e-06	9.817745535714289e-06	9.897042410714287e-06	9.910937500000003e-06	9.897042410714289e-06	8.349944196428573e-06	6.703738839285715e-06	8.178180803571429e-06	8.283147321428574e-06	6.695368303571431e-06	8.26422991071429e-06	9.929743303571431e-06	9.904854910714288e-06	9.964453125000004e-06	9.957031250000005e-06	9.810044642857146e-06	9.715625000000006e-06
7400	9.766935483870968e-06	9.55345622119816e-06	9.414804147465442e-06	9.670334101382492e-06	9.909447004608297e-06	9.91635944700461e-06	9.90247695852535e-06	8.322983870967747e-06	6.634389400921662e-06	8.27160138248848e-06	9.9094470046083e-06	9.809158986175122e-06	9.885714285714287e-06	9.955126728110604e-06	9.873675115207375e-06	9.872292626728116e-06	9.941877880184335e-06	9.896889400921665e-06	9.836463133640559e-06
7500	9.777649769585257e-06	9.754089861751151e-06	9.76226958525346e-06	9.808582949308756e-06	9.9028801843318e-06	9.912730414746546e-06	9.90362903225807e-06	7.953283410138253e-06	6.118721198156684e-06	8.135944700460831e-06	9.53531105990784e-06	8.580760368663596e-06	9.028341013824887e-06	9.93582949308756e-06	9.8594470046083e-06	9.874769585253458e-06	9.922983870967745e-06	9.846947004608299e-06	9.792972350230422e-06
7600	9.751428571428575e-06	9.75136904761905e-06	9.775535714285717e-06	9.817738095238097e-06	9.90494047619048e-06	9.918095238095241e-06	9.878035714285718e-06	6.989821428571428e-06	4.5802380952380955e-06	7.5253571428571446e-06	8.591369047619051e-06	6.3534523809523825e-06	7.74547619047619e-06	9.931607142857147e-06	9.840416666666667e-06	9.863154761904764e-06	9.913809523809526e-06	9.825119047619051e-06	9.786130952380955e-06
7700	1.0000000000000004e-05	1.0000000000000004e-05	1.0000000000000004e-05	1.0000000000000004e-05	1.0000000000000004e-05	1.0000000000000004e-05	1.0000000000000004e-05	1.0000000000000004e-05	1.0000000000000004e-05	1.0000000000000004e-05	1.0000000000000004e-05	1.0000000000000004e-05	1.0000000000000004e-05	1.0000000000000004e-05	1.0000000000000004e-05	1.0000000000000004e-05	1.0000000000000004e-05	1.0000000000000004e-05	1.0000000000000004e-05
7800	1.0000000000000004e-05	1.0000000000000004e-05	1.0000000000000004e-05	1.0000000000000004e-05	1.0000000000000004e-05	1.0000000000000004e-05	9.992187500000008e-06	9.977622767857152e-06	9.980357142857149e-06	9.965736607142861e-06	9.949330357142865e-06	9.977622767857147e-06	9.969754464285718e-06	9.950948660714293e-06	9.980245535714288e-06	9.999944196428575e-06	1.0000000000000004e-05	9.997098214285718e-06	9.988727678571433e-06
7900	1.0000000000000003e-05	9.999583333333333e-06	9.996666666666669e-06	9.997083333333336e-06	1.0000000000000003e-05	1.0000000000000003e-05	1.0000000000000003e-05	1.0000000000000003e-05	9.996190476190478e-06	9.950476190476194e-06	9.923809523809528e-06	9.968869047619051e-06	9.46601190476191e-06	7.872976190476194e-06	8.356904761904763e-06	9.947678571428575e-06	9.997083333333336e-06	9.995476190476192e-06	9.97761904761905e-06
8000	9.988273809523813e-06	9.986845238095243e-06	9.995595238095242e-06	1.0000000000000003e-05	9.99982142857143e-06	9.99684523809524e-06	9.99684523809524e-06	9.999821428571432e-06	9.99571428571429e-06	9.934345238095241e-06	9.897916666666669e-06	9.89559523809524e-06	9.119285714285717e-06	7.076011904761903e-06	7.847083333333335e-06	9.948154761904765e-06	9.993333333333336e-06	9.993988095238098e-06	9.970952380952384e-06
8100	1.0000000000000004e-05	1.0000000000000004e-05	1.0000000000000004e-05	1.0000000000000004e-05	9.995334101382492e-06	9.919873271889406e-06	9.904665898617516e-06	9.980126728110603e-06	9.995737327188945e-06	9.943317972350235e-06	9.815034562211986e-06	9.604550691244241e-06	9.080817972350231e-06	6.646428571428572e-06	7.180529953917053e-06	9.844758064516127e-06	9.966589861751155e-06	9.9947004608295e-06	9.97776497695853e-06
8200	1.0000000000000003e-05	1.0000000000000003e-05	1.0000000000000003e-05	1.0000000000000003e-05	9.989655172413796e-06	9.84581280788178e-06	9.810344827586211e-06	9.95418719211823e-06	9.995320197044336e-06	9.94137931034483e-06	9.870443349753698e-06	9.786145320197046e-06	9.236330049261085e-06	7.345258620689654e-06	7.86317733990148e-06	9.850800492610837e-06	9.897475369458131e-06	9.895012315270937e-06	9.934298029556656e-06
8300	9.995178571428574e-06	9.998154761904763e-06	1.0000000000000003e-05	1.0000000000000003e-05	1.0000000000000003e-05	1.0000000000000003e-05	1.0000000000000003e-05	1.0000000000000003e-05	1.0000000000000003e-05	1.0000000000000003e-05	1.0000000000000003e-05	1.0000000000000003e-05	9.99982142857143e-06	9.996726190476195e-06	9.958333333333338e-06	9.936785714285719e-06	9.082321428571431e-06	6.940654761904762e-06	6.277142857142856e-06
8400	9.987500000000006e-06	9.996736453201974e-06	1.0000000000000003e-05	1.0000000000000003e-05	1.0000000000000003e-05	1.0000000000000003e-05	1.0000000000000003e-05	1.0000000000000003e-05	1.0000000000000003e-05	9.998830049261085e-06	9.980172413793108e-06	9.966687192118231e-06	9.98534482758621e-06	9.995874384236457e-06	9.969027093596063e-06	9.969642857142862e-06	9.996490147783255e-06	1.0000000000000003e-05	1.0000000000000003e-05
8500	1.0000000000000004e-05	1.0000000000000004e-05	1.0000000000000004e-05	1.0000000000000004e-05	1.0000000000000004e-05	1.0000000000000004e-05	9.968080357142859e-06	9.91417410714286e-06	9.935044642857145e-06	9.970256696428576e-06	9.908537946428575e-06	9.891350446428577e-06	9.950725446428575e-06	9.971316964285722e-06	9.84006696428572e-06	9.797544642857147e-06	9.929799107142861e-06	9.986607142857147e-06	9.99899553571429e-06
8600	9.93145161290323e-06	9.92874423963134e-06	9.902361751152076e-06	9.953917050691249e-06	9.999884792626732e-06	9.999884792626732e-06	9.976497695852539e-06	9.919815668202768e-06	9.933179723502309e-06	9.981163594470047e-06	9.936059907834106e-06	9.920967741935485e-06	9.923559907834104e-06	9.302649769585258e-06	6.038767281105993e-06	5.998099078341016e-06	9.314516129032262e-06	1.0000000000000004e-05	1.0000000000000004e-05
8700	9.94015151515152e-06	9.932683982683987e-06	9.900919913419917e-06	9.937716450216455e-06	9.912175324675326e-06	9.8961038961039e-06	9.934253246753251e-06	9.898376623376628e-06	9.92218614718615e-06	9.975108225108229e-06	9.636850649350657e-06	9.47554112554113e-06	9.758495670995677e-06	8.709523809523812e-06	4.866612554112554e-06	5.4923160173160186e-06	9.39972943722944e-06	1.0000000000000004e-05	1.0000000000000004e-05
8800	9.955654761904765e-06	9.94916666666667e-06	9.902083333333336e-06	9.93107142857143e-06	9.912797619047622e-06	9.906666666666668e-06	9.961726190476194e-06	9.916190476190479e-06	9.924880952380955e-06	9.963750000000001e-06	9.86755952380953e-06	9.818690476190479e-06	9.87386904761905e-06	9.473035714285716e-06	5.208452380952383e-06	4.691666666666669e-06	9.013452380952383e-06	1.0000000000000003e-05	1.0000000000000003e-05
8900	9.940800865800871e-06	9.93825757575758e-06	9.900811688311689e-06	9.945346320346321e-06	9.99015151515152e-06	9.989069264069268e-06	9.997619047619051e-06	1.0000000000000004e-05	1.0000000000000004e-05	1.0000000000000004e-05	9.999945887445892e-06	9.995833333333337e-06	9.99399350649351e-06	9.998106060606064e-06	1.0000000000000004e-05	9.999621212121213e-06	9.959415584415589e-06	9.928679653679658e-06	9.960768398268406e-06
9000	9.918247767857149e-06	9.73839285714286e-06	9.431250000000004e-06	9.622991071428577e-06	9.970703125000007e-06	9.987890625000003e-06	9.994308035714289e-06	9.984988839285719e-06	9.98844866071429e-06	9.996819196428576e-06	9.975781250000009e-06	9.946205357142862e-06	9.891350446428574e-06	9.716406250000005e-06	9.12198660714286e-06	9.137444196428576e-06	9.732812500000004e-06	9.851004464285721e-06	9.887500000000005e-06
9100	9.952399553571436e-06	9.826618303571434e-06	9.747321428571432e-06	9.873549107142861e-06	9.968861607142863e-06	9.90591517857143e-06	9.928794642857145e-06	9.994084821428575e-06	1.0000000000000004e-05	1.0000000000000004e-05	1.0000000000000004e-05	9.97366071428572e-06	9.889787946428575e-06	9.891573660714291e-06	9.900390625000005e-06	9.84503348214286e-06	9.84196428571429e-06	9.887276785714291e-06	9.959821428571436e-06
9200	9.9991935483871e-06	9.943894009216594e-06	9.833640552995393e-06	9.843778801843321e-06	9.839285714285718e-06	9.813940092165901e-06	9.899251152073739e-06	9.904089861751155e-06	9.928629032258068e-06	9.994297235023046e-06	1.0000000000000004e-05	9.980529953917056e-06	9.910714285714291e-06	9.852246543778807e-06	9.796774193548392e-06	9.798041474654382e-06	9.866301843317978e-06	9.845679723502306e-06	9.804781105990786e-06
9300	9.998905529953921e-06	9.967108294930882e-06	9.875345622119823e-06	9.856509216589866e-06	9.834735023041476e-06	9.815783410138251e-06	9.904781105990786e-06	9.906336405529956e-06	9.924942396313367e-06	9.99297235023042e-06	1.0000000000000004e-05	9.976324884792633e-06	9.907200460829499e-06	9.860771889400925e-06	9.798156682027655e-06	9.787039170506917e-06	9.870910138248853e-06	9.841474654377883e-06	9.76837557603687e-06
9400	9.999030612244909e-06	9.949846938775518e-06	9.864489795918375e-06	9.858265306122455e-06	9.515510204081636e-06	9.153877551020412e-06	9.557755102040821e-06	9.910612244897965e-06	9.926071428571436e-06	9.990255102040824e-06	1.000000000000001e-05	9.976581632653069e-06	9.917857142857147e-06	9.872346938775516e-06	9.537244897959188e-06	9.467040816326536e-06	9.830051020408168e-06	9.49663265306123e-06	9.009591836734698e-06
9500	9.999609375000005e-06	9.945814732142859e-06	9.840624999999999e-06	9.838783482142858e-06	9.349888392857146e-06	8.900334821428574e-06	9.460267857142861e-06	9.895703125000004e-06	9.921484375000001e-06	9.991238839285719e-06	9.994921875000006e-06	9.956417410714296e-06	9.888225446428576e-06	9.82511160714286e-06	9.005524553571433e-06	8.897600446428574e-06	9.745145089285713e-06	9.846595982142862e-06	9.766350446428578e-06
9600	9.979687500000005e-06	9.90161830357143e-06	9.650725446428573e-06	9.673214285714287e-06	9.628069196428576e-06	9.402064732142861e-06	9.671986607142864e-06	9.895982142857145e-06	9.849274553571432e-06	9.837890625000005e-06	9.906473214285717e-06	9.914397321428576e-06	9.831305803571431e-06	9.88928571428572e-06	9.920479910714289e-06	9.82940848214286e-06	9.877957589285719e-06	9.815122767857148e-06	9.605859375e-06
9700	9.995794930875577e-06	9.920564516129036e-06	9.5125e-06	9.514458525345623e-06	9.812269585253459e-06	9.73369815668203e-06	9.766647465437792e-06	9.88058755760369e-06	9.95783410138249e-06	9.998617511520743e-06	1.0000000000000004e-05	1.0000000000000004e-05	9.998963133640558e-06	9.996774193548392e-06	9.995161290322584e-06	9.988652073732724e-06	9.989746543778806e-06	9.998444700460834e-06	1.0000000000000004e-05
9800	9.996316964285719e-06	9.95368303571429e-06	9.843973214285717e-06	9.83097098214286e-06	7.955412946428575e-06	6.972265625000001e-06	8.875725446428573e-06	9.908314732142862e-06	9.991015625000002e-06	1.0000000000000004e-05	9.974720982142862e-06	8.243080357142858e-06	5.996651785714284e-06	7.681863839285715e-06	9.885100446428576e-06	6.8210937500000044e-06	5.308537946428571e-06	8.271428571428574e-06	9.738058035714286e-06
9900	9.992640692640694e-06	9.9430735930736e-06	9.842748917748922e-06	9.821590909090913e-06	8.198917748917752e-06	7.460876623376624e-06	9.075974025974026e-06	9.827326839826843e-06	9.934956709956715e-06	9.99778138528139e-06	9.975216450216454e-06	7.930952380952383e-06	5.8019480519480546e-06	7.797294372294375e-06	9.823809523809529e-06	7.533766233766235e-06	6.489772727272728e-06	8.668398268398272e-06	9.701677489177495e-06
10000	9.995059523809526e-06	9.951488095238101e-06	9.858928571428573e-06	9.281309523809525e-06	5.423630952380951e-06	5.2694642857142885e-06	9.107440476190477e-06	9.83559523809524e-06	9.94809523809524e-06	9.998273809523813e-06	9.972619047619049e-06	8.56809523809524e-06	6.310654761904762e-06	7.674583333333336e-06	9.81886904761905e-06	6.6807142857142846e-06	5.474226190476192e-06	8.518095238095243e-06	9.755000000000007e-06
