	site
generation	50	100	150	200	250	300	350	400	450	500	550	600	650	700	750	800	850	900	950
0	1.000000000000001e-05	1.000000000000001e-05	1.000000000000001e-05	1.000000000000001e-05	1.000000000000001e-05	1.000000000000001e-05	1.000000000000001e-05	1.000000000000001e-05	1.000000000000001e-05	1.000000000000001e-05	1.000000000000001e-05	1.000000000000001e-05	1.000000000000001e-05	1.000000000000001e-05	1.000000000000001e-05	1.000000000000001e-05	1.000000000000001e-05	1.000000000000001e-05	1.000000000000001e-05
100	9.990290178571436e-06	9.926841517857148e-06	9.897488839285718e-06	9.888950892857148e-06	9.912220982142862e-06	9.984207589285718e-06	1.0000000000000004e-05	1.0000000000000004e-05	1.0000000000000004e-05	1.0000000000000004e-05	1.0000000000000004e-05	1.0000000000000004e-05	1.0000000000000004e-05	1.0000000000000004e-05	1.0000000000000004e-05	1.0000000000000004e-05	1.0000000000000004e-05	1.0000000000000004e-05	1.0000000000000004e-05
200	9.989166666666673e-06	9.924761904761907e-06	9.899226190476193e-06	9.858392857142858e-06	9.818154761904762e-06	9.920059523809523e-06	9.978214285714292e-06	9.915833333333338e-06	9.915238095238098e-06	9.977202380952382e-06	9.98666666666667e-06	9.99041666666667e-06	1.0000000000000003e-05	1.0000000000000003e-05	1.0000000000000003e-05	1.0000000000000003e-05	1.0000000000000003e-05	9.989047619047625e-06	9.97416666666667e-06
300	9.995779220779227e-06	9.993831168831173e-06	9.920346320346327e-06	9.82137445887446e-06	9.876623376623382e-06	9.980248917748922e-06	1.0000000000000004e-05	9.99761904761905e-06	9.9801406926407e-06	9.97207792207793e-06	9.98955627705628e-06	9.999621212121213e-06	9.950162337662345e-06	9.904220779220786e-06	9.95286796536797e-06	9.999188311688315e-06	1.0000000000000004e-05	9.99415584415585e-06	9.98333333333334e-06
400	1.0000000000000004e-05	1.0000000000000004e-05	1.0000000000000004e-05	1.0000000000000004e-05	9.994588744588752e-06	9.981926406926413e-06	9.96639610389611e-06	9.837283549783555e-06	9.755519480519486e-06	9.862608225108228e-06	9.965313852813855e-06	9.99935064935065e-06	9.958441558441565e-06	9.910119047619053e-06	9.950649350649353e-06	9.999621212121217e-06	9.995725108225113e-06	9.881006493506498e-06	9.720238095238102e-06
500	1.0000000000000004e-05	9.990963203463208e-06	9.438852813852818e-06	8.786093073593077e-06	9.288744588744592e-06	9.884199134199136e-06	9.917640692640695e-06	9.910876623376626e-06	9.840746753246757e-06	9.882413419913423e-06	9.968560606060609e-06	9.999188311688315e-06	9.949945887445893e-06	9.901461038961046e-06	9.950054112554116e-06	9.999350649350653e-06	9.996049783549789e-06	9.89053030303031e-06	9.737554112554116e-06
600	9.759642857142862e-06	9.765059523809525e-06	9.837738095238099e-06	9.962857142857145e-06	9.999583333333337e-06	9.997738095238099e-06	9.74202380952381e-06	9.225357142857144e-06	9.36946428571429e-06	9.846904761904765e-06	9.958511904761907e-06	9.999285714285717e-06	9.949880952380954e-06	9.900773809523812e-06	9.950119047619047e-06	9.99994047619048e-06	9.997321428571433e-06	9.885059523809527e-06	9.718095238095243e-06
700	9.81653225806452e-06	9.796025345622123e-06	9.860944700460836e-06	9.979377880184336e-06	1.0000000000000004e-05	9.996774193548392e-06	9.696313364055304e-06	9.071428571428573e-06	9.247119815668205e-06	9.767741935483875e-06	9.872695852534566e-06	9.979665898617513e-06	9.9469470046083e-06	9.900633640552998e-06	9.950230414746547e-06	9.916762672811064e-06	9.864170506912447e-06	7.172983870967745e-06	2.850633640552994e-06
800	9.936635944700464e-06	9.982718894009221e-06	9.96866359447005e-06	8.932200460829495e-06	8.520161290322582e-06	9.476036866359448e-06	9.816820276497695e-06	9.794182027649772e-06	9.793951612903226e-06	9.796025345622122e-06	9.877822580645165e-06	9.978052995391704e-06	9.955990783410143e-06	9.901958525345629e-06	9.941186635944704e-06	9.929550691244246e-06	9.90005760368664e-06	9.851209677419358e-06	9.714631336405532e-06
900	9.949080086580092e-06	9.986958874458878e-06	9.972619047619056e-06	8.311688311688315e-06	7.615097402597403e-06	9.205681818181821e-06	9.831926406926408e-06	9.645670995671e-06	9.641233766233768e-06	9.798538961038966e-06	9.884577922077927e-06	9.964502164502168e-06	9.857034632034635e-06	9.819913419913424e-06	9.940909090909095e-06	9.936309523809528e-06	9.897348484848492e-06	9.848376623376626e-06	9.72489177489178e-06
1000	9.966904761904766e-06	9.990714285714288e-06	9.980833333333334e-06	8.650476190476194e-06	8.153869047619047e-06	9.42232142857143e-06	9.923035714285717e-06	9.918809523809527e-06	8.812083333333335e-06	7.209821428571429e-06	8.31684523809524e-06	9.969642857142862e-06	9.864642857142863e-06	9.819047619047621e-06	9.868035714285719e-06	9.889107142857145e-06	9.898095238095243e-06	9.920773809523812e-06	9.982559523809528e-06
1100	9.907142857142862e-06	9.971255760368669e-06	9.969124423963136e-06	8.774135944700464e-06	8.164458525345624e-06	9.276209677419357e-06	9.90109447004609e-06	9.914976958525351e-06	9.205472350230414e-06	7.286347926267282e-06	7.754896313364055e-06	9.722580645161294e-06	9.870910138248851e-06	9.842511520737329e-06	9.948041474654381e-06	9.999366359447008e-06	1.0000000000000004e-05	1.0000000000000004e-05	1.0000000000000004e-05
1200	9.955524553571436e-06	9.989006696428575e-06	9.975669642857148e-06	8.54302455357143e-06	8.048772321428575e-06	9.411272321428572e-06	9.917020089285719e-06	9.925502232142865e-06	8.826283482142859e-06	6.315178571428573e-06	7.192075892857141e-06	9.744363839285718e-06	9.849162946428579e-06	9.820703125000003e-06	9.950390625000004e-06	9.979017857142864e-06	9.91534598214286e-06	9.920312500000005e-06	9.984654017857146e-06
1300	9.92210591133005e-06	9.977524630541874e-06	9.965024630541878e-06	8.926785714285716e-06	8.43817733990148e-06	9.40098522167488e-06	9.912315270935961e-06	9.914963054187196e-06	9.317179802955665e-06	5.738546798029557e-06	4.805849753694581e-06	8.433189655172413e-06	9.861391625615762e-06	9.823522167487686e-06	9.936330049261084e-06	9.983928571428575e-06	9.914470443349756e-06	9.91256157635468e-06	9.983743842364534e-06
1400	9.900216450216452e-06	9.943506493506498e-06	9.948809523809528e-06	9.143019480519486e-06	8.756872294372299e-06	9.501298701298704e-06	9.909794372294377e-06	9.91580086580087e-06	9.185660173160175e-06	5.646590909090908e-06	4.928300865800867e-06	8.513203463203467e-06	9.858874458874463e-06	9.824945887445892e-06	9.937067099567107e-06	9.983225108225115e-06	9.917640692640695e-06	9.914339826839832e-06	9.983170995671e-06
1500	9.986463133640558e-06	9.992338709677424e-06	9.969815668202766e-06	9.229377880184335e-06	9.051555299539175e-06	9.768663594470047e-06	9.96664746543779e-06	9.932027649769592e-06	8.858813364055299e-06	6.011578341013823e-06	6.867453917050691e-06	9.701440092165898e-06	9.860944700460832e-06	9.889746543778805e-06	9.948214285714287e-06	9.904032258064518e-06	9.772926267281108e-06	9.797753456221201e-06	9.92108294930876e-06
1600	1.0000000000000003e-05	9.993511904761907e-06	9.947380952380957e-06	9.936488095238099e-06	9.98261904761905e-06	1.0000000000000003e-05	9.992083333333335e-06	9.764345238095241e-06	8.475178571428572e-06	6.246666666666669e-06	7.389702380952383e-06	9.843928571428573e-06	9.947142857142861e-06	9.89827380952381e-06	9.904702380952383e-06	9.931428571428573e-06	9.931607142857147e-06	9.945357142857145e-06	9.989583333333335e-06
1700	9.858064516129036e-06	9.892914746543784e-06	9.904665898617514e-06	9.907891705069128e-06	9.974711981566824e-06	9.998214285714291e-06	9.96670506912443e-06	9.698847926267287e-06	8.012442396313366e-06	5.7092741935483865e-06	7.275691244239633e-06	9.846831797235027e-06	9.94493087557604e-06	9.894873271889404e-06	9.876382488479262e-06	9.890264976958525e-06	9.894412442396317e-06	9.914170506912444e-06	9.97903225806452e-06
1800	9.933761160714288e-06	9.948493303571432e-06	9.950446428571432e-06	9.95563616071429e-06	9.979966517857145e-06	9.946093750000004e-06	9.881584821428574e-06	9.690234375000002e-06	8.711718750000003e-06	6.496930803571429e-06	7.374107142857145e-06	9.82254464285715e-06	9.95133928571429e-06	9.893694196428575e-06	9.879241071428576e-06	9.894866071428573e-06	9.893582589285718e-06	9.92751116071429e-06	9.989564732142862e-06
1900	1.0000000000000004e-05	1.0000000000000004e-05	9.96843317972351e-06	9.836059907834104e-06	9.774827188940095e-06	9.77759216589862e-06	9.778283410138253e-06	9.812500000000003e-06	9.365552995391707e-06	8.332891705069126e-06	8.83312211981567e-06	9.896140552995395e-06	9.86964285714286e-06	9.886866359447007e-06	9.952073732718897e-06	9.999884792626732e-06	1.0000000000000004e-05	1.0000000000000004e-05	1.0000000000000004e-05
2000	9.103154761904764e-06	9.48982142857143e-06	9.93154761904762e-06	9.922440476190477e-06	9.90869047619048e-06	9.972083333333334e-06	9.9214880952381e-06	8.863511904761906e-06	7.174940476190475e-06	5.628690476190476e-06	7.0601190476190495e-06	9.662976190476193e-06	9.84803571428572e-06	9.693452380952385e-06	9.81059523809524e-06	9.948750000000005e-06	9.943392857142862e-06	9.919404761904765e-06	9.911071428571434e-06
2100	5.981912442396311e-06	6.413997695852533e-06	8.966993087557604e-06	9.850864055299543e-06	9.902937788018436e-06	9.972062211981569e-06	9.865322580645163e-06	9.55334101382489e-06	8.402649769585254e-06	6.439804147465438e-06	7.611578341013826e-06	9.886635944700464e-06	9.903168202764983e-06	9.799769585253462e-06	9.789400921658987e-06	9.795679723502305e-06	9.811578341013827e-06	9.832027649769588e-06	9.868548387096776e-06
2200	6.729435483870965e-06	6.578744239631336e-06	8.894527649769585e-06	9.846313364055301e-06	9.728801843317974e-06	9.350806451612907e-06	9.44464285714286e-06	9.578801843317974e-06	8.249078341013827e-06	7.118605990783412e-06	8.441013824884794e-06	9.826728110599084e-06	9.857430875576042e-06	9.890092165898623e-06	9.87292626728111e-06	9.854665898617511e-06	9.851267281105995e-06	9.833122119815671e-06	9.849654377880184e-06
2300	9.961383928571437e-06	9.913281250000003e-06	9.913671875000005e-06	9.951674107142865e-06	9.432366071428576e-06	7.646372767857146e-06	8.009319196428575e-06	8.379520089285716e-06	5.567689732142854e-06	4.330747767857142e-06	7.171763392857145e-06	9.839229910714289e-06	9.90362723214286e-06	9.799051339285718e-06	9.77979910714286e-06	9.808370535714287e-06	9.877343750000002e-06	9.90401785714286e-06	9.902287946428575e-06
2400	9.929707792207796e-06	9.893073593073597e-06	9.939772727272735e-06	9.99442640692641e-06	9.556331168831173e-06	7.535443722943724e-06	7.773214285714288e-06	7.60292207792208e-06	3.833549783549783e-06	3.5634740259740264e-06	7.421861471861472e-06	9.821861471861474e-06	9.839880952380955e-06	9.789393939393946e-06	8.012229437229443e-06	7.130248917748918e-06	8.922240259740263e-06	9.842099567099572e-06	9.876515151515153e-06
2500	9.848452380952383e-06	9.87714285714286e-06	9.960238095238096e-06	9.998809523809528e-06	9.595833333333337e-06	7.1992261904761926e-06	7.331130952380953e-06	7.5788690476190486e-06	3.912142857142856e-06	4.5207738095238096e-06	8.363690476190476e-06	9.877380952380954e-06	9.799226190476196e-06	9.795357142857147e-06	9.967976190476191e-06	9.999583333333337e-06	1.0000000000000003e-05	1.0000000000000003e-05	1.0000000000000003e-05
2600	1.0000000000000004e-05	1.0000000000000004e-05	1.0000000000000004e-05	9.99976958525346e-06	9.2043202764977e-06	6.707488479262677e-06	7.075921658986177e-06	7.173963133640552e-06	2.796947004608294e-06	1.6495391705069124e-06	6.1348502304147476e-06	9.604838709677424e-06	9.851267281105995e-06	9.919239631336409e-06	9.988652073732722e-06	9.98006912442397e-06	9.904723502304151e-06	9.840610599078342e-06	9.83819124423963e-06
2700	1.0000000000000003e-05	1.0000000000000003e-05	1.0000000000000003e-05	9.99946428571429e-06	9.441666666666673e-06	6.492738095238096e-06	6.678809523809523e-06	7.501964285714286e-06	3.580833333333334e-06	3.25202380952381e-06	7.404583333333335e-06	9.796785714285718e-06	9.876250000000002e-06	9.930357142857146e-06	9.984107142857142e-06	9.860119047619051e-06	9.811071428571433e-06	7.43732142857143e-06	3.472619047619048e-06
2800	9.995476190476192e-06	9.998452380952385e-06	1.0000000000000003e-05	9.999107142857146e-06	9.368452380952386e-06	5.882857142857145e-06	6.045476190476191e-06	7.467797619047621e-06	3.862321428571427e-06	3.64952380952381e-06	7.502916666666668e-06	9.657559523809527e-06	9.766547619047623e-06	9.886488095238097e-06	9.988630952380956e-06	9.85601190476191e-06	9.821845238095243e-06	7.430238095238097e-06	3.610297619047619e-06
2900	1.0000000000000004e-05	1.0000000000000004e-05	1.0000000000000004e-05	9.99977678571429e-06	9.570758928571432e-06	7.324274553571432e-06	7.429743303571433e-06	7.371707589285718e-06	3.035770089285715e-06	2.2445870535714288e-06	6.79140625e-06	9.405412946428571e-06	8.354910714285716e-06	8.729129464285718e-06	9.86813616071429e-06	9.896875000000005e-06	9.822767857142865e-06	9.785100446428576e-06	9.70758928571429e-06
3000	9.984404761904767e-06	9.996309523809526e-06	9.98744047619048e-06	9.918988095238098e-06	9.223928571428575e-06	6.492678571428572e-06	6.763214285714286e-06	7.330595238095238e-06	3.2980357142857137e-06	2.565952380952381e-06	6.848928571428573e-06	9.414464285714287e-06	8.448809523809526e-06	8.741785714285717e-06	9.806964285714289e-06	9.81404761904762e-06	9.80482142857143e-06	9.788333333333336e-06	9.72696428571429e-06
3100	9.731566820276503e-06	9.898271889400926e-06	9.99965437788019e-06	9.998271889400928e-06	8.121198156682031e-06	4.770218894009217e-06	6.202937788018434e-06	7.077592165898616e-06	5.0498271889400925e-06	7.278686635944702e-06	9.748387096774198e-06	9.132718894009222e-06	6.52102534562212e-06	7.304262672811062e-06	9.849020737327191e-06	9.902764976958529e-06	9.972119815668204e-06	1.0000000000000004e-05	1.0000000000000004e-05
3200	9.78354978354979e-06	9.915692640692645e-06	9.99799783549784e-06	9.996482683982689e-06	7.895129870129875e-06	5.0023268398268405e-06	6.71482683982684e-06	7.709090909090909e-06	5.4918831168831174e-06	7.05335497835498e-06	9.657034632034635e-06	9.655140692640697e-06	7.584848484848488e-06	7.788636363636364e-06	9.800595238095243e-06	9.904058441558446e-06	9.966341991341995e-06	1.0000000000000004e-05	1.0000000000000004e-05
3300	9.720737327188944e-06	9.890380184331801e-06	9.999711981566823e-06	9.998963133640555e-06	8.199654377880186e-06	4.8448156682027656e-06	6.1258064516129025e-06	7.050806451612901e-06	4.680299539170506e-06	6.715149769585255e-06	9.603917050691247e-06	9.385771889400927e-06	6.2311059907834134e-06	6.719930875576039e-06	9.799942396313367e-06	9.897523041474658e-06	9.968951612903228e-06	9.996716589861755e-06	1.0000000000000004e-05
3400	9.729262672811067e-06	9.904838709677423e-06	9.999884792626732e-06	9.99861751152074e-06	8.072580645161294e-06	4.7067972350230425e-06	6.217453917050691e-06	7.2776497695852515e-06	4.948559907834103e-06	6.777937788018434e-06	9.519239631336409e-06	8.494642857142861e-06	4.5698156682027665e-06	5.8426267281106015e-06	9.426843317972354e-06	8.888306451612904e-06	9.203571428571433e-06	9.971486175115211e-06	1.0000000000000004e-05
3500	9.741009852216752e-06	9.910160098522169e-06	9.999815270935965e-06	9.999384236453204e-06	8.174261083743844e-06	4.785837438423646e-06	5.6736453201970455e-06	4.651231527093599e-06	2.1565270935960587e-06	5.924876847290641e-06	9.354064039408868e-06	8.286083743842366e-06	4.8634852216748775e-06	6.3599753694581305e-06	9.609113300492612e-06	9.573830049261085e-06	9.666256157635468e-06	9.884298029556651e-06	9.968165024630542e-06
3600	2.656926406926407e-06	7.358495670995672e-06	9.993614718614723e-06	9.998322510822513e-06	8.160389610389615e-06	4.816017316017316e-06	4.769155844155846e-06	3.7918831168831168e-06	2.9437770562770555e-06	6.9386363636363655e-06	9.669047619047623e-06	8.808279220779223e-06	5.668452380952382e-06	6.605140692640695e-06	9.612067099567107e-06	9.764502164502172e-06	9.818993506493508e-06	9.88614718614719e-06	9.967207792207797e-06
3700	2.281428571428572e-06	7.1127976190476226e-06	8.477619047619049e-06	7.2302976190476185e-06	6.294285714285716e-06	4.356190476190476e-06	2.8454761904761896e-06	1.151309523809524e-06	1.943035714285714e-06	6.476726190476189e-06	9.642678571428574e-06	8.699107142857143e-06	4.982202380952381e-06	5.860238095238095e-06	9.443988095238098e-06	9.762023809523811e-06	9.817083333333338e-06	9.881904761904764e-06	9.963511904761907e-06
3800	1.0000000000000004e-05	9.987445887445894e-06	8.626298701298705e-06	7.467316017316019e-06	6.857196969696972e-06	4.498430735930735e-06	2.352867965367965e-06	9.912878787878787e-07	2.543344155844156e-06	7.066396103896106e-06	9.611093073593078e-06	8.305898268398272e-06	4.681872294372295e-06	6.061093073593076e-06	9.544859307359315e-06	9.74058441558442e-06	9.82976190476191e-06	9.893668831168834e-06	9.964826839826844e-06
3900	1.0000000000000003e-05	9.990332512315277e-06	8.264655172413796e-06	7.1549261083743845e-06	6.2955665024630544e-06	4.060960591133005e-06	2.7440886699507403e-06	1.2942733990147784e-06	2.1320812807881774e-06	6.551477832512316e-06	9.56366995073892e-06	8.426231527093596e-06	4.944581280788178e-06	6.10652709359606e-06	9.478571428571432e-06	9.740825123152712e-06	9.831527093596061e-06	9.891687192118228e-06	9.962500000000002e-06
4000	1.0000000000000004e-05	9.991474654377885e-06	8.00414746543779e-06	6.805587557603688e-06	6.435195852534565e-06	4.014112903225807e-06	2.522753456221197e-06	1.365552995391705e-06	1.6050691244239623e-06	4.848387096774194e-06	8.43582949308756e-06	8.383294930875577e-06	5.860253456221198e-06	7.3173387096774205e-06	9.790380184331798e-06	9.856624423963133e-06	9.845564516129034e-06	9.872465437788022e-06	9.955645161290325e-06
4100	9.985825892857149e-06	9.98610491071429e-06	8.10479910714286e-06	5.359598214285715e-06	4.989787946428571e-06	4.190234375000001e-06	2.465569196428572e-06	1.2261160714285713e-06	1.8592633928571424e-06	5.031026785714286e-06	8.349218750000004e-06	8.408928571428574e-06	5.1640625e-06	6.583872767857145e-06	9.783984375000003e-06	9.84469866071429e-06	9.834988839285717e-06	9.888281250000004e-06	9.970200892857147e-06
4200	1.0000000000000003e-05	9.998399014778327e-06	9.899137931034485e-06	9.627093596059113e-06	8.333189655172412e-06	4.174261083743842e-06	8.021551724137933e-07	2.3472906403940885e-07	2.1219827586206893e-06	6.628448275862071e-06	9.498645320197045e-06	8.367302955665029e-06	4.654987684729065e-06	6.076600985221675e-06	9.715086206896552e-06	9.835652709359605e-06	9.832266009852219e-06	9.887869458128082e-06	9.9698275862069e-06
4300	1.0000000000000003e-05	9.993965517241383e-06	8.873029556650248e-06	6.956096059113303e-06	4.6373152709359606e-06	3.6815270935960606e-06	3.3655172413793115e-06	1.2475985221674881e-06	8.977832512315267e-07	3.749999999999999e-06	7.839716748768475e-06	9.101046798029561e-06	5.8306650246305424e-06	6.423583743842368e-06	9.641871921182268e-06	9.863793103448274e-06	9.848275862068966e-06	9.874692118226603e-06	9.955049261083746e-06
4400	1.0000000000000004e-05	9.992694805194809e-06	8.020887445887448e-06	4.530465367965368e-06	3.688203463203463e-06	3.6687770562770557e-06	2.4606060606060603e-06	9.836038961038962e-07	1.9213203463203466e-06	6.464935064935066e-06	9.481980519480525e-06	8.404491341991342e-06	5.434848484848485e-06	6.716720779220782e-06	9.608116883116885e-06	9.759036796536801e-06	9.82294372294373e-06	9.88019480519481e-06	9.943073593073597e-06
4500	1.000000000000001e-05	9.990918367346946e-06	8.367040816326537e-06	4.602244897959184e-06	3.1854081632653052e-06	3.4152551020408153e-06	2.3475510204081623e-06	8.915816326530611e-07	1.836683673469388e-06	6.504897959183677e-06	9.599846938775513e-06	8.46867346938776e-06	5.270153061224488e-06	6.445357142857145e-06	9.569132653061225e-06	9.764897959183678e-06	9.887040816326537e-06	9.974387755102047e-06	9.977500000000002e-06
4600	1.0000000000000004e-05	9.983179723502312e-06	8.326267281105995e-06	3.4923963133640568e-06	8.83410138248848e-07	1.7211981566820276e-06	5.392741935483872e-06	6.923963133640553e-06	5.182258064516129e-06	7.237327188940094e-06	8.91036866359447e-06	7.449366359447005e-06	4.183640552995392e-06	3.941532258064516e-06	4.685714285714287e-06	6.647811059907834e-06	9.832373271889403e-06	1.0000000000000004e-05	1.0000000000000004e-05
4700	1e-05	9.989158163265303e-06	8.172959183673471e-06	3.3422193877551024e-06	8.127551020408165e-07	1.8809948979591838e-06	5.864987244897961e-06	7.821173469387756e-06	5.022767857142856e-06	6.239413265306124e-06	9.297704081632655e-06	8.007206632653062e-06	4.399170918367348e-06	4.299170918367347e-06	5.001658163265306e-06	6.863329081632655e-06	9.817793367346943e-06	9.901020408163265e-06	9.931568877551022e-06
4800	1.0000000000000004e-05	9.990313852813858e-06	7.938528138528139e-06	3.05633116883117e-06	3.8571428571428574e-07	2.0622294372294374e-06	6.2975108225108235e-06	7.39231601731602e-06	5.139448051948051e-06	6.9034632034632056e-06	9.513528138528144e-06	8.224783549783551e-06	4.718506493506494e-06	6.100865800865805e-06	9.737067099567102e-06	1.0000000000000004e-05	9.95752164502165e-06	9.902056277056282e-06	9.928300865800874e-06
4900	9.995089285714295e-06	9.988783482142861e-06	8.35212053571429e-06	3.4184709821428584e-06	5.7254464285714285e-08	1.9140624999999995e-06	6.5939174107142876e-06	7.838504464285715e-06	4.687444196428572e-06	5.628069196428574e-06	8.482366071428575e-06	7.665736607142858e-06	4.238727678571428e-06	5.666127232142862e-06	9.710044642857147e-06	9.99977678571429e-06	9.908370535714293e-06	9.843973214285723e-06	9.935379464285718e-06
5000	1.0000000000000004e-05	9.986796536796542e-06	8.755194805194808e-06	4.205844155844156e-06	1.4417748917748916e-06	2.5753246753246757e-06	2.5456709956709953e-06	2.7892316017316028e-06	4.2508658008658005e-06	6.9960497835497865e-06	9.47402597402598e-06	8.399458874458878e-06	4.395400432900434e-06	5.78062770562771e-06	9.870400432900436e-06	9.998971861471865e-06	9.879707792207798e-06	9.802705627705633e-06	9.908441558441562e-06
5100	9.966194581280786e-06	9.897167487684732e-06	7.2006157635467986e-06	2.8503078817733984e-06	1.2395320197044338e-06	1.5283251231527093e-06	2.76841133004926e-06	4.259482758620689e-06	4.310406403940886e-06	6.711576354679803e-06	9.623029556650248e-06	8.36022167487685e-06	4.6446428571428575e-06	5.5730295566502485e-06	9.424199507389165e-06	9.98879310344828e-06	9.074322660098524e-06	8.49729064039409e-06	9.384051724137931e-06
5200	9.961190476190483e-06	9.893273809523811e-06	7.76607142857143e-06	2.8923214285714284e-06	2.0940476190476194e-07	7.598809523809523e-07	1.6624404761904766e-06	2.301190476190477e-06	3.1282738095238098e-06	6.5086904761904755e-06	9.216904761904766e-06	6.401547619047621e-06	2.767797619047619e-06	5.57309523809524e-06	9.617916666666668e-06	1.0000000000000003e-05	1.0000000000000003e-05	1.0000000000000003e-05	1.0000000000000003e-05
5300	9.964170506912447e-06	9.890841013824888e-06	8.114861751152076e-06	3.231739631336406e-06	4.354838709677419e-08	1.0653225806451612e-06	2.330990783410138e-06	2.266935483870968e-06	2.2250576036866355e-06	5.684965437788019e-06	8.844527649769587e-06	6.436347926267283e-06	2.9806451612903228e-06	5.623847926267284e-06	9.69619815668203e-06	1.0000000000000004e-05	1.0000000000000004e-05	1.0000000000000004e-05	1.0000000000000004e-05
5400	9.961662946428578e-06	9.881975446428575e-06	8.336551339285715e-06	3.4734933035714294e-06	2.0491071428571427e-07	1.0830915178571426e-06	2.105022321428571e-06	2.1176897321428577e-06	2.371763392857143e-06	5.8826450892857175e-06	8.860714285714289e-06	6.420703125000003e-06	3.083537946428572e-06	5.8810267857142895e-06	9.816462053571433e-06	1.0000000000000004e-05	1.0000000000000004e-05	1.0000000000000004e-05	1.0000000000000004e-05
5500	9.961232718894014e-06	9.769700460829495e-06	6.732315668202765e-06	1.9518433179723506e-06	1.7419354838709676e-07	9.451036866359446e-07	1.8041474654377887e-06	2.013997695852534e-06	2.1427995391705066e-06	5.4955645161290344e-06	9.061578341013828e-06	7.157430875576039e-06	3.5408410138248852e-06	5.761751152073733e-06	9.671198156682031e-06	9.991705069124427e-06	9.998790322580649e-06	1.0000000000000004e-05	1.0000000000000004e-05
5600	9.958928571428576e-06	9.842684331797238e-06	7.115264976958527e-06	2.306163594470046e-06	5.225806451612904e-07	8.235599078341012e-07	1.3050691244239633e-06	2.440495391705069e-06	2.6853686635944707e-06	5.629377880184331e-06	8.853225806451618e-06	6.286290322580646e-06	2.9921658986175117e-06	5.749942396313366e-06	9.57332949308756e-06	9.911808755760372e-06	9.984389400921662e-06	1.0000000000000004e-05	1.0000000000000004e-05
5700	9.956624423963136e-06	9.792165898617515e-06	7.349827188940093e-06	2.542281105990783e-06	1.7419354838709676e-07	8.289170506912446e-07	1.524654377880184e-06	1.5947004608294927e-06	1.9884216589861745e-06	5.57828341013825e-06	8.777246543778808e-06	6.431624423963136e-06	3.1420506912442397e-06	5.960023041474657e-06	9.746889400921663e-06	9.915207373271892e-06	9.982027649769588e-06	9.998732718894015e-06	1.0000000000000004e-05
5800	9.955681818181823e-06	9.863149350649354e-06	7.560119047619051e-06	2.719859307359308e-06	3.448051948051949e-07	2.775974025974026e-07	9.05357142857143e-07	2.1454545454545448e-06	1.3336038961038964e-06	2.9958874458874467e-06	7.432900432900435e-06	6.771753246753247e-06	3.289556277056278e-06	5.725324675324675e-06	9.605573593073597e-06	9.913095238095244e-06	9.948051948051953e-06	9.901244588744593e-06	9.902543290043293e-06
5900	9.952822580645165e-06	9.876555299539173e-06	7.797580645161293e-06	2.9978110599078333e-06	7.0610599078341e-07	8.274193548387096e-07	9.516129032258064e-07	1.5153225806451614e-06	8.46774193548387e-07	2.7220622119815668e-06	5.818894009216591e-06	3.1714861751152083e-06	1.0288018433179722e-06	5.741993087557606e-06	9.670103686635948e-06	9.909504608294936e-06	8.016993087557607e-06	4.681797235023042e-06	4.79078341013825e-06
6000	9.95329241071429e-06	9.890569196428577e-06	7.471595982142859e-06	2.600167410714286e-06	3.3749999999999995e-07	5.183035714285713e-07	7.960379464285717e-07	1.4620535714285715e-06	1.048716517857143e-06	3.443247767857143e-06	6.339285714285718e-06	3.1130022321428578e-06	1.4332589285714283e-06	6.1262834821428565e-06	9.69503348214286e-06	9.910937500000005e-06	8.58147321428572e-06	4.905859375000001e-06	3.7500558035714285e-06
6100	9.965680803571435e-06	9.871595982142863e-06	7.434319196428572e-06	2.579631696428572e-06	3.3749999999999995e-07	7.684151785714285e-07	1.3471540178571429e-06	1.7397321428571435e-06	1.0374441964285718e-06	3.104241071428573e-06	6.326785714285717e-06	3.4395089285714292e-06	8.844866071428573e-07	5.475000000000003e-06	9.644754464285718e-06	1.0000000000000004e-05	1.0000000000000004e-05	1.0000000000000004e-05	1.0000000000000004e-05
6200	9.965668202764979e-06	9.891820276497697e-06	7.591705069124424e-06	2.736866359447005e-06	3.546082949308756e-07	1.017165898617511e-06	1.7235023041474652e-06	1.9044930875576036e-06	1.0955069124423966e-06	3.0728686635944695e-06	6.467741935483871e-06	3.6561635944700462e-06	1.0246543778801842e-06	5.587096774193551e-06	9.640207373271892e-06	9.99976958525346e-06	9.991762672811064e-06	9.990552995391707e-06	9.998559907834104e-06
6300	9.95529953917051e-06	9.865264976958528e-06	7.683813364055301e-06	2.8762672811059906e-06	5.350230414746544e-07	6.843317972350232e-07	9.908410138248846e-07	1.5092165898617517e-06	7.858870967741933e-07	2.669354838709678e-06	5.685253456221199e-06	3.053225806451613e-06	1.0922811059907836e-06	5.86422811059908e-06	9.721198156682029e-06	9.91635944700461e-06	8.593260368663598e-06	5.219700460829494e-06	4.2994239631336394e-06
6400	9.962500000000008e-06	9.884033613445383e-06	7.537815126050424e-06	2.624789915966387e-06	8.508403361344537e-09	0.0	5.30357142857143e-07	1.4352941176470586e-06	1.0297268907563024e-06	3.362394957983195e-06	6.402941176470589e-06	3.2787815126050434e-06	1.552205882352941e-06	6.227941176470592e-06	9.718067226890762e-06	9.907930672268914e-06	7.854359243697483e-06	4.115808823529413e-06	4.121271008403362e-06
6500	9.952419354838712e-06	9.872695852534566e-06	7.5245967741935516e-06	2.6383064516129033e-06	3.1105990783410136e-08	7.15437788018433e-08	7.727534562211982e-07	1.512327188940092e-06	9.293202764976957e-07	3.1417626728110606e-06	6.347004608294931e-06	3.4292050691244243e-06	1.4017857142857143e-06	5.987154377880185e-06	9.621428571428574e-06	9.908064516129034e-06	8.488997695852536e-06	5.478744239631336e-06	5.155875576036864e-06
6600	9.958273809523811e-06	9.895714285714288e-06	7.459166666666669e-06	2.5472023809523815e-06	2.2499999999999996e-08	5.367857142857142e-07	1.5514880952380957e-06	1.8298809523809526e-06	9.437500000000005e-07	3.20875e-06	6.230476190476191e-06	3.214583333333334e-06	1.2626785714285717e-06	5.861845238095239e-06	9.593630952380957e-06	9.911488095238098e-06	9.95244047619048e-06	9.90529761904762e-06	9.895476190476193e-06
6700	9.8375e-06	9.783333333333332e-06	7.525773809523809e-06	2.6523214285714286e-06	1.2857142857142856e-08	0.0	9.995833333333334e-07	2.0066666666666672e-06	1.0070833333333338e-06	1.5942857142857137e-06	3.4199999999999994e-06	1.825714285714286e-06	7.376785714285714e-07	5.4242857142857164e-06	9.609880952380957e-06	9.905714285714288e-06	9.94166666666667e-06	9.756785714285719e-06	9.601130952380955e-06
6800	8.262723214285718e-06	7.2230468750000026e-06	6.727455357142858e-06	2.822935267857143e-06	0.0	0.0	2.885044642857143e-07	6.875000000000002e-07	3.9899553571428575e-07	1.9376116071428574e-06	3.88125e-06	1.9436383928571434e-06	1.2123883928571428e-06	6.014285714285714e-06	9.72706473214286e-06	9.910714285714291e-06	9.592131696428577e-06	9.08956473214286e-06	9.273716517857143e-06
6900	7.899366359447008e-06	6.0612903225806455e-06	5.642857142857142e-06	2.7286290322580646e-06	0.0	0.0	6.895161290322583e-07	1.5935483870967745e-06	1.056451612903226e-06	2.7692396313364055e-06	5.134677419354839e-06	2.5178571428571425e-06	5.838709677419355e-07	5.211347926267283e-06	9.548444700460833e-06	9.90103686635945e-06	7.198847926267282e-06	3.7296658986175122e-06	4.811578341013825e-06
7000	7.3248809523809525e-06	6.338630952380955e-06	5.783095238095237e-06	2.3497023809523813e-06	0.0	0.0	7.866666666666671e-07	1.8266666666666666e-06	1.1717857142857146e-06	2.7071428571428566e-06	4.6015476190476185e-06	2.026190476190476e-06	9.141666666666665e-07	5.536130952380954e-06	9.550535714285717e-06	9.906488095238097e-06	7.961785714285718e-06	4.546309523809525e-06	4.645773809523809e-06
7100	6.939345238095242e-06	5.08720238095238e-06	5.928571428571428e-06	3.1894047619047618e-06	1.2857142857142856e-08	0.0	1.5428571428571425e-07	3.5999999999999994e-07	2.4750000000000007e-07	2.903630952380953e-06	5.424880952380954e-06	2.5630357142857144e-06	1.1208333333333333e-06	5.968750000000002e-06	9.772738095238099e-06	9.908452380952384e-06	7.879583333333333e-06	4.4925e-06	4.557857142857144e-06
7200	6.87574884792627e-06	4.3548387096774204e-06	4.9647465437788e-06	2.863421658986175e-06	6.221198156682027e-09	0.0	2.3778801843317966e-07	5.258064516129033e-07	3.2223502304147465e-07	2.8269009216589864e-06	5.0819124423963145e-06	2.2892281105990786e-06	1.2645737327188937e-06	6.104608294930876e-06	9.76071428571429e-06	9.903052995391709e-06	7.67459677419355e-06	4.361175115207374e-06	4.698905529953917e-06
7300	6.621666666666668e-06	3.727023809523809e-06	3.4803571428571435e-06	2.1257142857142854e-06	9.642857142857142e-09	0.0	9.945833333333335e-07	2.1833333333333333e-06	1.3173214285714286e-06	2.8747023809523805e-06	4.974523809523808e-06	2.3920833333333337e-06	1.2413690476190472e-06	5.2968452380952385e-06	5.682202380952384e-06	5.450892857142858e-06	6.000476190476191e-06	3.0182142857142853e-06	3.2794047619047617e-06
7400	6.933682266009854e-06	4.215948275862069e-06	3.7661330049261087e-06	2.0972906403940886e-06	9.97536945812808e-09	0.0	9.467364532019702e-07	2.0758620689655175e-06	1.2554802955665027e-06	2.850738916256158e-06	4.749507389162562e-06	2.02512315270936e-06	1.1775862068965519e-06	5.627155172413795e-06	6.322413793103449e-06	5.8395935960591145e-06	6.579926108374384e-06	3.6720443349753706e-06	3.2263546798029573e-06
7500	7.246785714285713e-06	4.098154761904762e-06	3.6733333333333335e-06	2.0689880952380956e-06	0.0	0.0	6.80892857142857e-07	1.4533333333333335e-06	8.592261904761904e-07	2.9019047619047624e-06	5.186547619047619e-06	2.3714285714285714e-06	1.089345238095238e-06	5.5289285714285725e-06	5.916904761904765e-06	5.555595238095239e-06	6.2643452380952365e-06	3.25e-06	3.1532142857142853e-06
7600	7.329583333333335e-06	3.949464285714287e-06	2.7500000000000004e-06	1.5646428571428571e-06	0.0	0.0	1.0739880952380956e-06	2.3633333333333333e-06	1.4789880952380955e-06	2.853452380952381e-06	4.52702380952381e-06	1.8632142857142858e-06	7.087499999999999e-07	5.000952380952383e-06	5.853511904761905e-06	5.237916666666669e-06	6.111547619047621e-06	3.4988690476190482e-06	3.3139285714285713e-06
7700	5.989180672268908e-06	5.267174369747902e-06	5.746218487394958e-06	2.582300420168067e-06	8.508403361344537e-09	0.0	3.3009453781512607e-07	7.970588235294119e-07	5.40703781512605e-07	2.8162815126050427e-06	4.905672268907563e-06	2.1631302521008403e-06	6.378151260504202e-07	4.90183823529412e-06	8.105304621848743e-06	8.1405987394958e-06	9.18655462184874e-06	9.563287815126051e-06	8.6702731092437e-06
7800	4.64827188940092e-06	4.5e-06	5.401728110599079e-06	2.4105990783410134e-06	0.0	0.0	7.15437788018433e-08	1.7419354838709676e-07	2.737327188940091e-07	3.1977534562211987e-06	4.7644009216589865e-06	1.7377304147465438e-06	5.361751152073733e-07	4.674193548387098e-06	8.20218894009217e-06	8.331221198156685e-06	8.180529953917052e-06	7.7639400921659e-06	6.984101382488481e-06
7900	5.381460084033614e-06	4.557668067226892e-06	5.251050420168068e-06	2.4902836134453782e-06	0.0	0.0	0.0	0.0	2.26890756302521e-08	2.4688550420168076e-06	5.112605042016808e-06	2.6664390756302526e-06	5.501575630252101e-07	4.860031512605044e-06	8.476365546218491e-06	8.566859243697481e-06	6.247321428571429e-06	5.440126050420169e-06	8.167752100840338e-06
8000	4.570535714285714e-06	4.6299744897959186e-06	5.215433673469386e-06	2.0182397959183676e-06	0.0	0.0	2.9961734693877544e-07	7.714285714285714e-07	4.7181122448979594e-07	2.262117346938775e-06	4.482142857142857e-06	2.220025510204082e-06	5.512117346938774e-07	4.69795918367347e-06	7.906313775510205e-06	7.841772959183674e-06	5.736096938775511e-06	4.888073979591837e-06	7.561352040816331e-06
8100	3.0019585253456225e-06	3.97062211981567e-06	5.249423963133642e-06	2.07741935483871e-06	0.0	0.0	6.843317972350229e-08	1.7419354838709676e-07	1.5552995391705068e-07	2.759101382488479e-06	4.87926267281106e-06	2.169930875576037e-06	6.920506912442398e-07	4.900230414746543e-06	7.97741935483871e-06	7.828052995391706e-06	5.374423963133641e-06	4.581739631336407e-06	7.324308755760369e-06
8200	2.276958525345622e-06	1.9705645161290318e-06	4.0161290322580645e-06	2.6116935483870972e-06	0.0	0.0	1.710829493087557e-07	3.483870967741935e-07	1.773041474654378e-07	2.1948156682027647e-06	4.938709677419354e-06	2.74389400921659e-06	4.059331797235023e-07	4.688191244239631e-06	7.827419354838708e-06	7.752419354838711e-06	7.30679723502304e-06	7.324596774193551e-06	8.937039170506917e-06
8300	1.4025974025974026e-06	3.518019480519481e-06	5.273160173160172e-06	2.135010822510822e-06	0.0	0.0	6.428571428571428e-08	1.6363636363636361e-07	1.5194805194805193e-07	2.7554112554112554e-06	4.747402597402598e-06	2.0445887445887448e-06	6.345238095238096e-07	4.810173160173161e-06	7.982629870129874e-06	7.966504329004329e-06	5.569642857142857e-06	4.532034632034633e-06	7.085660173160181e-06
8400	7.111607142857142e-07	3.139229910714286e-06	5.618303571428573e-06	2.738225446428572e-06	0.0	0.0	0.0	0.0	8.738839285714285e-08	2.518024553571429e-06	4.534486607142858e-06	2.103850446428571e-06	5.151227678571429e-07	4.933147321428572e-06	8.133537946428573e-06	7.809375000000003e-06	5.882031250000002e-06	4.809765625000001e-06	6.961328125000002e-06
8500	8.527901785714287e-07	2.985323660714286e-06	4.795647321428572e-06	2.060435267857143e-06	0.0	0.0	0.0	0.0	0.0	1.3831473214285711e-06	3.0374999999999997e-06	1.6543526785714284e-06	4.632254464285716e-07	4.628348214285715e-06	7.610435267857143e-06	7.273828125000002e-06	5.63761160714286e-06	4.801283482142857e-06	6.781250000000001e-06
8600	2.989285714285714e-06	2.264718614718615e-06	3.145454545454545e-06	1.678463203463203e-06	0.0	0.0	1.314935064935065e-07	3.2727272727272723e-07	2.8051948051948053e-07	2.9845779220779223e-06	5.3075757575757595e-06	2.70936147186147e-06	1.3347943722943726e-06	5.436688311688312e-06	8.250865800865805e-06	7.609469696969699e-06	5.242532467532469e-06	5.039718614718616e-06	7.679978354978356e-06
8700	2.1760714285714282e-06	1.0446428571428572e-06	9e-07	4.242857142857143e-07	0.0	0.0	0.0	0.0	7.071428571428571e-08	2.6972023809523818e-06	4.832619047619048e-06	2.2061309523809526e-06	6.475595238095237e-07	5.028988095238096e-06	8.06934523809524e-06	6.78327380952381e-06	4.303928571428572e-06	4.431607142857142e-06	7.267678571428573e-06
8800	1.9051948051948052e-06	1.0928571428571426e-06	1.3090909090909087e-06	6.603896103896102e-07	0.0	0.0	0.0	0.0	6.72077922077922e-08	2.593885281385281e-06	4.557034632034631e-06	2.0303571428571425e-06	6.172077922077921e-07	4.850595238095239e-06	7.4798701298701295e-06	6.720833333333335e-06	4.999675324675325e-06	4.318290043290045e-06	6.59978354978355e-06
8900	1.6921658986175118e-06	8.647465437788018e-07	8.709677419354837e-07	4.541474654377879e-07	0.0	0.0	2.1463133640552998e-07	5.225806451612903e-07	4.3237327188940107e-07	2.9472926267281115e-06	4.443317972350231e-06	1.6204493087557606e-06	4.959677419354839e-07	4.45057603686636e-06	7.159447004608296e-06	3.5563364055299538e-06	7.994239631336404e-07	1.951209677419355e-06	3.850633640552996e-06
9000	2.3043103448275863e-06	1.147167487684729e-06	1.1172413793103446e-06	6.11822660098522e-07	0.0	0.0	6.982758620689655e-08	1.862068965517241e-07	1.5960591133004927e-07	2.466502463054188e-06	4.4774630541871925e-06	2.054187192118227e-06	5.811576354679802e-07	4.7656403940886695e-06	7.718103448275863e-06	3.8362068965517245e-06	5.951970443349754e-07	2.3334975369458124e-06	5.0612068965517255e-06
9100	0.0	7.496543778801844e-07	1.5677419354838705e-06	8.180875576036866e-07	0.0	0.0	0.0	0.0	2.488479262672811e-08	2.405184331797235e-06	4.378341013824884e-06	1.998041474654378e-06	7.610023041474654e-07	5.126382488479263e-06	7.749366359447008e-06	3.489746543778803e-06	2.2085253456221193e-07	2.584907834101383e-06	5.1138248847926264e-06
9200	0.0	3.825000000000001e-07	7.199999999999999e-07	3.375e-07	0.0	0.0	0.0	0.0	0.0	2.1870238095238097e-06	4.903333333333333e-06	2.716309523809524e-06	4.864880952380953e-07	4.808333333333334e-06	5.900178571428571e-06	1.5783333333333332e-06	1.2857142857142857e-08	2.0025000000000007e-06	4.56107142857143e-06
9300	2.6626728110599073e-06	6.407834101382489e-07	0.0	0.0	0.0	0.0	6.532258064516129e-08	1.7419354838709676e-07	2.3018433179723496e-07	3.1294354838709677e-06	4.981912442396313e-06	1.9737903225806452e-06	7.743087557603684e-07	5.070622119815668e-06	6.961290322580647e-06	2.913824884792626e-06	6.998847926267281e-07	2.3821428571428576e-06	4.894815668202764e-06
9400	2.070200892857143e-06	5.635044642857144e-07	0.0	0.0	0.0	0.0	3.284598214285714e-07	8.437499999999999e-07	5.363839285714285e-07	2.0868303571428567e-06	4.416406249999999e-06	2.350669642857143e-06	5.939732142857144e-07	4.903794642857145e-06	6.240848214285715e-06	2.0063616071428573e-06	1.8080357142857142e-07	2.5649553571428574e-06	6.424330357142859e-06
9500	1.8472098214285714e-06	4.911830357142858e-07	0.0	0.0	0.0	0.0	8.87779017857143e-07	2.0375000000000004e-06	1.312444196428571e-06	2.9691964285714292e-06	4.231026785714286e-06	1.4245535714285713e-06	5.776227678571429e-07	4.54771205357143e-06	6.503627232142857e-06	4.252287946428573e-06	3.5399553571428573e-06	5.73136160714286e-06	8.35491071428572e-06
9600	2.258294930875576e-06	5.474654377880185e-07	0.0	0.0	0.0	0.0	4.83352534562212e-07	1.0483870967741934e-06	5.650345622119815e-07	2.3406105990783413e-06	7.3287442396313384e-06	9.935944700460834e-06	9.811059907834103e-06	9.85247695852535e-06	9.986175115207376e-06	9.929262672811065e-06	9.903052995391707e-06	9.970737327188943e-06	1.0000000000000004e-05
9700	2.8811688311688303e-06	6.896103896103897e-07	0.0	0.0	0.0	0.0	3.5773809523809524e-07	8.212121212121213e-07	4.6347402597402595e-07	2.403517316017316e-06	7.381655844155845e-06	9.911147186147192e-06	9.809199134199141e-06	9.867153679653684e-06	9.986038961038967e-06	9.925324675324678e-06	9.904924242424246e-06	9.97467532467533e-06	1.0000000000000004e-05
9800	2.208816964285714e-06	5.514508928571429e-07	0.0	0.0	0.0	0.0	6.907924107142857e-07	1.6968750000000002e-06	1.0060825892857142e-06	1.8700334821428576e-06	6.852845982142861e-06	9.150000000000006e-06	6.680803571428573e-06	7.389341517857145e-06	9.873660714285719e-06	9.896428571428576e-06	9.810491071428576e-06	9.909821428571433e-06	9.99782366071429e-06
9900	1.8893973214285713e-06	5.333705357142857e-07	0.0	0.0	0.0	0.0	6.588727678571429e-07	1.7e-06	1.0411272321428572e-06	1.93359375e-06	6.921875000000003e-06	9.988281250000004e-06	1.0000000000000004e-05	9.970814732142863e-06	9.906082589285718e-06	9.929185267857146e-06	9.99391741071429e-06	9.99709821428572e-06	9.988727678571432e-06
10000	1.2162442396313364e-06	2.830645161290323e-07	0.0	0.0	0.0	0.0	4.83352534562212e-07	1.0483870967741934e-06	5.650345622119815e-07	2.0410714285714287e-06	7.025806451612907e-06	9.984735023041478e-06	1.0000000000000004e-05	9.978283410138255e-06	9.910656682027654e-06	9.874654377880188e-06	9.89112903225807e-06	9.94706221198157e-06	9.99821428571429e-06
