	site
generation	50	100	150	200	250	300	350	400	450	500	550	600	650	700	750	800	850	900	950
0	1.0000000000000003e-05	1.0000000000000003e-05	1.0000000000000003e-05	1.0000000000000003e-05	1.0000000000000003e-05	1.0000000000000003e-05	1.0000000000000003e-05	1.0000000000000003e-05	1.0000000000000003e-05	1.0000000000000003e-05	1.0000000000000003e-05	1.0000000000000003e-05	1.0000000000000003e-05	1.0000000000000003e-05	1.0000000000000003e-05	1.0000000000000003e-05	1.0000000000000003e-05	1.0000000000000003e-05	1.0000000000000003e-05
100	1.0000000000000004e-05	1.0000000000000004e-05	1.0000000000000004e-05	1.0000000000000004e-05	1.0000000000000004e-05	1.0000000000000004e-05	1.0000000000000004e-05	1.0000000000000004e-05	1.0000000000000004e-05	1.0000000000000004e-05	1.0000000000000004e-05	1.0000000000000004e-05	1.0000000000000004e-05	1.0000000000000004e-05	1.0000000000000004e-05	1.0000000000000004e-05	1.0000000000000004e-05	1.0000000000000004e-05	1.0000000000000004e-05
200	1.0000000000000003e-05	1.0000000000000003e-05	1.0000000000000003e-05	1.0000000000000003e-05	1.0000000000000003e-05	1.0000000000000003e-05	1.0000000000000003e-05	1.0000000000000003e-05	1.0000000000000003e-05	1.0000000000000003e-05	1.0000000000000003e-05	1.0000000000000003e-05	9.999137931034487e-06	9.992672413793105e-06	9.9835591133005e-06	9.97998768472907e-06	9.989716748768474e-06	9.999753694581283e-06	1.0000000000000003e-05
300	9.9864880952381e-06	9.936250000000005e-06	9.873750000000002e-06	9.92041666666667e-06	9.996428571428573e-06	1.0000000000000003e-05	1.0000000000000003e-05	1.0000000000000003e-05	1.0000000000000003e-05	1.0000000000000003e-05	1.0000000000000003e-05	9.991607142857148e-06	9.976666666666667e-06	9.985059523809525e-06	1.0000000000000003e-05	1.0000000000000003e-05	9.965654761904765e-06	9.9089880952381e-06	9.90761904761905e-06
400	9.987500000000006e-06	9.946645021645028e-06	9.838744588744595e-06	9.844805194805199e-06	9.95389610389611e-06	9.990909090909096e-06	9.996807359307363e-06	9.999350649350656e-06	9.946428571428577e-06	9.902813852813856e-06	9.945021645021652e-06	9.979383116883123e-06	9.967424242424248e-06	9.909090909090915e-06	9.922943722943727e-06	9.991179653679658e-06	9.972023809523814e-06	9.908170995671e-06	9.898268398268402e-06
500	9.895952380952384e-06	9.778452380952384e-06	9.76166666666667e-06	9.906547619047622e-06	9.916904761904763e-06	9.909821428571431e-06	9.981607142857145e-06	1.0000000000000003e-05	9.994047619047624e-06	9.958452380952384e-06	9.949285714285717e-06	9.98333333333334e-06	9.963869047619049e-06	9.944880952380956e-06	9.97892857142857e-06	9.996666666666669e-06	9.986547619047623e-06	9.964226190476195e-06	9.960000000000003e-06
600	9.905357142857145e-06	9.78136160714286e-06	9.758649553571433e-06	9.895814732142861e-06	9.838058035714289e-06	9.81595982142858e-06	9.960379464285717e-06	1.0000000000000004e-05	9.995256696428577e-06	9.940904017857148e-06	9.904520089285715e-06	9.950111607142864e-06	9.910714285714293e-06	9.814843750000004e-06	9.886383928571433e-06	9.991015625000005e-06	9.966127232142862e-06	9.907142857142862e-06	9.907533482142863e-06
700	9.930184331797239e-06	9.838076036866363e-06	9.821428571428576e-06	9.927995391705072e-06	9.884043778801848e-06	9.861175115207378e-06	9.96566820276498e-06	1.0000000000000004e-05	9.992684331797238e-06	9.93928571428572e-06	9.875806451612908e-06	9.909389400921667e-06	9.846025345622125e-06	9.513824884792628e-06	9.630645161290325e-06	9.951785714285718e-06	9.90616359447005e-06	9.91797235023042e-06	9.980933179723505e-06
800	9.652534562211982e-06	9.721140552995396e-06	9.765034562211986e-06	9.901209677419357e-06	9.839458525345627e-06	9.813364055299542e-06	9.899251152073735e-06	9.89648617511521e-06	9.943490783410141e-06	9.939458525345626e-06	9.879147465437795e-06	9.914573732718896e-06	9.931278801843322e-06	9.872580645161289e-06	9.912039170506917e-06	9.960023041474659e-06	9.929377880184335e-06	9.953859447004612e-06	9.996428571428575e-06
900	9.875403225806453e-06	9.772983870967745e-06	9.760599078341018e-06	9.891877880184334e-06	9.83162442396314e-06	9.76624423963134e-06	9.816589861751158e-06	9.86370967741936e-06	9.951670506912447e-06	9.92862903225807e-06	9.844124423963135e-06	9.879205069124428e-06	9.899135944700466e-06	9.827016129032264e-06	9.88853686635945e-06	9.955645161290325e-06	9.898559907834105e-06	9.919700460829497e-06	9.984043778801847e-06
1000	9.86353686635945e-06	9.76837557603687e-06	9.76791474654378e-06	9.908237327188945e-06	9.839861751152077e-06	9.755184331797238e-06	9.795103686635948e-06	9.779205069124426e-06	9.854550691244242e-06	9.315956221198158e-06	8.0190668202765e-06	8.6440668202765e-06	9.893894009216597e-06	9.816474654377884e-06	9.88127880184332e-06	9.95005760368664e-06	9.904262672811066e-06	9.938133640552999e-06	9.995737327188944e-06
1100	9.704248768472909e-06	9.19082512315271e-06	9.351169950738921e-06	9.9137315270936e-06	9.842610837438427e-06	9.746551724137935e-06	9.143472906403944e-06	8.229002463054189e-06	8.94137931034483e-06	9.506096059113302e-06	8.63472906403941e-06	9.06662561576355e-06	9.905911330049266e-06	9.904556650246307e-06	9.97229064039409e-06	1.0000000000000003e-05	1.0000000000000003e-05	9.996982758620694e-06	9.993903940886703e-06
1200	9.501785714285717e-06	8.892745535714287e-06	9.227957589285718e-06	9.908984375000004e-06	9.793024553571435e-06	9.619419642857144e-06	9.13766741071429e-06	7.463113839285715e-06	7.989174107142858e-06	9.571037946428574e-06	9.154352678571432e-06	9.429687500000003e-06	9.93297991071429e-06	9.91216517857143e-06	9.93766741071429e-06	9.605691964285718e-06	9.377399553571432e-06	9.754910714285718e-06	9.99972098214286e-06
1300	9.77416666666667e-06	9.617321428571433e-06	9.756785714285719e-06	9.840297619047624e-06	9.540238095238097e-06	9.677380952380956e-06	9.992976190476194e-06	9.931011904761907e-06	9.912023809523813e-06	9.975654761904765e-06	1.0000000000000003e-05	9.996904761904766e-06	9.980357142857146e-06	9.911726190476197e-06	9.895059523809526e-06	8.05839285714286e-06	7.259345238095239e-06	9.162976190476191e-06	9.9952380952381e-06
1400	9.478809523809528e-06	8.282380952380951e-06	8.66279761904762e-06	9.876250000000002e-06	9.822142857142862e-06	9.886369047619051e-06	9.9839880952381e-06	9.931190476190478e-06	9.914642857142861e-06	9.962916666666673e-06	9.96005952380953e-06	9.928273809523813e-06	9.895297619047623e-06	9.870773809523813e-06	9.670833333333337e-06	6.699761904761906e-06	6.1687500000000026e-06	9.145297619047621e-06	9.877083333333337e-06
1500	1.0000000000000003e-05	1.0000000000000003e-05	1.0000000000000003e-05	1.0000000000000003e-05	1.0000000000000003e-05	1.0000000000000003e-05	1.0000000000000003e-05	1.0000000000000003e-05	1.0000000000000003e-05	1.0000000000000003e-05	1.0000000000000003e-05	1.0000000000000003e-05	1.0000000000000003e-05	1.0000000000000003e-05	9.99839285714286e-06	9.98416666666667e-06	9.98494047619048e-06	9.986428571428577e-06	9.972380952380956e-06
1600	1.0000000000000004e-05	1.0000000000000004e-05	9.976958525345627e-06	9.833525345622123e-06	9.751612903225807e-06	9.866474654377883e-06	9.971428571428574e-06	1.0000000000000004e-05	1.0000000000000004e-05	1.0000000000000004e-05	1.0000000000000004e-05	1.0000000000000004e-05	9.999251152073736e-06	9.994239631336409e-06	9.988882488479265e-06	9.97822580645162e-06	9.968894009216597e-06	9.922062211981571e-06	9.865495391705072e-06
1700	9.293024553571433e-06	7.589118303571432e-06	8.100279017857144e-06	8.55915178571429e-06	7.072154017857143e-06	8.372991071428577e-06	9.968415178571432e-06	9.981696428571435e-06	9.993750000000002e-06	1.0000000000000004e-05	1.0000000000000004e-05	1.0000000000000004e-05	9.999944196428575e-06	9.994419642857149e-06	9.988281250000006e-06	9.860100446428577e-06	9.798939732142862e-06	9.925892857142864e-06	9.987667410714291e-06
1800	7.538421658986173e-06	7.159850230414747e-06	8.486751152073735e-06	9.878225806451617e-06	9.903571428571433e-06	9.96209677419355e-06	1.0000000000000004e-05	1.0000000000000004e-05	1.0000000000000004e-05	1.0000000000000004e-05	1.0000000000000004e-05	1.0000000000000004e-05	1.0000000000000004e-05	9.982142857142864e-06	9.95760368663595e-06	9.658640552995397e-06	9.397004608294932e-06	9.682488479262678e-06	9.934101382488481e-06
1900	1.0000000000000004e-05	1.0000000000000004e-05	1.0000000000000004e-05	1.0000000000000004e-05	1.0000000000000004e-05	1.0000000000000004e-05	1.0000000000000004e-05	1.0000000000000004e-05	1.0000000000000004e-05	9.999242424242429e-06	9.996969696969705e-06	9.997727272727277e-06	1.0000000000000004e-05	9.995021645021646e-06	9.991774891774897e-06	9.892857142857149e-06	9.827922077922082e-06	9.863636363636367e-06	9.780303030303036e-06
2000	7.723828125000003e-06	4.41484375e-06	6.430915178571432e-06	8.974218750000006e-06	6.023660714285714e-06	6.249944196428574e-06	9.252678571428576e-06	9.779799107142862e-06	9.863169642857145e-06	9.887388392857145e-06	9.811607142857147e-06	7.259375000000001e-06	4.365345982142857e-06	6.842354910714286e-06	9.801395089285716e-06	8.929296875000003e-06	8.39670758928572e-06	9.321707589285717e-06	9.830580357142859e-06
2100	8.140783410138253e-06	4.4248847926267295e-06	6.060656682027651e-06	8.96152073732719e-06	5.061635944700461e-06	5.148617511520739e-06	7.0883064516129064e-06	5.238018433179725e-06	6.976267281105994e-06	9.546428571428574e-06	9.774481566820282e-06	7.239976958525347e-06	4.358410138248848e-06	6.825345622119816e-06	9.838076036866363e-06	9.971428571428574e-06	9.960483870967748e-06	9.893375576036867e-06	9.875288018433182e-06
2200	8.055357142857146e-06	5.301267281105992e-06	7.041705069124425e-06	9.12943548387097e-06	6.206163594470049e-06	6.242626728110599e-06	7.996658986175118e-06	6.723617511520739e-06	7.642281105990787e-06	9.543145161290326e-06	9.83473502304148e-06	7.937154377880187e-06	5.325806451612903e-06	7.112154377880186e-06	9.79861751152074e-06	9.958352534562215e-06	9.952592165898623e-06	9.898444700460833e-06	9.879953917050695e-06
2300	8.596313364055303e-06	5.413767281105992e-06	6.5163018433179726e-06	8.35938940092166e-06	4.575230414746544e-06	4.597004608294933e-06	6.8196428571428596e-06	5.8177419354838705e-06	7.212442396313363e-06	9.48882488479263e-06	9.772695852534565e-06	8.335771889400922e-06	6.12269585253456e-06	7.242396313364059e-06	9.560368663594474e-06	9.981278801843323e-06	9.999942396313369e-06	9.978456221198162e-06	9.943951612903228e-06
2400	1.0000000000000004e-05	1.0000000000000004e-05	1.0000000000000004e-05	1.0000000000000004e-05	1.0000000000000004e-05	1.0000000000000004e-05	1.0000000000000004e-05	1.0000000000000004e-05	1.0000000000000004e-05	9.996049783549789e-06	9.989339826839835e-06	9.991829004329012e-06	9.998538961038964e-06	1.0000000000000004e-05	9.999729437229442e-06	9.994913419913423e-06	9.994209956709961e-06	9.9952380952381e-06	9.990800865800867e-06
2500	1.0000000000000004e-05	1.0000000000000004e-05	1.0000000000000004e-05	1.0000000000000004e-05	9.997638248847932e-06	9.97108294930876e-06	9.800633640553002e-06	9.80829493087558e-06	9.976728110599083e-06	9.99481566820277e-06	9.999193548387102e-06	1.0000000000000004e-05	1.0000000000000004e-05	1.0000000000000004e-05	1.0000000000000004e-05	1.0000000000000004e-05	1.0000000000000004e-05	1.0000000000000004e-05	1.0000000000000004e-05
2600	1.0000000000000004e-05	1.0000000000000004e-05	1.0000000000000004e-05	1.0000000000000004e-05	1.0000000000000004e-05	9.92580645161291e-06	9.81739631336406e-06	9.885829493087562e-06	9.988767281105995e-06	9.99164746543779e-06	9.991417050691246e-06	9.993490783410144e-06	9.999193548387102e-06	1.0000000000000004e-05	1.0000000000000004e-05	1.0000000000000004e-05	1.0000000000000004e-05	9.996947004608297e-06	9.982546082949314e-06
2700	9.999317226890764e-06	9.976470588235301e-06	9.906197478991602e-06	9.910661764705891e-06	9.902100840336142e-06	9.353834033613447e-06	6.407720588235293e-06	5.817489495798319e-06	8.689968487394959e-06	9.714285714285717e-06	9.74233193277311e-06	9.844905462184881e-06	9.970010504201691e-06	1.000000000000001e-05	1.000000000000001e-05	9.99816176470589e-06	9.99705882352942e-06	9.99889705882354e-06	1.000000000000001e-05
2800	9.879262672811063e-06	9.937442396313366e-06	9.91267281105991e-06	9.912615207373276e-06	9.915264976958528e-06	9.465725806451616e-06	6.980529953917053e-06	6.390437788018435e-06	8.817165898617513e-06	9.137730414746548e-06	7.339343317972351e-06	8.010080645161294e-06	9.934907834101385e-06	1.0000000000000004e-05	9.98773041474655e-06	9.92350230414747e-06	9.91226958525346e-06	9.976497695852539e-06	1.0000000000000004e-05
2900	9.994285714285718e-06	9.997261904761907e-06	9.99869047619048e-06	9.9489880952381e-06	9.890654761904763e-06	9.86797619047619e-06	9.911130952380955e-06	9.977559523809527e-06	9.988809523809525e-06	9.972142857142862e-06	9.81071428571429e-06	9.833333333333335e-06	1.0000000000000003e-05	1.0000000000000003e-05	9.974047619047624e-06	9.834523809523813e-06	9.825952380952386e-06	9.965476190476191e-06	1.0000000000000003e-05
3000	9.995334101382492e-06	9.997465437788021e-06	9.996774193548392e-06	9.997407834101384e-06	9.994124423963137e-06	9.988479262672817e-06	9.867165898617518e-06	9.816186635944704e-06	9.938824884792629e-06	9.924481566820282e-06	9.816013824884799e-06	9.887096774193551e-06	9.999827188940097e-06	9.996947004608299e-06	9.994009216589864e-06	9.97874423963134e-06	9.968317972350236e-06	9.985599078341017e-06	9.999135944700465e-06
3100	9.852064732142857e-06	9.933593750000004e-06	9.997823660714289e-06	9.99977678571429e-06	9.994196428571435e-06	9.991406250000006e-06	9.958314732142864e-06	9.878515625000004e-06	9.809765625e-06	8.045926339285716e-06	4.351674107142858e-06	6.118750000000003e-06	9.91155133928572e-06	9.91612723214286e-06	9.881696428571432e-06	9.834486607142861e-06	9.828738839285718e-06	9.940625000000004e-06	9.956194196428579e-06
3200	9.701267281105996e-06	9.871082949308759e-06	9.997004608294936e-06	1.0000000000000004e-05	1.0000000000000004e-05	1.0000000000000004e-05	9.966935483870976e-06	9.88352534562212e-06	9.81491935483871e-06	8.045967741935485e-06	4.407603686635946e-06	6.105990783410141e-06	9.834965437788022e-06	9.918548387096777e-06	9.883698156682031e-06	9.83104838709678e-06	9.827361751152075e-06	9.94539170506913e-06	9.9719470046083e-06
3300	7.385156250000002e-06	8.696763392857145e-06	9.947209821428574e-06	1.0000000000000004e-05	1.0000000000000004e-05	1.0000000000000004e-05	9.962276785714293e-06	9.88102678571429e-06	9.818861607142861e-06	7.712834821428572e-06	4.358482142857143e-06	6.456138392857147e-06	9.895256696428576e-06	9.90636160714286e-06	9.832812500000003e-06	8.089397321428576e-06	7.660435267857145e-06	9.482366071428575e-06	1.0000000000000004e-05
3400	7.1413504464285715e-06	8.61344866071429e-06	9.954241071428575e-06	1.0000000000000004e-05	1.0000000000000004e-05	1.0000000000000004e-05	9.968359375000007e-06	9.886886160714288e-06	9.821428571428574e-06	7.531863839285716e-06	3.5840401785714294e-06	5.389508928571428e-06	9.35530133928572e-06	9.812890625000004e-06	9.853459821428575e-06	9.829520089285719e-06	9.80016741071429e-06	9.867299107142861e-06	9.896149553571433e-06
3500	8.22730414746544e-06	9.106394009216594e-06	9.94879032258065e-06	9.99948156682028e-06	9.996774193548392e-06	9.997292626728114e-06	9.999020737327193e-06	9.996774193548392e-06	9.992165898617515e-06	9.990322580645168e-06	9.99026497695853e-06	9.993548387096779e-06	9.999193548387102e-06	1.0000000000000004e-05	9.982661290322584e-06	9.83796082949309e-06	9.690092165898622e-06	9.762384792626731e-06	9.895910138248847e-06
3600	3.2215959821428574e-06	7.11383928571429e-06	9.946930803571431e-06	1.0000000000000004e-05	1.0000000000000004e-05	1.0000000000000004e-05	9.995089285714293e-06	9.98510044642858e-06	9.989285714285718e-06	9.999274553571432e-06	1.0000000000000004e-05	1.0000000000000004e-05	1.0000000000000004e-05	1.0000000000000004e-05	1.0000000000000004e-05	1.0000000000000004e-05	1.0000000000000004e-05	1.0000000000000004e-05	1.0000000000000004e-05
3700	9.956361607142863e-06	9.887723214285719e-06	9.900223214285719e-06	9.976506696428575e-06	9.971316964285718e-06	9.969140625000005e-06	9.99274553571429e-06	9.974274553571433e-06	9.93147321428572e-06	9.18688616071429e-06	8.303906249999999e-06	8.804520089285717e-06	9.715066964285719e-06	9.974944196428579e-06	9.991741071428576e-06	1.0000000000000004e-05	9.997544642857147e-06	9.980803571428578e-06	9.966517857142865e-06
3800	2.6235119047619044e-06	6.314464285714287e-06	9.665416666666669e-06	9.974583333333338e-06	9.915535714285718e-06	9.911785714285716e-06	9.983035714285717e-06	9.80946428571429e-06	9.711845238095241e-06	9.900535714285717e-06	9.999583333333337e-06	1.0000000000000003e-05	9.999880952380953e-06	9.992440476190483e-06	9.980714285714289e-06	9.987559523809525e-06	9.999404761904766e-06	1.0000000000000003e-05	1.0000000000000003e-05
3900	8.53709677419355e-06	9.270391705069126e-06	9.920679723502308e-06	9.993894009216592e-06	9.983410138248852e-06	9.983467741935486e-06	9.99706221198157e-06	9.987845622119822e-06	9.980817972350234e-06	9.99279953917051e-06	1.0000000000000004e-05	1.0000000000000004e-05	1.0000000000000004e-05	1.0000000000000004e-05	1.0000000000000004e-05	1.0000000000000004e-05	1.0000000000000004e-05	1.0000000000000004e-05	1.0000000000000004e-05
4000	1.0000000000000003e-05	1.0000000000000003e-05	1.0000000000000003e-05	1.0000000000000003e-05	1.0000000000000003e-05	1.0000000000000003e-05	1.0000000000000003e-05	9.994583333333338e-06	9.993333333333336e-06	9.994761904761908e-06	9.993333333333336e-06	9.997321428571432e-06	1.0000000000000003e-05	1.0000000000000003e-05	1.0000000000000003e-05	1.0000000000000003e-05	9.99732142857143e-06	9.994047619047619e-06	9.99375e-06
4100	9.988456632653061e-06	9.917984693877554e-06	9.91154336734694e-06	9.969323979591839e-06	9.914859693877557e-06	9.909119897959185e-06	9.980739795918365e-06	9.942729591836735e-06	9.88832908163265e-06	9.880484693877553e-06	9.912499999999999e-06	9.976785714285715e-06	1e-05	1e-05	1e-05	9.981186224489796e-06	9.924234693877556e-06	9.910267857142858e-06	9.94170918367347e-06
4200	9.977857142857145e-06	9.906428571428573e-06	9.922142857142859e-06	9.988928571428576e-06	9.905833333333338e-06	9.769047619047622e-06	9.820833333333338e-06	9.91601190476191e-06	9.89559523809524e-06	9.876428571428571e-06	9.849642857142861e-06	9.88982142857143e-06	9.974761904761908e-06	1.0000000000000003e-05	1.0000000000000003e-05	9.94779761904762e-06	9.861666666666669e-06	9.862857142857145e-06	9.922202380952387e-06
4300	8.82196428571429e-06	9.475833333333335e-06	9.984702380952384e-06	9.996666666666667e-06	9.991904761904767e-06	9.982619047619052e-06	9.988095238095242e-06	9.99464285714286e-06	9.992857142857144e-06	9.991428571428576e-06	9.98738095238096e-06	9.976785714285722e-06	9.946130952380957e-06	9.917678571428577e-06	9.940297619047626e-06	9.964226190476197e-06	9.935714285714292e-06	9.923452380952386e-06	9.94083333333334e-06
4400	1.0000000000000004e-05	1.0000000000000004e-05	1.0000000000000004e-05	1.0000000000000004e-05	1.0000000000000004e-05	9.997407834101386e-06	9.996774193548392e-06	9.997465437788023e-06	9.996774193548392e-06	9.998675115207377e-06	1.0000000000000004e-05	1.0000000000000004e-05	1.0000000000000004e-05	1.0000000000000004e-05	1.0000000000000004e-05	1.0000000000000004e-05	1.0000000000000004e-05	1.0000000000000004e-05	1.0000000000000004e-05
4500	1.0000000000000003e-05	1.0000000000000003e-05	9.99684523809524e-06	9.952202380952383e-06	9.92244047619048e-06	9.915178571428575e-06	9.934047619047621e-06	9.985952380952383e-06	1.0000000000000003e-05	1.0000000000000003e-05	1.0000000000000003e-05	1.0000000000000003e-05	1.0000000000000003e-05	1.0000000000000003e-05	1.0000000000000003e-05	1.0000000000000003e-05	9.998571428571431e-06	9.996666666666669e-06	9.998095238095242e-06
4600	1.0000000000000004e-05	1.0000000000000004e-05	9.98841991341992e-06	9.26412337662338e-06	8.440476190476191e-06	9.151028138528141e-06	9.986255411255414e-06	1.0000000000000004e-05	1.0000000000000004e-05	1.0000000000000004e-05	9.973268398268403e-06	9.903787878787885e-06	9.926731601731605e-06	9.996212121212126e-06	1.0000000000000004e-05	1.0000000000000004e-05	9.999945887445892e-06	9.952272727272732e-06	9.865746753246754e-06
4700	1.0000000000000004e-05	1.0000000000000004e-05	9.985497835497839e-06	9.419751082251087e-06	8.765800865800868e-06	9.316612554112558e-06	9.985064935064938e-06	1.0000000000000004e-05	1.0000000000000004e-05	1.0000000000000004e-05	9.972240259740265e-06	9.887445887445893e-06	9.77494588744589e-06	9.812554112554118e-06	9.948051948051953e-06	9.948214285714292e-06	9.78998917748918e-06	8.89415584415585e-06	8.158874458874463e-06
4800	1.0000000000000004e-05	1.0000000000000004e-05	9.98342633928572e-06	9.531529017857148e-06	8.937332589285716e-06	9.377845982142861e-06	9.988616071428574e-06	1.0000000000000004e-05	1.0000000000000004e-05	9.999776785714289e-06	9.96702008928572e-06	9.43415178571429e-06	7.599441964285717e-06	8.053571428571432e-06	9.921037946428576e-06	9.957868303571434e-06	9.903683035714292e-06	9.840234375000006e-06	9.766071428571436e-06
4900	9.998988095238097e-06	9.996666666666669e-06	9.997678571428574e-06	1.0000000000000003e-05	1.0000000000000003e-05	1.0000000000000003e-05	1.0000000000000003e-05	1.0000000000000003e-05	1.0000000000000003e-05	1.0000000000000003e-05	1.0000000000000003e-05	1.0000000000000003e-05	1.0000000000000003e-05	1.0000000000000003e-05	1.0000000000000003e-05	9.997678571428573e-06	9.996666666666669e-06	9.998988095238098e-06	1.0000000000000003e-05
5000	9.982085253456227e-06	9.864055299539176e-06	9.80731566820277e-06	9.923041474654382e-06	9.997695852534566e-06	1.0000000000000004e-05	1.0000000000000004e-05	1.0000000000000004e-05	1.0000000000000004e-05	1.0000000000000004e-05	1.0000000000000004e-05	1.0000000000000004e-05	1.0000000000000004e-05	1.0000000000000004e-05	1.0000000000000004e-05	1.0000000000000004e-05	1.0000000000000004e-05	1.0000000000000004e-05	1.0000000000000004e-05
5100	9.978627232142862e-06	9.603459821428573e-06	9.562276785714292e-06	9.931082589285719e-06	9.953850446428577e-06	9.94670758928572e-06	9.98649553571429e-06	1.0000000000000004e-05	9.996819196428576e-06	9.958314732142861e-06	9.943805803571434e-06	9.982310267857148e-06	1.0000000000000004e-05	1.0000000000000004e-05	9.979241071428575e-06	9.942410714285719e-06	9.961383928571431e-06	9.99821428571429e-06	1.0000000000000004e-05
5200	9.992594537815134e-06	9.92930672268908e-06	9.913287815126058e-06	9.968907563025217e-06	9.92552521008404e-06	9.913550420168075e-06	9.980042016806732e-06	9.701995798319336e-06	7.51817226890757e-06	6.744327731092439e-06	8.893907563025216e-06	9.965441176470597e-06	1.000000000000001e-05	1.000000000000001e-05	9.957930672268914e-06	9.82410714285715e-06	9.788970588235298e-06	9.915913865546228e-06	9.990493697479e-06
5300	9.994029017857146e-06	9.925725446428577e-06	9.89972098214286e-06	9.96149553571429e-06	9.926395089285716e-06	9.906250000000004e-06	9.970368303571437e-06	9.628962053571434e-06	6.9090401785714306e-06	6.2609933035714286e-06	8.947321428571433e-06	9.96344866071429e-06	1.0000000000000004e-05	1.0000000000000004e-05	9.956250000000007e-06	9.86300223214286e-06	9.85753348214286e-06	9.87081473214286e-06	9.847488839285715e-06
5400	1.0000000000000003e-05	9.997783251231532e-06	9.996551724137932e-06	9.998768472906406e-06	1.0000000000000003e-05	1.0000000000000003e-05	1.0000000000000003e-05	1.0000000000000003e-05	1.0000000000000003e-05	1.0000000000000003e-05	9.99815270935961e-06	9.993719211822663e-06	9.994950738916259e-06	9.999384236453205e-06	9.990578817733993e-06	9.893596059113305e-06	9.79408866995074e-06	9.814901477832516e-06	9.874568965517242e-06
5500	9.969387755102042e-06	9.988520408163265e-06	9.997704081632655e-06	9.975510204081633e-06	9.970153061224491e-06	9.992219387755101e-06	9.996683673469387e-06	9.992538265306122e-06	9.992602040816328e-06	9.996875e-06	1e-05	1e-05	9.995408163265307e-06	9.96760204081633e-06	9.968877551020408e-06	9.996683673469388e-06	1e-05	1e-05	1e-05
5600	9.925055803571432e-06	9.975279017857147e-06	9.993694196428578e-06	9.928125000000004e-06	9.912555803571433e-06	9.978125000000004e-06	1.0000000000000004e-05	1.0000000000000004e-05	1.0000000000000004e-05	9.988783482142865e-06	9.969419642857148e-06	9.979966517857148e-06	9.961495535714291e-06	9.908314732142863e-06	9.944084821428576e-06	9.997935267857148e-06	1.0000000000000004e-05	1.0000000000000004e-05	1.0000000000000004e-05
5700	9.78147321428572e-06	9.926506696428574e-06	9.992968750000002e-06	9.939843750000006e-06	9.916350446428575e-06	9.969531250000004e-06	1.0000000000000004e-05	1.0000000000000004e-05	9.999386160714288e-06	9.992020089285721e-06	9.988113839285719e-06	9.995479910714289e-06	9.973549107142864e-06	9.910881696428577e-06	9.935825892857146e-06	9.998493303571433e-06	1.0000000000000004e-05	1.0000000000000004e-05	1.0000000000000004e-05
5800	9.212384792626733e-06	9.798271889400925e-06	9.995334101382492e-06	9.999884792626732e-06	9.999308755760373e-06	9.990092165898622e-06	9.987788018433184e-06	9.993433179723505e-06	9.984158986175119e-06	9.984216589861754e-06	9.99193548387097e-06	9.978168202764981e-06	9.967453917050695e-06	9.982142857142858e-06	9.982891705069127e-06	9.98162442396314e-06	9.996140552995395e-06	1.0000000000000004e-05	1.0000000000000004e-05
5900	8.528084415584417e-06	9.691396103896108e-06	9.999891774891779e-06	1.0000000000000004e-05	1.0000000000000004e-05	1.0000000000000004e-05	1.0000000000000004e-05	1.0000000000000004e-05	9.999134199134205e-06	9.996969696969705e-06	9.997835497835502e-06	1.0000000000000004e-05	1.0000000000000004e-05	1.0000000000000004e-05	1.0000000000000004e-05	1.0000000000000004e-05	1.0000000000000004e-05	9.994642857142862e-06	9.98652597402598e-06
6000	9.382023809523813e-06	9.852142857142858e-06	9.995773809523814e-06	9.943750000000003e-06	9.900952380952383e-06	9.95291666666667e-06	9.999821428571432e-06	1.0000000000000003e-05	1.0000000000000003e-05	1.0000000000000003e-05	1.0000000000000003e-05	1.0000000000000003e-05	9.999345238095238e-06	9.981428571428576e-06	9.920654761904764e-06	9.92857142857143e-06	9.979285714285719e-06	9.936011904761908e-06	9.899107142857142e-06
6100	9.750230414746544e-06	9.817569124423964e-06	9.917396313364059e-06	9.988306451612907e-06	1.0000000000000004e-05	1.0000000000000004e-05	1.0000000000000004e-05	1.0000000000000004e-05	1.0000000000000004e-05	1.0000000000000004e-05	1.0000000000000004e-05	1.0000000000000004e-05	1.0000000000000004e-05	9.973905529953922e-06	9.844758064516134e-06	9.838997695852539e-06	9.968145161290325e-06	1.0000000000000004e-05	1.0000000000000004e-05
6200	9.866871921182267e-06	9.870812807881775e-06	9.913485221674878e-06	9.980110837438426e-06	9.993903940886703e-06	9.99722906403941e-06	1.0000000000000003e-05	1.0000000000000003e-05	1.0000000000000003e-05	1.0000000000000003e-05	1.0000000000000003e-05	1.0000000000000003e-05	1.0000000000000003e-05	9.980972906403945e-06	9.837253694581284e-06	9.819027093596062e-06	9.962746305418721e-06	1.0000000000000003e-05	1.0000000000000003e-05
6300	1.0000000000000004e-05	1.0000000000000004e-05	1.0000000000000004e-05	1.0000000000000004e-05	1.0000000000000004e-05	1.0000000000000004e-05	1.0000000000000004e-05	1.0000000000000004e-05	1.0000000000000004e-05	1.0000000000000004e-05	1.0000000000000004e-05	1.0000000000000004e-05	9.998755411255418e-06	9.995292207792214e-06	9.985064935064938e-06	9.986417748917754e-06	9.986417748917758e-06	9.970941558441567e-06	9.968885281385288e-06
6400	9.791810344827591e-06	9.900985221674881e-06	9.992179802955668e-06	1.0000000000000003e-05	9.999753694581286e-06	9.994211822660101e-06	9.993349753694584e-06	9.998891625615767e-06	1.0000000000000003e-05	1.0000000000000003e-05	1.0000000000000003e-05	1.0000000000000003e-05	1.0000000000000003e-05	1.0000000000000003e-05	1.0000000000000003e-05	9.999938423645324e-06	9.977586206896558e-06	9.910899014778332e-06	9.880911330049265e-06
6500	9.760267857142862e-06	9.916852678571433e-06	9.988169642857148e-06	9.928236607142862e-06	9.909375000000005e-06	9.971763392857146e-06	1.0000000000000004e-05	1.0000000000000004e-05	1.0000000000000004e-05	1.0000000000000004e-05	1.0000000000000004e-05	1.0000000000000004e-05	1.0000000000000004e-05	1.0000000000000004e-05	1.0000000000000004e-05	1.0000000000000004e-05	1.0000000000000004e-05	9.998493303571435e-06	9.992912946428579e-06
6600	9.861666666666667e-06	9.946666666666669e-06	9.98994047619048e-06	9.914404761904764e-06	9.84482142857143e-06	9.912261904761908e-06	9.99059523809524e-06	9.958154761904767e-06	9.885833333333338e-06	9.858452380952383e-06	9.914166666666669e-06	9.98339285714286e-06	1.0000000000000003e-05	1.0000000000000003e-05	1.0000000000000003e-05	1.0000000000000003e-05	1.0000000000000003e-05	1.0000000000000003e-05	1.0000000000000003e-05
6700	9.906048387096777e-06	9.959043778801848e-06	9.992338709677424e-06	9.944354838709681e-06	9.931739631336409e-06	9.981451612903229e-06	1.0000000000000004e-05	9.970449308755765e-06	9.91923963133641e-06	9.902649769585257e-06	9.941013824884798e-06	9.939631336405535e-06	9.915898617511524e-06	9.961463133640557e-06	9.99804147465438e-06	9.999827188940097e-06	9.966705069124429e-06	9.939285714285719e-06	9.966647465437792e-06
6800	9.980476190476193e-06	9.912440476190479e-06	9.78952380952381e-06	7.38779761904762e-06	6.97827380952381e-06	9.372619047619048e-06	9.90839285714286e-06	9.937261904761906e-06	9.87839285714286e-06	9.858333333333335e-06	9.915595238095239e-06	9.90077380952381e-06	9.813214285714285e-06	9.887440476190477e-06	9.992797619047621e-06	1.0000000000000003e-05	9.950238095238098e-06	9.901428571428573e-06	9.93928571428572e-06
6900	9.976324884792631e-06	9.908352534562215e-06	9.923675115207377e-06	9.99164746543779e-06	1.0000000000000004e-05	1.0000000000000004e-05	1.0000000000000004e-05	1.0000000000000004e-05	9.972638248847933e-06	9.90985023041475e-06	9.921198156682032e-06	9.924539170506915e-06	9.899827188940096e-06	9.883928571428574e-06	9.830933179723503e-06	9.888133640553e-06	9.98185483870968e-06	1.0000000000000004e-05	1.0000000000000004e-05
7000	1.0000000000000004e-05	1.0000000000000004e-05	1.0000000000000004e-05	9.996540178571438e-06	9.993750000000007e-06	9.992968750000007e-06	9.987779017857146e-06	9.991741071428576e-06	9.99972098214286e-06	1.0000000000000004e-05	1.0000000000000004e-05	1.0000000000000004e-05	1.0000000000000004e-05	1.0000000000000004e-05	1.0000000000000004e-05	1.0000000000000004e-05	1.0000000000000004e-05	1.0000000000000004e-05	1.0000000000000004e-05
7100	9.892797619047619e-06	9.895178571428575e-06	9.889583333333336e-06	8.466428571428574e-06	7.905952380952382e-06	9.297380952380954e-06	9.895535714285718e-06	9.936666666666668e-06	9.889523809523813e-06	9.87928571428572e-06	9.922559523809525e-06	9.934523809523812e-06	9.898571428571432e-06	9.872202380952384e-06	9.835297619047621e-06	9.891130952380957e-06	9.962797619047623e-06	9.9802380952381e-06	9.997916666666671e-06
7200	1.0000000000000003e-05	1.0000000000000003e-05	1.0000000000000003e-05	1.0000000000000003e-05	1.0000000000000003e-05	1.0000000000000003e-05	1.0000000000000003e-05	1.0000000000000003e-05	1.0000000000000003e-05	1.0000000000000003e-05	1.0000000000000003e-05	9.99809113300493e-06	9.996551724137932e-06	9.996120689655173e-06	9.993103448275866e-06	9.995443349753697e-06	1.0000000000000003e-05	1.0000000000000003e-05	1.0000000000000003e-05
7300	1.0000000000000004e-05	1.0000000000000004e-05	1.0000000000000004e-05	1.0000000000000004e-05	9.99481566820277e-06	9.926094470046087e-06	9.898790322580648e-06	9.967396313364058e-06	9.997004608294936e-06	9.967338709677425e-06	9.907258064516132e-06	9.927246543778804e-06	9.94475806451613e-06	9.896370967741937e-06	9.931278801843322e-06	9.923905529953923e-06	9.909965437788023e-06	9.975518433179728e-06	1.0000000000000004e-05
7400	1.0000000000000004e-05	1.0000000000000004e-05	9.960253456221203e-06	8.58951612903226e-06	8.075115207373274e-06	8.991359447004612e-06	9.484101382488484e-06	9.938479262672814e-06	9.999884792626732e-06	9.997695852534567e-06	9.995391705069127e-06	9.941647465437791e-06	9.897119815668206e-06	9.882718894009219e-06	9.801382488479266e-06	9.787154377880188e-06	9.865092165898617e-06	9.889861751152075e-06	9.902649769585257e-06
7500	1.0000000000000004e-05	1.0000000000000004e-05	9.840034562211987e-06	7.164804147465439e-06	6.677822580645164e-06	9.046601382488481e-06	9.633813364055303e-06	9.940207373271891e-06	9.999942396313369e-06	1.0000000000000004e-05	9.992050691244242e-06	9.925691244239635e-06	9.90403225806452e-06	9.895506912442399e-06	9.815725806451616e-06	9.804089861751154e-06	9.846428571428571e-06	9.877880184331799e-06	9.924769585253458e-06
7600	9.733035714285717e-06	9.752232142857147e-06	9.832868303571434e-06	9.842020089285716e-06	9.868526785714292e-06	9.83415178571429e-06	9.810993303571432e-06	9.932645089285718e-06	9.969140625000005e-06	9.910881696428577e-06	9.894140625000004e-06	9.890680803571433e-06	9.935156250000003e-06	9.996261160714291e-06	9.995033482142863e-06	9.994419642857149e-06	9.994419642857149e-06	9.995256696428579e-06	9.998046875000002e-06
7700	9.90261904761905e-06	9.898511904761905e-06	9.446904761904766e-06	5.587321428571428e-06	4.713690476190476e-06	8.465714285714287e-06	9.770238095238098e-06	9.917500000000003e-06	9.964404761904767e-06	9.900178571428576e-06	9.91636904761905e-06	9.906666666666671e-06	9.89434523809524e-06	9.891726190476195e-06	9.815773809523814e-06	9.805833333333335e-06	9.84702380952381e-06	9.879047619047623e-06	9.92458333333334e-06
7800	9.869047619047626e-06	9.866125541125547e-06	9.443777056277062e-06	6.6905303030303035e-06	6.097943722943723e-06	6.530411255411253e-06	6.750974025974028e-06	9.125378787878791e-06	9.970833333333338e-06	9.907359307359312e-06	9.923484848484855e-06	9.924729437229443e-06	9.904707792207797e-06	9.954491341991346e-06	9.914826839826845e-06	9.894967532467537e-06	9.853354978354984e-06	9.814880952380956e-06	9.912283549783558e-06
7900	1.0000000000000003e-05	1.0000000000000003e-05	1.0000000000000003e-05	1.0000000000000003e-05	1.0000000000000003e-05	1.0000000000000003e-05	1.0000000000000003e-05	1.0000000000000003e-05	1.0000000000000003e-05	1.0000000000000003e-05	1.0000000000000003e-05	1.0000000000000003e-05	1.0000000000000003e-05	1.0000000000000003e-05	1.0000000000000003e-05	1.0000000000000003e-05	1.0000000000000003e-05	1.0000000000000003e-05	1.0000000000000003e-05
8000	9.934486607142865e-06	9.97912946428572e-06	9.999218750000005e-06	9.97170758928572e-06	9.944531250000005e-06	9.972042410714291e-06	1.0000000000000004e-05	9.987890625000003e-06	9.958482142857147e-06	9.968359375000004e-06	9.99776785714286e-06	9.998046875000004e-06	9.94363839285715e-06	9.905078125000002e-06	9.955970982142861e-06	9.989453125000002e-06	9.98934151785715e-06	9.991294642857148e-06	9.992131696428579e-06
8100	9.986071428571434e-06	9.995000000000003e-06	9.999285714285715e-06	9.992976190476195e-06	9.99071428571429e-06	9.99404761904762e-06	9.996666666666669e-06	9.999642857142861e-06	9.992321428571436e-06	9.96321428571429e-06	9.954345238095243e-06	9.982619047619047e-06	9.9927380952381e-06	9.990833333333338e-06	9.997261904761909e-06	9.989523809523814e-06	9.960357142857148e-06	9.963809523809527e-06	9.992976190476195e-06
8200	9.94423963133641e-06	9.984562211981571e-06	1.0000000000000004e-05	9.997235023041479e-06	9.996774193548392e-06	9.999539170506917e-06	1.0000000000000004e-05	1.0000000000000004e-05	1.0000000000000004e-05	1.0000000000000004e-05	1.0000000000000004e-05	9.995967741935488e-06	9.908755760368667e-06	9.810195852534566e-06	9.89124423963134e-06	9.993836405529959e-06	1.0000000000000004e-05	1.0000000000000004e-05	1.0000000000000004e-05
8300	9.927534562211985e-06	9.979377880184335e-06	1.0000000000000004e-05	9.996313364055303e-06	9.992050691244244e-06	9.947004608294938e-06	9.917741935483874e-06	9.963364055299542e-06	9.990725806451617e-06	9.993317972350233e-06	9.998559907834106e-06	9.99164746543779e-06	9.980011520737332e-06	9.979493087557608e-06	9.991877880184333e-06	9.999827188940097e-06	1.0000000000000004e-05	1.0000000000000004e-05	1.0000000000000004e-05
8400	9.936554621848747e-06	9.983823529411774e-06	1.000000000000001e-05	1.000000000000001e-05	9.997636554621859e-06	9.935661764705887e-06	9.86228991596639e-06	9.88555672268908e-06	9.960661764705893e-06	9.999369747899169e-06	9.979621848739504e-06	9.906355042016813e-06	9.831144957983194e-06	9.80010504201681e-06	9.889233193277318e-06	9.993539915966396e-06	1.000000000000001e-05	1.000000000000001e-05	1.000000000000001e-05
8500	9.852995391705074e-06	9.892453917050695e-06	9.89521889400922e-06	8.364285714285718e-06	7.90472350230415e-06	7.682776497695853e-06	7.644988479262674e-06	9.417684331797236e-06	9.935080645161292e-06	9.956394009216593e-06	9.99706221198157e-06	1.0000000000000004e-05	1.0000000000000004e-05	1.0000000000000004e-05	1.0000000000000004e-05	1.0000000000000004e-05	9.996831797235027e-06	9.956970046082954e-06	9.899654377880185e-06
8600	9.929608294930878e-06	9.895103686635947e-06	9.916474654377883e-06	9.988421658986178e-06	1.0000000000000004e-05	9.99850230414747e-06	9.994124423963137e-06	9.995046082949314e-06	9.999423963133645e-06	1.0000000000000004e-05	1.0000000000000004e-05	1.0000000000000004e-05	1.0000000000000004e-05	9.991762672811064e-06	9.924711981566823e-06	9.803110599078345e-06	6.994642857142855e-06	5.4421658986175115e-06	7.393145161290322e-06
8700	9.912903225806456e-06	9.872695852534564e-06	9.824596774193553e-06	9.907603686635949e-06	9.991301843317974e-06	9.950864055299545e-06	9.892396313364056e-06	9.9330069124424e-06	9.994009216589864e-06	1.0000000000000004e-05	1.0000000000000004e-05	1.0000000000000004e-05	1.0000000000000004e-05	9.989804147465444e-06	9.915552995391707e-06	9.83185483870968e-06	6.691244239631337e-06	5.053456221198157e-06	7.343778801843319e-06
8800	9.892522321428574e-06	9.796149553571434e-06	9.75122767857143e-06	9.887388392857145e-06	9.986774553571431e-06	9.972656250000006e-06	9.894363839285715e-06	9.844475446428571e-06	9.90563616071429e-06	9.982868303571433e-06	1.0000000000000004e-05	1.0000000000000004e-05	1.0000000000000004e-05	9.983203125000006e-06	9.912109375000003e-06	9.712388392857145e-06	6.3041852678571446e-06	5.280970982142858e-06	7.699999999999999e-06
8900	9.786635944700464e-06	9.751785714285718e-06	9.75460829493088e-06	9.899827188940096e-06	9.992281105990787e-06	9.974539170506917e-06	9.89723502304148e-06	9.846428571428573e-06	9.902764976958529e-06	9.970794930875583e-06	9.977764976958533e-06	9.985656682027654e-06	9.99965437788019e-06	9.986635944700467e-06	9.915495391705072e-06	9.816820276497699e-06	6.7173387096774194e-06	5.82839861751152e-06	8.981739631336404e-06
9000	9.865841013824886e-06	9.771428571428575e-06	9.71290322580646e-06	9.80645161290323e-06	9.941417050691247e-06	9.974193548387102e-06	9.900979262672814e-06	9.850576036866361e-06	9.899020737327194e-06	9.975115207373276e-06	1.0000000000000004e-05	1.0000000000000004e-05	1.0000000000000004e-05	9.999654377880188e-06	9.99648617511521e-06	9.988306451612906e-06	9.990610599078344e-06	9.999135944700465e-06	1.0000000000000004e-05
9100	9.784319196428574e-06	9.806138392857145e-06	9.80987723214286e-06	9.89860491071429e-06	9.990569196428576e-06	9.973381696428575e-06	9.845647321428576e-06	9.735379464285717e-06	9.774609375000004e-06	9.891238839285718e-06	9.979743303571431e-06	1.0000000000000004e-05	9.997433035714293e-06	9.987779017857152e-06	9.990066964285719e-06	9.99972098214286e-06	1.0000000000000004e-05	1.0000000000000004e-05	1.0000000000000004e-05
9200	9.80831473214286e-06	9.816406249999998e-06	9.818917410714287e-06	9.895256696428575e-06	9.983984375000004e-06	9.961662946428577e-06	9.850000000000002e-06	9.740457589285717e-06	9.760546875000005e-06	9.897879464285718e-06	9.989453125000002e-06	1.0000000000000004e-05	9.989955357142863e-06	9.920814732142862e-06	9.910044642857146e-06	9.979185267857146e-06	9.99899553571429e-06	9.996875000000008e-06	9.997879464285718e-06
9300	9.699711981566824e-06	9.719470046082951e-06	9.722465437788023e-06	9.795967741935488e-06	9.949251152073736e-06	9.96244239631337e-06	9.843202764976962e-06	9.736405529953916e-06	9.768375576036871e-06	9.901152073732722e-06	9.988421658986178e-06	9.995967741935488e-06	9.96019585253457e-06	9.857258064516136e-06	9.816301843317975e-06	9.917741935483875e-06	9.979032258064521e-06	9.927073732718898e-06	9.910829493087558e-06
9400	9.738423645320197e-06	9.818965517241382e-06	9.939655172413796e-06	9.986637931034485e-06	9.95775862068966e-06	9.952032019704434e-06	9.989408866995074e-06	1.0000000000000003e-05	9.998399014778329e-06	9.99427339901478e-06	9.99470443349754e-06	9.998830049261085e-06	9.999076354679807e-06	9.994458128078823e-06	9.994027093596062e-06	9.998645320197046e-06	1.0000000000000003e-05	1.0000000000000003e-05	1.0000000000000003e-05
9500	9.80964285714286e-06	9.870595238095242e-06	9.968690476190479e-06	1.0000000000000003e-05	9.969404761904763e-06	9.93136904761905e-06	9.960595238095241e-06	9.998630952380956e-06	1.0000000000000003e-05	1.0000000000000003e-05	1.0000000000000003e-05	1.0000000000000003e-05	1.0000000000000003e-05	1.0000000000000003e-05	1.0000000000000003e-05	1.0000000000000003e-05	1.0000000000000003e-05	1.0000000000000003e-05	1.0000000000000003e-05
9600	1.0000000000000004e-05	1.0000000000000004e-05	9.999567099567101e-06	9.989177489177497e-06	9.985281385281392e-06	9.993398268398276e-06	9.996969696969703e-06	9.993506493506498e-06	9.987878787878793e-06	9.993614718614723e-06	1.0000000000000004e-05	1.0000000000000004e-05	1.0000000000000004e-05	1.0000000000000004e-05	1.0000000000000004e-05	1.0000000000000004e-05	1.0000000000000004e-05	1.0000000000000004e-05	1.0000000000000004e-05
9700	1.0000000000000004e-05	1.0000000000000004e-05	1.0000000000000004e-05	1.0000000000000004e-05	1.0000000000000004e-05	1.0000000000000004e-05	1.0000000000000004e-05	1.0000000000000004e-05	1.0000000000000004e-05	1.0000000000000004e-05	1.0000000000000004e-05	1.0000000000000004e-05	1.0000000000000004e-05	1.0000000000000004e-05	1.0000000000000004e-05	1.0000000000000004e-05	1.0000000000000004e-05	1.0000000000000004e-05	1.0000000000000004e-05
9800	1.0000000000000004e-05	1.0000000000000004e-05	1.0000000000000004e-05	1.0000000000000004e-05	1.0000000000000004e-05	1.0000000000000004e-05	1.0000000000000004e-05	1.0000000000000004e-05	1.0000000000000004e-05	1.0000000000000004e-05	1.0000000000000004e-05	9.988950892857147e-06	9.934375000000006e-06	9.91729910714286e-06	9.971875000000002e-06	1.0000000000000004e-05	1.0000000000000004e-05	1.0000000000000004e-05	1.0000000000000004e-05
9900	1.0000000000000004e-05	1.0000000000000004e-05	1.0000000000000004e-05	1.0000000000000004e-05	1.0000000000000004e-05	1.0000000000000004e-05	9.999832589285715e-06	9.98180803571429e-06	9.968917410714293e-06	9.986941964285719e-06	1.0000000000000004e-05	9.998493303571433e-06	9.976953125000006e-06	9.970256696428578e-06	9.991796875000005e-06	1.0000000000000004e-05	1.0000000000000004e-05	1.0000000000000004e-05	1.0000000000000004e-05
10000	9.982261904761913e-06	9.95589285714286e-06	9.964880952380956e-06	9.990059523809524e-06	9.99619047619048e-06	9.997380952380954e-06	9.998273809523813e-06	9.952559523809528e-06	9.901011904761906e-06	9.93744047619048e-06	9.990714285714288e-06	9.999761904761904e-06	9.976488095238098e-06	9.950238095238098e-06	9.973511904761907e-06	1.0000000000000003e-05	1.0000000000000003e-05	1.0000000000000003e-05	1.0000000000000003e-05
