	site
generation	50	100	150	200	250	300	350	400	450	500	550	600	650	700	750	800	850	900	950
0	1.0000000000000004e-05	1.0000000000000004e-05	1.0000000000000004e-05	1.0000000000000004e-05	1.0000000000000004e-05	1.0000000000000004e-05	1.0000000000000004e-05	1.0000000000000004e-05	1.0000000000000004e-05	1.0000000000000004e-05	1.0000000000000004e-05	1.0000000000000004e-05	1.0000000000000004e-05	1.0000000000000004e-05	1.0000000000000004e-05	1.0000000000000004e-05	1.0000000000000004e-05	1.0000000000000004e-05	1.0000000000000004e-05
100	1.0000000000000004e-05	1.0000000000000004e-05	1.0000000000000004e-05	9.99079241071429e-06	9.935658482142864e-06	9.937332589285719e-06	9.992466517857147e-06	1.0000000000000004e-05	1.0000000000000004e-05	1.0000000000000004e-05	1.0000000000000004e-05	9.993694196428576e-06	9.944642857142863e-06	9.934430803571434e-06	9.983482142857146e-06	1.0000000000000004e-05	9.998493303571433e-06	9.996875000000008e-06	9.998381696428575e-06
200	1.0000000000000004e-05	1.0000000000000004e-05	1.0000000000000004e-05	1.0000000000000004e-05	1.0000000000000004e-05	9.99751082251083e-06	9.996969696969701e-06	9.999458874458878e-06	1.0000000000000004e-05	9.998809523809531e-06	9.996969696969703e-06	9.998160173160178e-06	1.0000000000000004e-05	1.0000000000000004e-05	1.0000000000000004e-05	1.0000000000000004e-05	1.0000000000000004e-05	1.0000000000000004e-05	1.0000000000000004e-05
300	1.0000000000000003e-05	1.0000000000000003e-05	1.0000000000000003e-05	1.0000000000000003e-05	9.99744047619048e-06	9.935178571428578e-06	9.902619047619048e-06	9.964821428571431e-06	9.99994047619048e-06	1.0000000000000003e-05	9.991607142857147e-06	9.926785714285717e-06	9.905059523809526e-06	9.955833333333336e-06	9.983333333333337e-06	9.997380952380956e-06	1.0000000000000003e-05	1.0000000000000003e-05	1.0000000000000003e-05
400	1.0000000000000003e-05	1.0000000000000003e-05	9.998273809523814e-06	9.891369047619052e-06	9.807261904761909e-06	9.89964285714286e-06	9.981130952380958e-06	9.995654761904765e-06	9.994107142857149e-06	9.976726190476194e-06	9.950297619047621e-06	9.828750000000003e-06	9.833452380952384e-06	9.904107142857148e-06	9.908809523809527e-06	9.977083333333335e-06	9.990773809523815e-06	9.98666666666667e-06	9.99589285714286e-06
500	9.989804147465442e-06	9.998444700460834e-06	9.99861751152074e-06	9.927764976958531e-06	9.799423963133644e-06	9.803283410138252e-06	9.924539170506915e-06	9.991532258064522e-06	9.954723502304152e-06	9.916762672811063e-06	9.919470046082953e-06	9.85247695852535e-06	9.863191244239636e-06	9.911405529953922e-06	9.923905529953923e-06	9.980645161290327e-06	1.0000000000000004e-05	1.0000000000000004e-05	1.0000000000000004e-05
600	1.0000000000000004e-05	1.0000000000000004e-05	1.0000000000000004e-05	9.99782366071429e-06	9.994754464285722e-06	9.945591517857147e-06	9.900334821428575e-06	9.950279017857146e-06	9.952399553571432e-06	9.900111607142861e-06	9.911662946428577e-06	9.828850446428578e-06	9.826227678571435e-06	9.887220982142861e-06	9.89899553571429e-06	9.974497767857147e-06	1.0000000000000004e-05	1.0000000000000004e-05	1.0000000000000004e-05
700	1.0000000000000004e-05	1.0000000000000004e-05	1.0000000000000004e-05	1.0000000000000004e-05	1.0000000000000004e-05	1.0000000000000004e-05	1.0000000000000004e-05	1.0000000000000004e-05	1.0000000000000004e-05	1.0000000000000004e-05	9.996158008658011e-06	9.990746753246757e-06	9.986634199134205e-06	9.984090909090917e-06	9.989285714285722e-06	9.993235930735935e-06	9.99458874458875e-06	9.997619047619051e-06	9.996320346320353e-06
800	9.993359375000006e-06	9.98895089285715e-06	9.944419642857146e-06	9.871763392857147e-06	9.888058035714287e-06	9.93108258928572e-06	9.903459821428577e-06	9.898939732142863e-06	9.905357142857144e-06	9.911718750000005e-06	9.95948660714286e-06	9.948828125000005e-06	9.895312500000006e-06	9.877790178571432e-06	9.922656250000004e-06	9.985825892857147e-06	1.0000000000000004e-05	9.99436383928572e-06	9.972042410714296e-06
900	1.0000000000000004e-05	1.0000000000000004e-05	1.0000000000000004e-05	1.0000000000000004e-05	1.0000000000000004e-05	9.997580645161295e-06	9.987730414746545e-06	9.983064516129038e-06	9.990668202764981e-06	9.996774193548392e-06	9.999020737327193e-06	1.0000000000000004e-05	1.0000000000000004e-05	9.983525345622123e-06	9.932661290322585e-06	9.917223502304151e-06	9.96411290322581e-06	9.996025345622125e-06	1.0000000000000004e-05
1000	1.0000000000000004e-05	1.0000000000000004e-05	1.0000000000000004e-05	1.0000000000000004e-05	9.994009216589866e-06	9.933813364055303e-06	9.868433179723504e-06	9.908122119815673e-06	9.979493087557607e-06	1.0000000000000004e-05	9.975230414746548e-06	9.924251152073737e-06	9.66255760368664e-06	7.525748847926268e-06	6.8375000000000036e-06	9.008064516129036e-06	9.961981566820281e-06	9.930645161290324e-06	9.91975806451613e-06
1100	1.0000000000000003e-05	9.998645320197047e-06	9.996551724137934e-06	9.99790640394089e-06	9.993226600985225e-06	9.91958128078818e-06	9.842857142857144e-06	9.880541871921183e-06	9.963916256157637e-06	9.999876847290643e-06	9.971059113300495e-06	9.903017241379314e-06	9.549815270935964e-06	7.069150246305422e-06	6.618165024630541e-06	9.138177339901481e-06	9.949753694581285e-06	9.915886699507393e-06	9.894334975369458e-06
1200	9.834216589861754e-06	9.91624423963134e-06	9.989861751152078e-06	1.0000000000000004e-05	9.993087557603692e-06	9.919009216589866e-06	9.842223502304148e-06	9.877188940092168e-06	9.958237327188943e-06	9.99735023041475e-06	9.970334101382496e-06	9.902707373271892e-06	9.572753456221202e-06	7.319412442396314e-06	6.808640552995392e-06	9.100460829493091e-06	9.94965437788019e-06	9.913709677419357e-06	9.888824884792632e-06
1300	9.829550691244243e-06	9.901843317972353e-06	9.976382488479265e-06	9.943202764976961e-06	9.886808755760373e-06	9.863421658986177e-06	9.845103686635949e-06	9.892223502304149e-06	9.970679723502306e-06	1.0000000000000004e-05	9.94124423963134e-06	9.820276497695854e-06	9.34493087557604e-06	6.857834101382493e-06	6.652188940092168e-06	9.238018433179728e-06	9.961808755760372e-06	9.923617511520741e-06	9.887730414746546e-06
1400	9.822042410714289e-06	9.905859375000004e-06	9.987332589285717e-06	9.937890625000005e-06	9.89458705357143e-06	9.88928571428572e-06	9.854352678571434e-06	9.85837053571429e-06	9.924553571428575e-06	9.986328125000002e-06	9.962388392857149e-06	9.820647321428574e-06	9.837611607142861e-06	9.979352678571433e-06	1.0000000000000004e-05	1.0000000000000004e-05	1.0000000000000004e-05	9.997656250000005e-06	9.983705357142863e-06
1500	9.995812807881774e-06	9.993103448275864e-06	9.997290640394092e-06	1.0000000000000003e-05	1.0000000000000003e-05	1.0000000000000003e-05	1.0000000000000003e-05	1.0000000000000003e-05	1.0000000000000003e-05	1.0000000000000003e-05	1.0000000000000003e-05	1.0000000000000003e-05	9.999322660098527e-06	9.995073891625616e-06	9.989593596059115e-06	9.99113300492611e-06	9.997290640394092e-06	1.0000000000000003e-05	1.0000000000000003e-05
1600	9.928794642857144e-06	9.94631696428572e-06	9.986830357142861e-06	1.0000000000000004e-05	1.0000000000000004e-05	1.0000000000000004e-05	1.0000000000000004e-05	1.0000000000000004e-05	1.0000000000000004e-05	1.0000000000000004e-05	9.999832589285715e-06	9.980245535714291e-06	9.902901785714292e-06	9.91037946428572e-06	9.987890625000003e-06	1.0000000000000004e-05	1.0000000000000004e-05	9.970814732142863e-06	9.89547991071429e-06
1700	1.0000000000000003e-05	1.0000000000000003e-05	1.0000000000000003e-05	1.0000000000000003e-05	1.0000000000000003e-05	1.0000000000000003e-05	1.0000000000000003e-05	1.0000000000000003e-05	1.0000000000000003e-05	1.0000000000000003e-05	1.0000000000000003e-05	1.0000000000000003e-05	1.0000000000000003e-05	1.0000000000000003e-05	1.0000000000000003e-05	1.0000000000000003e-05	1.0000000000000003e-05	1.0000000000000003e-05	1.0000000000000003e-05
1800	1.0000000000000003e-05	1.0000000000000003e-05	1.0000000000000003e-05	1.0000000000000003e-05	1.0000000000000003e-05	1.0000000000000003e-05	1.0000000000000003e-05	1.0000000000000003e-05	1.0000000000000003e-05	1.0000000000000003e-05	1.0000000000000003e-05	1.0000000000000003e-05	1.0000000000000003e-05	1.0000000000000003e-05	1.0000000000000003e-05	1.0000000000000003e-05	1.0000000000000003e-05	1.0000000000000003e-05	1.0000000000000003e-05
1900	1.0000000000000004e-05	1.0000000000000004e-05	1.0000000000000004e-05	1.0000000000000004e-05	1.0000000000000004e-05	1.0000000000000004e-05	1.0000000000000004e-05	1.0000000000000004e-05	1.0000000000000004e-05	1.0000000000000004e-05	1.0000000000000004e-05	1.0000000000000004e-05	1.0000000000000004e-05	1.0000000000000004e-05	1.0000000000000004e-05	9.998716517857148e-06	9.959821428571436e-06	9.93577008928572e-06	9.96071428571429e-06
2000	1.0000000000000004e-05	1.0000000000000004e-05	1.0000000000000004e-05	9.97736175115208e-06	9.909101382488484e-06	9.92263824884793e-06	9.990898617511526e-06	1.0000000000000004e-05	1.0000000000000004e-05	1.0000000000000004e-05	1.0000000000000004e-05	9.981797235023049e-06	9.905760368663597e-06	9.9014400921659e-06	9.974884792626733e-06	9.997407834101386e-06	1.0000000000000004e-05	9.970161290322587e-06	9.895276497695858e-06
2100	9.942522321428577e-06	9.95786830357143e-06	9.981529017857149e-06	9.92399553571429e-06	9.90245535714286e-06	9.937165178571435e-06	9.93063616071429e-06	9.942075892857148e-06	9.959654017857145e-06	9.952511160714292e-06	9.963560267857145e-06	9.46344866071429e-06	8.516406250000002e-06	9.027678571428577e-06	9.982868303571433e-06	1.0000000000000004e-05	9.996149553571432e-06	9.951785714285718e-06	9.883091517857146e-06
2200	9.874837662337667e-06	9.91428571428572e-06	9.959848484848488e-06	9.870183982683989e-06	9.842099567099569e-06	9.890367965367972e-06	9.359902597402602e-06	8.998322510822514e-06	9.529599567099573e-06	9.877543290043296e-06	9.8568722943723e-06	8.893777056277059e-06	6.986038961038962e-06	8.006168831168835e-06	9.979220779220783e-06	1.0000000000000004e-05	9.997132034632039e-06	9.916450216450224e-06	9.786742424242429e-06
2300	9.845679723502306e-06	9.898271889400926e-06	9.957949308755765e-06	9.841417050691248e-06	9.810944700460835e-06	9.884331797235026e-06	9.808410138248852e-06	9.77672811059908e-06	9.85979262672811e-06	9.86635944700461e-06	9.82402073732719e-06	9.016589861751155e-06	5.960599078341014e-06	5.760887096774191e-06	8.870449308755762e-06	9.971025345622123e-06	1.0000000000000004e-05	1.0000000000000004e-05	1.0000000000000004e-05
2400	9.81923963133641e-06	9.881624423963137e-06	9.960426267281109e-06	9.899654377880189e-06	9.876267281105995e-06	9.925172811059912e-06	9.872926267281109e-06	9.856163594470051e-06	9.909735023041478e-06	9.913421658986178e-06	9.887211981566822e-06	9.465495391705071e-06	6.444009216589862e-06	5.8040322580645165e-06	8.834965437788022e-06	9.945737327188944e-06	9.989458525345624e-06	9.996774193548392e-06	9.998790322580649e-06
2500	1.0000000000000004e-05	1.0000000000000004e-05	1.0000000000000004e-05	1.0000000000000004e-05	1.0000000000000004e-05	1.0000000000000004e-05	1.0000000000000004e-05	1.0000000000000004e-05	1.0000000000000004e-05	1.0000000000000004e-05	1.0000000000000004e-05	1.0000000000000004e-05	1.0000000000000004e-05	1.0000000000000004e-05	1.0000000000000004e-05	1.0000000000000004e-05	1.0000000000000004e-05	1.0000000000000004e-05	1.0000000000000004e-05
2600	9.92177419354839e-06	9.954781105990787e-06	9.900806451612907e-06	9.807027649769587e-06	9.785656682027651e-06	9.795679723502307e-06	9.804723502304152e-06	9.821486175115213e-06	9.861635944700465e-06	9.870276497695852e-06	9.85852534562212e-06	8.912730414746546e-06	5.00455069124424e-06	3.5077764976958527e-06	7.4486175115207404e-06	9.971255760368669e-06	1.0000000000000004e-05	1.0000000000000004e-05	1.0000000000000004e-05
2700	9.925773809523813e-06	9.956309523809528e-06	9.887083333333336e-06	9.507916666666668e-06	9.392619047619048e-06	9.680952380952382e-06	9.769464285714286e-06	9.804583333333336e-06	9.877023809523813e-06	9.865535714285718e-06	9.843273809523812e-06	8.812261904761909e-06	4.533511904761906e-06	2.9627380952380953e-06	7.267023809523812e-06	9.959047619047623e-06	1.0000000000000003e-05	1.0000000000000003e-05	1.0000000000000003e-05
2800	9.9278801843318e-06	9.954550691244241e-06	9.889573732718899e-06	9.801440092165902e-06	9.790149769585254e-06	9.558640552995393e-06	8.31578341013825e-06	8.248271889400921e-06	9.532661290322582e-06	9.668029953917056e-06	9.58940092165899e-06	8.571025345622124e-06	4.207661290322582e-06	3.024078341013825e-06	7.490898617511523e-06	9.969815668202767e-06	1.0000000000000004e-05	1.0000000000000004e-05	1.0000000000000004e-05
2900	9.99521889400922e-06	9.987327188940098e-06	9.991877880184337e-06	9.99976958525346e-06	1.0000000000000004e-05	1.0000000000000004e-05	9.997465437788023e-06	9.994585253456224e-06	9.996082949308759e-06	9.997465437788023e-06	9.994470046082951e-06	9.991013824884798e-06	9.992626728110605e-06	9.996716589861755e-06	9.992281105990787e-06	9.984562211981571e-06	9.98531105990784e-06	9.993721198156686e-06	9.999827188940097e-06
3000	9.99567972350231e-06	9.993548387096779e-06	9.997868663594471e-06	1.0000000000000004e-05	1.0000000000000004e-05	9.999135944700464e-06	9.993548387096779e-06	9.994412442396318e-06	9.994758064516133e-06	9.988997695852539e-06	9.984619815668208e-06	9.982027649769591e-06	9.988364055299544e-06	9.996716589861755e-06	9.998905529953921e-06	9.993548387096779e-06	9.99464285714286e-06	1.0000000000000004e-05	1.0000000000000004e-05
3100	9.962797619047623e-06	9.903928571428574e-06	9.940535714285717e-06	9.998630952380954e-06	9.986190476190483e-06	9.973630952380957e-06	9.983809523809527e-06	9.99714285714286e-06	9.997261904761907e-06	9.994285714285714e-06	9.992023809523812e-06	9.877261904761908e-06	9.718154761904764e-06	9.828452380952383e-06	9.991964285714284e-06	9.996666666666669e-06	9.997261904761907e-06	1.0000000000000003e-05	1.0000000000000003e-05
3200	9.985833333333335e-06	9.963988095238096e-06	9.977500000000004e-06	9.986904761904766e-06	9.944345238095244e-06	9.917857142857147e-06	9.955654761904765e-06	9.992857142857143e-06	9.996666666666669e-06	9.99839285714286e-06	1.0000000000000003e-05	9.987321428571435e-06	9.952678571428577e-06	9.962678571428574e-06	9.997321428571432e-06	1.0000000000000003e-05	9.99702380952381e-06	9.996666666666669e-06	9.999642857142861e-06
3300	1.0000000000000004e-05	1.0000000000000004e-05	9.999274553571432e-06	9.99469866071429e-06	9.991685267857148e-06	9.995926339285718e-06	9.999665178571431e-06	1.0000000000000004e-05	9.945535714285717e-06	9.900000000000003e-06	9.954464285714289e-06	9.975558035714292e-06	9.904352678571431e-06	9.920591517857145e-06	9.948604910714291e-06	9.947600446428575e-06	9.99079241071429e-06	1.0000000000000004e-05	1.0000000000000004e-05
3400	9.982718894009221e-06	9.997119815668206e-06	9.98317972350231e-06	9.935253456221204e-06	9.949078341013829e-06	9.997004608294936e-06	1.0000000000000004e-05	1.0000000000000004e-05	1.0000000000000004e-05	1.0000000000000004e-05	1.0000000000000004e-05	1.0000000000000004e-05	1.0000000000000004e-05	1.0000000000000004e-05	1.0000000000000004e-05	1.0000000000000004e-05	1.0000000000000004e-05	1.0000000000000004e-05	1.0000000000000004e-05
3500	9.993506493506496e-06	9.998917748917753e-06	9.974837662337667e-06	9.90497835497836e-06	9.925162337662341e-06	9.99329004329005e-06	9.996969696969703e-06	9.998701298701303e-06	1.0000000000000004e-05	1.0000000000000004e-05	1.0000000000000004e-05	1.0000000000000004e-05	1.0000000000000004e-05	1.0000000000000004e-05	1.0000000000000004e-05	9.982683982683988e-06	9.915638528138532e-06	9.917316017316023e-06	9.984361471861474e-06
3600	1.0000000000000004e-05	1.0000000000000004e-05	1.0000000000000004e-05	1.0000000000000004e-05	1.0000000000000004e-05	1.0000000000000004e-05	1.0000000000000004e-05	1.0000000000000004e-05	1.0000000000000004e-05	1.0000000000000004e-05	1.0000000000000004e-05	1.0000000000000004e-05	1.0000000000000004e-05	1.0000000000000004e-05	1.0000000000000004e-05	1.0000000000000004e-05	1.0000000000000004e-05	1.0000000000000004e-05	1.0000000000000004e-05
3700	9.986117511520741e-06	9.997638248847929e-06	9.990149769585259e-06	9.961751152073738e-06	9.945737327188944e-06	9.960829493087561e-06	9.9866935483871e-06	9.994930875576042e-06	9.968202764976964e-06	9.966359447004612e-06	9.99308755760369e-06	1.0000000000000004e-05	1.0000000000000004e-05	1.0000000000000004e-05	1.0000000000000004e-05	1.0000000000000004e-05	9.996025345622123e-06	9.969066820276504e-06	9.947119815668209e-06
3800	1.0000000000000004e-05	9.993951612903227e-06	9.986808755760373e-06	9.983582949308762e-06	9.990610599078344e-06	9.999884792626732e-06	1.0000000000000004e-05	1.0000000000000004e-05	1.0000000000000004e-05	1.0000000000000004e-05	1.0000000000000004e-05	1.0000000000000004e-05	1.0000000000000004e-05	9.999423963133645e-06	9.994758064516133e-06	9.988191244239635e-06	9.96883640552996e-06	9.943490783410141e-06	9.938709677419361e-06
3900	9.938671875000004e-06	9.82862723214286e-06	9.853125000000006e-06	9.97712053571429e-06	1.0000000000000004e-05	1.0000000000000004e-05	1.0000000000000004e-05	1.0000000000000004e-05	9.99748883928572e-06	9.985546875000004e-06	9.755245535714291e-06	8.844921875000003e-06	8.207198660714289e-06	9.012834821428574e-06	9.880691964285718e-06	9.994531250000008e-06	9.968526785714291e-06	9.906752232142859e-06	9.88521205357143e-06
4000	9.989228110599082e-06	9.99481566820277e-06	9.999827188940097e-06	1.0000000000000004e-05	1.0000000000000004e-05	1.0000000000000004e-05	9.998156682027653e-06	9.979723502304155e-06	9.955069124423967e-06	9.942972350230417e-06	9.96935483870968e-06	9.999884792626732e-06	1.0000000000000004e-05	1.0000000000000004e-05	1.0000000000000004e-05	1.0000000000000004e-05	9.987672811059913e-06	9.937327188940092e-06	9.909331797235025e-06
4100	9.983928571428576e-06	9.995161290322584e-06	9.979953917050694e-06	9.961923963133642e-06	9.981336405529957e-06	9.999654377880188e-06	1.0000000000000004e-05	1.0000000000000004e-05	9.999654377880188e-06	9.996774193548392e-06	9.997119815668206e-06	1.0000000000000004e-05	9.997868663594475e-06	9.996774193548392e-06	9.998905529953921e-06	9.99948156682028e-06	9.99579493087558e-06	9.991013824884798e-06	9.9918202764977e-06
4200	9.943805803571434e-06	9.892522321428576e-06	9.941852678571432e-06	9.998716517857147e-06	1.0000000000000004e-05	1.0000000000000004e-05	9.967187500000006e-06	9.910546875000004e-06	9.939062500000004e-06	9.995703125000004e-06	9.730189732142862e-06	8.259375000000001e-06	7.006752232142858e-06	8.32550223214286e-06	9.836104910714292e-06	9.730803571428575e-06	9.526004464285717e-06	9.774944196428578e-06	9.991573660714292e-06
4300	9.927246543778804e-06	9.905587557603688e-06	9.952649769585256e-06	9.9903801843318e-06	9.992914746543783e-06	9.997004608294933e-06	9.968951612903234e-06	9.891532258064521e-06	9.903283410138251e-06	9.979435483870973e-06	9.998732718894012e-06	1.0000000000000004e-05	1.0000000000000004e-05	1.0000000000000004e-05	9.989861751152081e-06	9.921140552995394e-06	9.90754608294931e-06	9.969700460829497e-06	9.990552995391707e-06
4400	1.0000000000000004e-05	1.0000000000000004e-05	1.0000000000000004e-05	1.0000000000000004e-05	1.0000000000000004e-05	1.0000000000000004e-05	1.0000000000000004e-05	1.0000000000000004e-05	1.0000000000000004e-05	1.0000000000000004e-05	1.0000000000000004e-05	1.0000000000000004e-05	1.0000000000000004e-05	1.0000000000000004e-05	1.0000000000000004e-05	1.0000000000000004e-05	1.0000000000000004e-05	1.0000000000000004e-05	1.0000000000000004e-05
4500	9.853627232142863e-06	9.882142857142861e-06	9.905524553571433e-06	9.966294642857146e-06	1.0000000000000004e-05	1.0000000000000004e-05	1.0000000000000004e-05	1.0000000000000004e-05	1.0000000000000004e-05	1.0000000000000004e-05	1.0000000000000004e-05	1.0000000000000004e-05	9.998660714285719e-06	9.980636160714289e-06	9.96696428571429e-06	9.984988839285717e-06	1.0000000000000004e-05	1.0000000000000004e-05	1.0000000000000004e-05
4600	9.905580357142861e-06	9.907142857142863e-06	9.96311383928572e-06	9.995033482142862e-06	9.997377232142863e-06	9.986049107142862e-06	9.922154017857147e-06	9.87081473214286e-06	9.921093750000004e-06	9.983426339285716e-06	9.991015625000005e-06	9.983872767857152e-06	9.987165178571434e-06	9.994587053571432e-06	9.999944196428575e-06	9.983705357142863e-06	9.935825892857146e-06	9.923102678571434e-06	9.954241071428577e-06
4700	9.89732142857143e-06	9.911607142857146e-06	9.97559523809524e-06	1.0000000000000003e-05	1.0000000000000003e-05	9.970416666666672e-06	9.899583333333338e-06	9.866011904761907e-06	9.897083333333335e-06	9.957678571428571e-06	9.996666666666669e-06	9.999226190476195e-06	1.0000000000000003e-05	1.0000000000000003e-05	1.0000000000000003e-05	9.969404761904763e-06	9.862380952380957e-06	9.845000000000001e-06	9.943095238095245e-06
4800	9.805357142857143e-06	9.7790306122449e-06	9.791275510204086e-06	9.80678571428572e-06	9.832959183673474e-06	9.936989795918376e-06	9.998826530612254e-06	1.000000000000001e-05	9.935561224489805e-06	9.833724489795924e-06	9.89301020408164e-06	9.99484693877552e-06	1.000000000000001e-05	1.000000000000001e-05	1.000000000000001e-05	9.999438775510215e-06	9.952653061224495e-06	9.91525510204082e-06	9.956938775510207e-06
4900	9.95328341013825e-06	9.869758064516131e-06	9.856163594470051e-06	9.939573732718897e-06	9.994354838709681e-06	9.99735023041475e-06	1.0000000000000004e-05	1.0000000000000004e-05	9.917223502304151e-06	9.819642857142861e-06	9.895679723502308e-06	9.993260368663598e-06	1.0000000000000004e-05	1.0000000000000004e-05	1.0000000000000004e-05	9.997811059907838e-06	9.936290322580649e-06	9.900000000000002e-06	9.950000000000005e-06
5000	8.576612903225809e-06	6.324193548387098e-06	5.4286290322580675e-06	8.166532258064518e-06	9.910541474654382e-06	9.9866935483871e-06	1.0000000000000004e-05	9.99297235023042e-06	9.97580645161291e-06	9.968317972350234e-06	9.985483870967745e-06	1.0000000000000004e-05	1.0000000000000004e-05	1.0000000000000004e-05	1.0000000000000004e-05	9.99395161290323e-06	9.980357142857147e-06	9.980241935483875e-06	9.993836405529959e-06
5100	7.940234375e-06	5.492243303571427e-06	5.407198660714288e-06	8.650279017857145e-06	9.911216517857146e-06	9.986662946428575e-06	9.994419642857147e-06	9.918694196428576e-06	9.34352678571429e-06	9.13995535714286e-06	9.718303571428575e-06	9.997600446428575e-06	1.0000000000000004e-05	1.0000000000000004e-05	1.0000000000000004e-05	9.98705357142858e-06	9.910881696428577e-06	9.821986607142863e-06	9.850725446428575e-06
5200	9.99741379310345e-06	9.993103448275866e-06	9.994581280788178e-06	9.993165024630546e-06	9.994211822660101e-06	9.999938423645324e-06	1.0000000000000003e-05	9.995689655172415e-06	9.97697044334976e-06	9.965024630541872e-06	9.97352216748769e-06	9.984113300492614e-06	9.99433497536946e-06	1.0000000000000003e-05	1.0000000000000003e-05	1.0000000000000003e-05	9.981096059113305e-06	9.966317733990152e-06	9.98214285714286e-06
5300	1.0000000000000004e-05	1.0000000000000004e-05	1.0000000000000004e-05	1.0000000000000004e-05	1.0000000000000004e-05	1.0000000000000004e-05	1.0000000000000004e-05	1.0000000000000004e-05	1.0000000000000004e-05	9.999884792626732e-06	9.994239631336409e-06	9.990437788018439e-06	9.996082949308759e-06	1.0000000000000004e-05	1.0000000000000004e-05	1.0000000000000004e-05	9.994470046082956e-06	9.981221198156686e-06	9.980990783410142e-06
5400	9.996428571428573e-06	9.977419354838713e-06	9.974539170506918e-06	9.993548387096779e-06	1.0000000000000004e-05	1.0000000000000004e-05	1.0000000000000004e-05	9.994412442396316e-06	9.874884792626732e-06	9.74781105990784e-06	9.825115207373276e-06	9.957776497695856e-06	9.973559907834107e-06	9.929896313364057e-06	9.955472350230419e-06	9.999135944700464e-06	1.0000000000000004e-05	9.999251152073736e-06	9.99637096774194e-06
5500	1.0000000000000004e-05	1.0000000000000004e-05	1.0000000000000004e-05	1.0000000000000004e-05	1.0000000000000004e-05	9.986830357142861e-06	9.865066964285718e-06	9.80295758928572e-06	9.812165178571433e-06	9.74547991071429e-06	9.822767857142861e-06	9.964341517857148e-06	9.948660714285717e-06	9.900892857142862e-06	9.95133928571429e-06	9.997377232142863e-06	9.993750000000007e-06	9.995870535714288e-06	1.0000000000000004e-05
5600	1.0000000000000003e-05	1.0000000000000003e-05	1.0000000000000003e-05	1.0000000000000003e-05	1.0000000000000003e-05	1.0000000000000003e-05	1.0000000000000003e-05	1.0000000000000003e-05	1.0000000000000003e-05	1.0000000000000003e-05	1.0000000000000003e-05	1.0000000000000003e-05	1.0000000000000003e-05	1.0000000000000003e-05	1.0000000000000003e-05	1.0000000000000003e-05	1.0000000000000003e-05	1.0000000000000003e-05	1.0000000000000003e-05
5700	1.0000000000000004e-05	1.0000000000000004e-05	1.0000000000000004e-05	1.0000000000000004e-05	1.0000000000000004e-05	1.0000000000000004e-05	1.0000000000000004e-05	1.0000000000000004e-05	1.0000000000000004e-05	1.0000000000000004e-05	1.0000000000000004e-05	1.0000000000000004e-05	1.0000000000000004e-05	1.0000000000000004e-05	1.0000000000000004e-05	1.0000000000000004e-05	1.0000000000000004e-05	1.0000000000000004e-05	1.0000000000000004e-05
5800	1.0000000000000004e-05	1.0000000000000004e-05	1.0000000000000004e-05	9.995910138248853e-06	9.993548387096779e-06	9.997638248847929e-06	1.0000000000000004e-05	9.999884792626732e-06	9.955933179723506e-06	9.875403225806453e-06	9.864573732718895e-06	9.9440668202765e-06	9.998847926267286e-06	1.0000000000000004e-05	9.967511520737334e-06	9.91284562211982e-06	9.942165898617515e-06	9.996831797235027e-06	1.0000000000000004e-05
5900	9.99754464285715e-06	9.99274553571429e-06	9.993080357142865e-06	9.997879464285718e-06	1.0000000000000004e-05	1.0000000000000004e-05	9.999218750000004e-06	9.938839285714293e-06	7.897767857142862e-06	6.8831473214285735e-06	8.924162946428575e-06	9.947154017857146e-06	9.867075892857144e-06	9.872098214285716e-06	9.921428571428575e-06	9.911886160714289e-06	9.939453125000003e-06	9.993750000000009e-06	9.99776785714286e-06
6000	9.989523809523814e-06	9.908452380952384e-06	9.878154761904766e-06	9.913333333333339e-06	9.942321428571433e-06	9.988214285714288e-06	9.999107142857146e-06	9.885238095238098e-06	8.447321428571431e-06	7.734761904761906e-06	9.172440476190478e-06	9.960595238095243e-06	9.908154761904768e-06	9.915654761904764e-06	9.944642857142861e-06	9.940416666666672e-06	9.96166666666667e-06	9.996666666666669e-06	1.0000000000000003e-05
6100	1.0000000000000003e-05	1.0000000000000003e-05	9.98482142857143e-06	9.915476190476193e-06	9.918511904761905e-06	9.946309523809528e-06	8.794880952380955e-06	6.866488095238095e-06	7.991785714285716e-06	9.961726190476194e-06	1.0000000000000003e-05	1.0000000000000003e-05	1.0000000000000003e-05	1.0000000000000003e-05	1.0000000000000003e-05	1.0000000000000003e-05	1.0000000000000003e-05	1.0000000000000003e-05	1.0000000000000003e-05
6200	1.0000000000000004e-05	1.0000000000000004e-05	9.956048387096778e-06	9.725518433179727e-06	9.753974654377884e-06	9.947753456221203e-06	9.10967741935484e-06	6.956797235023041e-06	7.74832949308756e-06	9.868202764976961e-06	9.907430875576041e-06	9.946313364055305e-06	9.88698156682028e-06	9.841417050691246e-06	9.91157834101383e-06	9.98513824884793e-06	9.996947004608297e-06	9.995506912442401e-06	9.989919354838715e-06
6300	1.0000000000000004e-05	1.0000000000000004e-05	9.998387096774195e-06	9.94239631336406e-06	9.881797235023046e-06	9.923790322580647e-06	9.979723502304151e-06	9.989919354838715e-06	9.994930875576042e-06	9.99579493087558e-06	9.993548387096779e-06	9.994930875576038e-06	9.993548387096779e-06	9.995103686635948e-06	9.999423963133643e-06	9.9469470046083e-06	9.878744239631338e-06	9.850921658986176e-06	9.86209677419355e-06
6400	9.952678571428576e-06	9.988950892857145e-06	1.0000000000000004e-05	1.0000000000000004e-05	9.98309151785715e-06	9.87276785714286e-06	8.783872767857146e-06	7.027957589285716e-06	8.083035714285718e-06	9.923437500000007e-06	9.908203125000004e-06	9.90245535714286e-06	9.893080357142859e-06	9.917131696428575e-06	9.992131696428575e-06	9.953013392857149e-06	9.864397321428577e-06	9.776506696428577e-06	9.767801339285723e-06
6500	9.936201298701303e-06	9.984902597402602e-06	9.998971861471867e-06	9.945292207792211e-06	9.885768398268399e-06	9.867099567099571e-06	9.915259740259746e-06	9.954870129870134e-06	9.906168831168836e-06	9.927651515151516e-06	9.987770562770568e-06	9.991504329004334e-06	9.927326839826845e-06	9.906547619047622e-06	9.966125541125544e-06	9.941504329004335e-06	9.865746753246756e-06	9.782792207792212e-06	9.750487012987016e-06
6600	9.936785714285719e-06	9.984404761904764e-06	9.998630952380956e-06	9.949047619047624e-06	9.892857142857147e-06	9.876011904761907e-06	9.921845238095239e-06	9.963333333333337e-06	9.914702380952384e-06	9.931607142857144e-06	9.960178571428574e-06	9.90464285714286e-06	9.87619047619048e-06	9.90869047619048e-06	9.966130952380955e-06	9.991250000000004e-06	9.986726190476195e-06	9.981309523809532e-06	9.97970238095239e-06
6700	9.819921875000006e-06	9.869308035714293e-06	9.890178571428576e-06	9.914843750000003e-06	9.949441964285718e-06	9.915290178571434e-06	8.69893973214286e-06	6.304073660714284e-06	6.942243303571432e-06	9.38688616071429e-06	9.521205357142862e-06	8.076171875000001e-06	8.362834821428575e-06	9.691127232142862e-06	9.685156250000002e-06	9.752957589285718e-06	9.871930803571432e-06	9.871930803571432e-06	9.892857142857147e-06
6800	9.80666666666667e-06	9.73934523809524e-06	9.637500000000006e-06	9.802678571428572e-06	9.962023809523814e-06	9.874940476190483e-06	8.087023809523811e-06	3.9492857142857145e-06	4.925595238095239e-06	9.13839285714286e-06	9.270000000000003e-06	7.747261904761906e-06	8.1777380952381e-06	9.670654761904763e-06	9.895595238095236e-06	9.894583333333335e-06	9.933452380952383e-06	9.991547619047624e-06	1.0000000000000003e-05
6900	9.87609447004609e-06	9.866877880184335e-06	9.841013824884796e-06	9.840092165898618e-06	9.880875576036869e-06	9.861463133640556e-06	7.887788018433183e-06	4.390610599078341e-06	5.560253456221201e-06	9.132949308755763e-06	9.502707373271893e-06	7.381105990783411e-06	7.499481566820279e-06	9.567281105990787e-06	9.879838709677421e-06	9.899135944700466e-06	9.928341013824889e-06	9.986002304147469e-06	1.0000000000000004e-05
7000	9.900000000000003e-06	9.792972350230422e-06	9.807949308755766e-06	9.64665898617512e-06	9.502822580645166e-06	9.774020737327195e-06	9.846601382488484e-06	9.56975806451613e-06	9.591877880184335e-06	9.735656682027653e-06	9.436693548387099e-06	9.552476958525351e-06	9.954262672811064e-06	9.982834101382493e-06	9.991244239631342e-06	9.98185483870968e-06	9.989170506912446e-06	9.998790322580649e-06	1.0000000000000004e-05
7100	8.70220238095238e-06	8.16125e-06	8.898809523809528e-06	9.6077380952381e-06	9.38684523809524e-06	9.667500000000002e-06	9.990297619047623e-06	1.0000000000000003e-05	1.0000000000000003e-05	1.0000000000000003e-05	1.0000000000000003e-05	1.0000000000000003e-05	1.0000000000000003e-05	1.0000000000000003e-05	1.0000000000000003e-05	9.996309523809527e-06	9.916071428571433e-06	9.83589285714286e-06	9.862559523809527e-06
7200	9.640380184331802e-06	9.574193548387104e-06	9.686808755760369e-06	9.552822580645164e-06	9.221658986175116e-06	9.51866359447005e-06	9.892569124423967e-06	9.944988479262676e-06	9.994527649769588e-06	9.992857142857148e-06	9.987096774193549e-06	9.928917050691246e-06	9.91497695852535e-06	9.978225806451615e-06	9.994815668202771e-06	9.922523041474658e-06	9.809331797235026e-06	9.80074884792627e-06	9.890322580645167e-06
7300	9.109761904761906e-06	8.833333333333336e-06	9.29869047619048e-06	9.576785714285715e-06	9.364107142857148e-06	9.63446428571429e-06	9.893214285714288e-06	9.918214285714289e-06	9.976785714285722e-06	9.992261904761908e-06	9.997857142857145e-06	9.944226190476193e-06	9.905476190476191e-06	9.959107142857146e-06	9.996666666666669e-06	9.920714285714289e-06	9.814464285714288e-06	9.807083333333335e-06	9.860119047619051e-06
7400	9.687557603686642e-06	9.789170506912448e-06	9.946082949308759e-06	1.0000000000000004e-05	1.0000000000000004e-05	1.0000000000000004e-05	1.0000000000000004e-05	1.0000000000000004e-05	1.0000000000000004e-05	1.0000000000000004e-05	1.0000000000000004e-05	9.999251152073736e-06	9.99637096774194e-06	9.994239631336409e-06	9.994239631336409e-06	9.994239631336409e-06	9.994239631336409e-06	9.996140552995395e-06	9.999020737327193e-06
7500	9.49619047619048e-06	9.743571428571434e-06	9.943809523809528e-06	1.0000000000000003e-05	1.0000000000000003e-05	1.0000000000000003e-05	1.0000000000000003e-05	9.99779761904762e-06	9.996666666666669e-06	9.99886904761905e-06	1.0000000000000003e-05	1.0000000000000003e-05	1.0000000000000003e-05	1.0000000000000003e-05	1.0000000000000003e-05	1.0000000000000003e-05	9.98916666666667e-06	9.935773809523813e-06	9.901964285714284e-06
7600	9.842131696428573e-06	9.81501116071429e-06	9.809263392857147e-06	9.566015625000005e-06	9.235323660714285e-06	9.55876116071429e-06	9.980524553571431e-06	9.994587053571432e-06	9.925613839285717e-06	9.827176339285717e-06	9.88063616071429e-06	9.984486607142862e-06	9.99598214285715e-06	9.987053571428577e-06	9.982589285714293e-06	9.983928571428576e-06	9.98392857142858e-06	9.991517857142862e-06	1.0000000000000004e-05
7700	9.972943722943728e-06	9.971699134199142e-06	9.762121212121218e-06	9.096699134199136e-06	8.663095238095244e-06	9.190909090909095e-06	9.847619047619051e-06	9.998160173160174e-06	9.993939393939399e-06	9.982846320346327e-06	9.961147186147192e-06	9.973538961038965e-06	9.994805194805196e-06	9.985930735930742e-06	9.981980519480527e-06	9.962824675324683e-06	9.940367965367975e-06	9.960335497835504e-06	9.991396103896109e-06
7800	9.99893973214286e-06	9.99481026785715e-06	9.99481026785715e-06	9.99893973214286e-06	1.0000000000000004e-05	1.0000000000000004e-05	1.0000000000000004e-05	9.956529017857148e-06	9.908426339285718e-06	9.914732142857147e-06	9.905133928571432e-06	9.939453125e-06	9.940457589285719e-06	9.762053571428576e-06	9.557142857142862e-06	9.71160714285715e-06	9.97321428571429e-06	1.0000000000000004e-05	1.0000000000000004e-05
7900	9.462388392857145e-06	8.125558035714286e-06	8.585546875000003e-06	9.944698660714289e-06	9.98917410714286e-06	9.929575892857147e-06	9.923325892857149e-06	9.941071428571435e-06	9.904352678571436e-06	9.885323660714291e-06	9.867745535714289e-06	9.900334821428577e-06	9.851562500000007e-06	9.647265625e-06	9.351283482142865e-06	9.549553571428576e-06	9.965680803571433e-06	1.0000000000000004e-05	1.0000000000000004e-05
8000	1.0000000000000004e-05	9.961059907834105e-06	9.901555299539175e-06	9.9389400921659e-06	9.998444700460834e-06	1.0000000000000004e-05	1.0000000000000004e-05	1.0000000000000004e-05	1.0000000000000004e-05	1.0000000000000004e-05	1.0000000000000004e-05	1.0000000000000004e-05	1.0000000000000004e-05	9.969066820276502e-06	9.833122119815674e-06	9.830933179723506e-06	9.966877880184334e-06	9.950864055299544e-06	9.878859447004613e-06
8100	1.0000000000000004e-05	9.967633928571437e-06	9.907589285714289e-06	9.938616071428575e-06	9.990904017857147e-06	9.983649553571433e-06	9.989006696428575e-06	9.99436383928572e-06	9.993750000000007e-06	9.995089285714293e-06	9.991462053571434e-06	9.98175223214286e-06	9.96852678571429e-06	9.93303571428572e-06	9.83727678571429e-06	9.855859375000006e-06	9.971484375000002e-06	9.96004464285715e-06	9.893080357142866e-06
8200	1.0000000000000004e-05	9.98922991071429e-06	9.923214285714288e-06	9.896428571428573e-06	9.85647321428572e-06	9.749553571428574e-06	9.820312500000004e-06	9.920758928571432e-06	9.903627232142862e-06	9.904241071428575e-06	9.881640625000006e-06	9.823381696428576e-06	9.761886160714289e-06	9.738895089285718e-06	9.852845982142862e-06	9.97751116071429e-06	9.998828125000003e-06	9.994308035714293e-06	9.992689732142862e-06
8300	9.970000000000004e-06	9.98226190476191e-06	9.930476190476194e-06	9.896011904761907e-06	9.850297619047622e-06	9.769880952380957e-06	9.845892857142861e-06	9.929821428571433e-06	9.909821428571433e-06	9.91541666666667e-06	9.901250000000003e-06	9.837202380952384e-06	9.78154761904762e-06	9.782440476190477e-06	9.88071428571429e-06	9.974821428571431e-06	1.0000000000000003e-05	1.0000000000000003e-05	1.0000000000000003e-05
8400	9.864718614718625e-06	9.63993506493507e-06	9.604491341991346e-06	9.83333333333334e-06	9.992857142857148e-06	9.990909090909098e-06	9.993993506493509e-06	1.0000000000000004e-05	1.0000000000000004e-05	1.0000000000000004e-05	1.0000000000000004e-05	1.0000000000000004e-05	1.0000000000000004e-05	9.996049783549789e-06	9.985660173160178e-06	9.985768398268405e-06	9.996158008658013e-06	9.997132034632039e-06	9.991720779220783e-06
8500	1.000000000000001e-05	9.999789915966393e-06	9.958560924369754e-06	9.897111344537821e-06	9.926733193277321e-06	9.988392857142867e-06	1.000000000000001e-05	1.000000000000001e-05	1.000000000000001e-05	1.000000000000001e-05	1.000000000000001e-05	1.000000000000001e-05	9.98503151260505e-06	9.914758403361352e-06	9.917909663865554e-06	9.988182773109254e-06	9.998424369747908e-06	9.994695378151268e-06	9.993644957983202e-06
8600	1.0000000000000004e-05	9.999827188940097e-06	9.960253456221202e-06	9.913594470046085e-06	9.949539170506914e-06	9.996255760368668e-06	9.999884792626732e-06	1.0000000000000004e-05	1.0000000000000004e-05	1.0000000000000004e-05	1.0000000000000004e-05	9.999308755760373e-06	9.947119815668205e-06	9.831509216589862e-06	9.77217741935484e-06	9.823387096774198e-06	9.93231566820277e-06	9.958294930875581e-06	9.89464285714286e-06
8700	9.866820276497698e-06	8.968260368663595e-06	5.196889400921657e-06	1.3232142857142857e-06	6.275345622119816e-07	4.660887096774194e-06	9.169642857142859e-06	9.974596774193552e-06	9.968605990783412e-06	9.908006912442402e-06	9.928341013824887e-06	9.991993087557607e-06	9.999308755760373e-06	9.95478110599079e-06	9.830241935483875e-06	9.838767281105994e-06	9.963997695852537e-06	9.958986175115213e-06	9.884101382488485e-06
8800	9.849940476190478e-06	9.196964285714288e-06	6.257142857142858e-06	2.3844047619047614e-06	5.867857142857143e-07	3.92732142857143e-06	8.713809523809526e-06	9.97934523809524e-06	9.968750000000005e-06	9.902023809523812e-06	9.92791666666667e-06	9.994642857142859e-06	9.9914880952381e-06	9.882559523809525e-06	9.756547619047622e-06	9.827440476190479e-06	9.961964285714288e-06	9.964464285714292e-06	9.884107142857145e-06
8900	9.86422811059908e-06	9.419815668202767e-06	5.683870967741935e-06	1.3353110599078342e-06	5.544930875576037e-07	4.322465437788019e-06	8.881970046082951e-06	9.97108294930876e-06	9.972350230414754e-06	9.891762672811062e-06	9.796486175115209e-06	9.343721198156684e-06	9.055587557603688e-06	9.477534562211985e-06	9.763940092165903e-06	9.826728110599083e-06	9.944988479262678e-06	9.969412442396319e-06	9.918951612903229e-06
9000	9.850952380952385e-06	8.866666666666668e-06	5.2949404761904755e-06	1.6992261904761908e-06	5.811904761904762e-07	4.049702380952381e-06	8.782500000000003e-06	9.980297619047623e-06	9.971547619047625e-06	9.881130952380957e-06	9.773690476190478e-06	9.828869047619052e-06	9.954523809523812e-06	9.869821428571431e-06	9.739583333333336e-06	9.830178571428575e-06	9.970654761904764e-06	9.952857142857146e-06	9.842738095238101e-06
9100	9.863225446428575e-06	8.762555803571431e-06	4.954910714285716e-06	1.3487165178571427e-06	5.281808035714284e-07	4.388169642857144e-06	9.058370535714291e-06	9.98058035714286e-06	9.93571428571429e-06	9.816741071428577e-06	9.814341517857149e-06	9.920758928571432e-06	9.97561383928572e-06	9.89508928571429e-06	9.782031250000003e-06	9.847265625000005e-06	9.970424107142862e-06	9.876953125000003e-06	9.334598214285719e-06
9200	9.789397321428575e-06	8.793973214285717e-06	5.126004464285714e-06	1.404910714285714e-06	2.0814732142857145e-07	1.952566964285714e-06	6.9194754464285754e-06	9.966183035714292e-06	9.93420758928572e-06	9.801339285714287e-06	9.78370535714286e-06	9.895535714285718e-06	9.962946428571432e-06	9.870089285714288e-06	9.755022321428572e-06	9.839285714285718e-06	9.96964285714286e-06	9.851339285714291e-06	9.128683035714288e-06
9300	9.86618303571429e-06	9.009933035714289e-06	5.030133928571429e-06	1.052566964285714e-06	1.1752232142857145e-07	2.574720982142857e-06	7.525781250000002e-06	9.972154017857145e-06	9.933984375000005e-06	9.796149553571434e-06	9.771261160714289e-06	9.88219866071429e-06	9.956808035714292e-06	9.869754464285719e-06	9.75055803571429e-06	9.830022321428574e-06	9.965513392857146e-06	9.853906250000004e-06	9.290290178571427e-06
9400	4.3626785714285725e-06	5.919166666666667e-06	4.924761904761904e-06	1.2610119047619047e-06	1.8166666666666667e-07	2.849047619047619e-06	7.800357142857146e-06	9.950952380952386e-06	9.934821428571432e-06	9.797976190476195e-06	9.78529761904762e-06	9.914880952380951e-06	9.97541666666667e-06	9.877202380952385e-06	9.771130952380956e-06	9.809345238095241e-06	9.91976190476191e-06	9.960119047619054e-06	9.901071428571432e-06
9500	4.3152380952380955e-06	5.550238095238096e-06	4.476607142857141e-06	1.139047619047619e-06	1.7446428571428575e-07	2.9048214285714283e-06	7.856785714285716e-06	9.955178571428574e-06	9.922440476190482e-06	9.781369047619053e-06	9.786190476190478e-06	9.915357142857145e-06	9.918333333333335e-06	9.779226190476196e-06	9.684523809523814e-06	9.73744047619048e-06	9.888511904761906e-06	9.937083333333337e-06	9.849285714285715e-06
9600	4.348549107142857e-06	5.854743303571429e-06	5.15619419642857e-06	1.5863839285714293e-06	7.184151785714286e-07	2.698437500000001e-06	7.3626116071428605e-06	9.979687500000005e-06	9.953180803571438e-06	9.814564732142863e-06	9.610825892857148e-06	6.669698660714286e-06	4.638671875000001e-06	7.680133928571434e-06	9.931194196428576e-06	9.907421875000003e-06	9.93175223214286e-06	9.96339285714286e-06	9.899832589285716e-06
9700	6.4157924107142875e-06	6.3947544642857145e-06	4.5078125e-06	1.456863839285714e-06	9.375000000000003e-07	2.700223214285714e-06	7.196875000000003e-06	9.965401785714291e-06	9.933426339285722e-06	9.81975446428572e-06	9.717243303571431e-06	7.289508928571431e-06	4.903515625000001e-06	7.431361607142861e-06	9.975111607142865e-06	9.927287946428576e-06	9.930078125000004e-06	9.94659598214286e-06	9.885379464285716e-06
9800	6.518694196428571e-06	6.347154017857144e-06	4.109542410714286e-06	6.064174107142856e-07	3.013392857142857e-09	2.473660714285715e-06	7.43136160714286e-06	9.960714285714289e-06	1.0000000000000004e-05	1.0000000000000004e-05	9.98643973214286e-06	9.968750000000005e-06	9.982310267857146e-06	1.0000000000000004e-05	1.0000000000000004e-05	1.0000000000000004e-05	1.0000000000000004e-05	9.996595982142864e-06	9.991015625000007e-06
9900	5.994285714285716e-06	6.822261904761903e-06	5.137678571428569e-06	2.0210119047619042e-06	1.6666666666666662e-06	3.7620238095238103e-06	7.893333333333336e-06	9.96464285714286e-06	1.0000000000000003e-05	1.0000000000000003e-05	1.0000000000000003e-05	1.0000000000000003e-05	9.998988095238098e-06	9.987797619047627e-06	9.987678571428576e-06	9.99886904761905e-06	9.995595238095243e-06	9.992916666666667e-06	9.994345238095239e-06
10000	4.155952380952381e-06	5.617380952380951e-06	4.416547619047619e-06	6.545238095238094e-07	0.0	1.0454166666666667e-06	5.640000000000003e-06	9.594583333333335e-06	1.0000000000000003e-05	1.0000000000000003e-05	1.0000000000000003e-05	1.0000000000000003e-05	9.986130952380959e-06	9.915833333333338e-06	9.89464285714286e-06	9.895476190476195e-06	9.919226190476193e-06	9.941547619047622e-06	9.851666666666667e-06
