	site
generation	50	100	150	200	250	300	350	400	450	500	550	600	650	700	750	800	850	900	950
0	1.0000000000000004e-05	1.0000000000000004e-05	1.0000000000000004e-05	1.0000000000000004e-05	1.0000000000000004e-05	1.0000000000000004e-05	1.0000000000000004e-05	1.0000000000000004e-05	1.0000000000000004e-05	1.0000000000000004e-05	1.0000000000000004e-05	1.0000000000000004e-05	1.0000000000000004e-05	1.0000000000000004e-05	1.0000000000000004e-05	1.0000000000000004e-05	1.0000000000000004e-05	1.0000000000000004e-05	1.0000000000000004e-05
100	1.0000000000000003e-05	1.0000000000000003e-05	1.0000000000000003e-05	1.0000000000000003e-05	9.999880952380953e-06	9.953750000000004e-06	9.90321428571429e-06	9.944642857142858e-06	9.991190476190477e-06	9.992023809523812e-06	9.969761904761911e-06	9.898809523809529e-06	9.905952380952384e-06	9.980773809523812e-06	1.0000000000000003e-05	9.997916666666668e-06	9.993809523809525e-06	9.995416666666668e-06	9.999523809523814e-06
200	9.871140552995394e-06	9.918145161290327e-06	9.986520737327191e-06	1.0000000000000004e-05	9.999423963133643e-06	9.898732718894016e-06	9.80322580645162e-06	9.901267281105994e-06	9.99735023041475e-06	9.998963133640555e-06	9.978398617511524e-06	9.903110599078346e-06	9.911923963133645e-06	9.98824884792627e-06	1.0000000000000004e-05	1.0000000000000004e-05	1.0000000000000004e-05	1.0000000000000004e-05	1.0000000000000004e-05
300	9.910658482142863e-06	9.931250000000006e-06	9.871484375000007e-06	9.864732142857146e-06	9.963113839285718e-06	9.892131696428576e-06	9.802343750000006e-06	9.907868303571433e-06	9.998158482142862e-06	1.0000000000000004e-05	9.984877232142864e-06	9.913281250000004e-06	9.914062500000003e-06	9.967075892857147e-06	9.958928571428578e-06	9.975892857142863e-06	9.974441964285717e-06	9.942187500000004e-06	9.954966517857149e-06
400	9.79448529411765e-06	9.888813025210089e-06	9.922321428571433e-06	9.90346638655463e-06	9.962237394957991e-06	9.907247899159667e-06	9.790336134453785e-06	9.812867647058828e-06	9.909978991596646e-06	9.979884453781522e-06	9.985399159663872e-06	9.915126050420174e-06	9.914600840336142e-06	9.946953781512612e-06	9.905724789915974e-06	9.940861344537824e-06	9.99548319327732e-06	9.99705882352942e-06	9.998792016806733e-06
500	9.785599078341017e-06	9.88796082949309e-06	9.914343317972354e-06	9.90345622119816e-06	9.963940092165905e-06	6.716129032258066e-06	5.076900921658988e-06	8.247638248847927e-06	9.817972350230416e-06	9.920103686635949e-06	9.998444700460834e-06	1.0000000000000004e-05	1.0000000000000004e-05	1.0000000000000004e-05	1.0000000000000004e-05	1.0000000000000004e-05	9.957200460829498e-06	9.902073732718896e-06	9.933352534562216e-06
600	1.0000000000000004e-05	9.963018433179729e-06	9.844009216589864e-06	9.833755760368667e-06	9.95230414746544e-06	9.905990783410142e-06	9.804838709677422e-06	9.88951612903226e-06	9.930414746543783e-06	9.904493087557608e-06	9.965207373271892e-06	9.979377880184338e-06	9.906048387096779e-06	9.905126728110601e-06	9.974596774193555e-06	9.996140552995395e-06	1.0000000000000004e-05	1.0000000000000004e-05	1.0000000000000004e-05
700	1.0000000000000004e-05	9.957142857142865e-06	9.842511520737327e-06	9.842857142857147e-06	9.956912442396315e-06	9.913364055299544e-06	9.801555299539176e-06	9.873905529953921e-06	9.934331797235025e-06	9.922407834101386e-06	9.974366359447007e-06	9.979262672811062e-06	9.9020737327189e-06	9.907834101382491e-06	9.985023041474658e-06	9.966877880184334e-06	9.90259216589862e-06	9.926670506912446e-06	9.990956221198161e-06
800	1.0000000000000003e-05	9.965357142857148e-06	9.838452380952383e-06	9.834642857142859e-06	9.925952380952383e-06	9.903750000000003e-06	9.935595238095239e-06	9.98119047619048e-06	9.919345238095242e-06	9.915059523809525e-06	9.980654761904764e-06	9.981964285714288e-06	9.909940476190479e-06	9.918035714285716e-06	9.990059523809526e-06	9.965119047619051e-06	9.867321428571431e-06	9.839761904761907e-06	9.910773809523816e-06
900	1.0000000000000004e-05	9.962667410714292e-06	9.858816964285716e-06	9.84045758928572e-06	9.915625000000006e-06	9.82131696428572e-06	9.82868303571429e-06	9.970982142857147e-06	9.927957589285718e-06	9.907700892857147e-06	9.97204241071429e-06	9.974665178571432e-06	9.904017857142863e-06	9.925334821428575e-06	9.995982142857148e-06	1.0000000000000004e-05	9.958872767857148e-06	9.905859375000001e-06	9.919084821428574e-06
1000	1.0000000000000003e-05	9.966607142857148e-06	9.836369047619049e-06	9.83339285714286e-06	9.92559523809524e-06	9.826250000000003e-06	9.838035714285717e-06	9.959880952380955e-06	9.923154761904765e-06	9.913869047619049e-06	9.976845238095241e-06	1.0000000000000003e-05	1.0000000000000003e-05	1.0000000000000003e-05	1.0000000000000003e-05	1.0000000000000003e-05	1.0000000000000003e-05	1.0000000000000003e-05	1.0000000000000003e-05
1100	1.0000000000000004e-05	9.973156682027659e-06	9.855817972350236e-06	9.785311059907836e-06	9.794585253456225e-06	9.777304147465442e-06	9.865725806451615e-06	9.968317972350236e-06	9.932891705069129e-06	9.924942396313367e-06	9.98001152073733e-06	1.0000000000000004e-05	1.0000000000000004e-05	1.0000000000000004e-05	1.0000000000000004e-05	1.0000000000000004e-05	9.99567972350231e-06	9.988018433179726e-06	9.986578341013828e-06
1200	1.0000000000000004e-05	9.996947004608297e-06	9.924711981566824e-06	9.810599078341016e-06	9.742223502304149e-06	9.720161290322583e-06	9.833064516129036e-06	9.953629032258067e-06	9.917050691244244e-06	9.918663594470051e-06	9.982949308755764e-06	1.0000000000000004e-05	1.0000000000000004e-05	9.997119815668208e-06	9.944297235023048e-06	9.922235023041479e-06	9.972983870967745e-06	9.996774193548392e-06	9.998847926267286e-06
1300	9.992972350230418e-06	9.922350230414749e-06	9.82649769585254e-06	9.779032258064522e-06	9.631912442396316e-06	9.406797235023048e-06	9.594758064516131e-06	9.918548387096777e-06	9.913133640553e-06	9.915207373271894e-06	9.982661290322584e-06	1.0000000000000004e-05	1.0000000000000004e-05	1.0000000000000004e-05	9.961232718894014e-06	9.902188940092168e-06	9.936866359447007e-06	9.941013824884795e-06	9.861578341013825e-06
1400	9.944815668202772e-06	9.911635944700465e-06	9.836635944700461e-06	9.785714285714286e-06	9.30915898617512e-06	6.8245967741935515e-06	7.264861751152077e-06	9.851958525345626e-06	9.917569124423966e-06	9.91324884792627e-06	9.98243087557604e-06	1.0000000000000004e-05	1.0000000000000004e-05	9.997465437788021e-06	9.963133640553003e-06	9.932488479262676e-06	9.963076036866364e-06	9.954377880184336e-06	9.90627880184332e-06
1500	9.978154761904763e-06	9.855297619047625e-06	9.759702380952385e-06	9.233988095238098e-06	6.890952380952381e-06	3.711904761904762e-06	5.94119047619048e-06	9.760119047619052e-06	9.921250000000004e-06	9.90869047619048e-06	9.978750000000003e-06	1.0000000000000003e-05	1.0000000000000003e-05	1.0000000000000003e-05	1.0000000000000003e-05	1.0000000000000003e-05	1.0000000000000003e-05	1.0000000000000003e-05	1.0000000000000003e-05
1600	9.833237327188943e-06	9.783640552995392e-06	9.754953917050692e-06	9.524539170506912e-06	7.848156682027651e-06	4.21676267281106e-06	5.532603686635947e-06	9.514631336405534e-06	9.924711981566823e-06	9.908755760368667e-06	9.974020737327193e-06	1.0000000000000004e-05	1.0000000000000004e-05	1.0000000000000004e-05	1.0000000000000004e-05	1.0000000000000004e-05	1.0000000000000004e-05	1.0000000000000004e-05	1.0000000000000004e-05
1700	9.831130952380954e-06	9.771071428571433e-06	9.744821428571432e-06	9.54654761904762e-06	6.96065476190476e-06	4.10547619047619e-06	6.582976190476192e-06	9.759761904761906e-06	9.913988095238097e-06	9.918154761904764e-06	9.984107142857145e-06	1.0000000000000003e-05	1.0000000000000003e-05	1.0000000000000003e-05	1.0000000000000003e-05	1.0000000000000003e-05	1.0000000000000003e-05	1.0000000000000003e-05	1.0000000000000003e-05
1800	9.842801339285718e-06	9.785379464285718e-06	9.762109375000002e-06	9.480970982142858e-06	7.038002232142858e-06	4.129408482142857e-06	6.403962053571432e-06	9.711886160714291e-06	9.883482142857148e-06	9.823102678571431e-06	9.92276785714286e-06	9.997712053571434e-06	9.998604910714289e-06	9.996875000000008e-06	9.998270089285716e-06	1.0000000000000004e-05	9.997154017857148e-06	9.940401785714289e-06	9.862332589285717e-06
1900	1.000000000000001e-05	1.000000000000001e-05	1.000000000000001e-05	1.000000000000001e-05	1.000000000000001e-05	1.000000000000001e-05	1.000000000000001e-05	1.000000000000001e-05	9.977415966386562e-06	9.942436974789922e-06	9.96376050420169e-06	9.998739495798328e-06	1.000000000000001e-05	1.000000000000001e-05	1.000000000000001e-05	9.977258403361352e-06	9.9514705882353e-06	9.972741596638664e-06	9.998529411764715e-06
2000	1.0000000000000004e-05	1.0000000000000004e-05	1.0000000000000004e-05	9.997377232142863e-06	9.996875000000006e-06	9.998995535714288e-06	9.982756696428577e-06	9.975502232142866e-06	9.947377232142863e-06	9.899218750000006e-06	9.918024553571435e-06	9.90323660714286e-06	9.920591517857146e-06	9.991294642857145e-06	1.0000000000000004e-05	1.0000000000000004e-05	1.0000000000000004e-05	9.99893973214286e-06	9.996149553571435e-06
2100	9.972265625000003e-06	9.185714285714289e-06	8.55558035714286e-06	9.098493303571431e-06	7.544029017857144e-06	3.0162946428571424e-06	3.988002232142857e-06	8.755747767857146e-06	9.950279017857148e-06	9.900613839285718e-06	9.946093750000004e-06	9.999386160714288e-06	1.0000000000000004e-05	9.998437500000005e-06	9.945256696428577e-06	9.917075892857145e-06	9.701227678571433e-06	8.133091517857147e-06	7.213504464285719e-06
2200	9.975446428571433e-06	9.01333705357143e-06	8.394698660714285e-06	8.834654017857146e-06	6.6843191964285735e-06	2.4881696428571427e-06	4.0164062500000015e-06	8.72946428571429e-06	9.960881696428578e-06	9.904241071428577e-06	9.933872767857147e-06	9.995758928571432e-06	1.0000000000000004e-05	9.997433035714291e-06	9.932254464285718e-06	9.865122767857146e-06	9.478404017857147e-06	7.227511160714289e-06	6.1587611607142884e-06
2300	9.974350649350654e-06	8.971049783549788e-06	8.109307359307361e-06	8.880248917748919e-06	7.757034632034633e-06	3.2669913419913424e-06	4.028896103896105e-06	8.748376623376627e-06	9.953246753246758e-06	9.90140692640693e-06	9.943831168831172e-06	9.998593073593077e-06	1.0000000000000004e-05	9.996645021645024e-06	9.940963203463207e-06	9.91536796536797e-06	9.55373376623377e-06	7.421103896103898e-06	6.369264069264072e-06
2400	9.977380952380956e-06	9.133095238095241e-06	8.48071428571429e-06	9.020892857142856e-06	7.37202380952381e-06	2.9297619047619038e-06	3.8260714285714285e-06	8.569583333333335e-06	9.95416666666667e-06	9.900833333333337e-06	9.937738095238098e-06	9.909047619047622e-06	9.814940476190479e-06	9.890119047619051e-06	9.990297619047623e-06	1.0000000000000003e-05	1.0000000000000003e-05	1.0000000000000003e-05	1.0000000000000003e-05
2500	9.966547619047621e-06	8.864583333333338e-06	8.12845238095238e-06	8.775059523809525e-06	7.1467857142857165e-06	3.0244642857142863e-06	4.234404761904764e-06	8.81494047619048e-06	9.956250000000001e-06	9.90178571428572e-06	9.922678571428571e-06	9.887678571428574e-06	9.807380952380953e-06	9.893809523809523e-06	9.990892857142859e-06	9.963511904761909e-06	9.904702380952384e-06	9.933214285714288e-06	9.995000000000003e-06
2600	9.969363839285722e-06	8.683872767857146e-06	7.489787946428572e-06	7.6139508928571444e-06	4.040513392857144e-06	4.839285714285715e-07	4.51763392857143e-06	9.233203125000003e-06	9.942857142857146e-06	9.902064732142861e-06	9.947879464285719e-06	9.757087053571432e-06	9.484709821428577e-06	9.71819196428572e-06	9.99441964285715e-06	9.978459821428577e-06	9.918470982142862e-06	9.928571428571432e-06	9.990904017857147e-06
2700	9.974481566820281e-06	9.241877880184335e-06	8.693317972350232e-06	8.792569124423963e-06	4.958006912442397e-06	7.307603686635944e-07	3.706854838709678e-06	8.56382488479263e-06	9.952880184331802e-06	9.891877880184334e-06	9.933813364055301e-06	9.99821428571429e-06	9.996889400921664e-06	9.997004608294933e-06	9.999884792626732e-06	1.0000000000000004e-05	1.0000000000000004e-05	9.971025345622126e-06	9.916301843317976e-06
2800	9.975781250000004e-06	8.738671875000002e-06	7.894921875000005e-06	8.223325892857145e-06	4.476171875000001e-06	6.887276785714286e-07	4.20234375e-06	8.896149553571432e-06	9.96233258928572e-06	9.861439732142862e-06	9.835658482142861e-06	9.938560267857147e-06	9.999665178571431e-06	1.0000000000000004e-05	1.0000000000000004e-05	1.0000000000000004e-05	1.0000000000000004e-05	1.0000000000000004e-05	1.0000000000000004e-05
2900	9.848690476190478e-06	9.854583333333335e-06	9.861845238095238e-06	9.886964285714286e-06	9.953630952380953e-06	1.0000000000000003e-05	1.0000000000000003e-05	1.0000000000000003e-05	9.955059523809528e-06	9.854226190476193e-06	9.84529761904762e-06	9.945773809523811e-06	9.999642857142861e-06	1.0000000000000003e-05	1.0000000000000003e-05	9.993392857142861e-06	9.92244047619048e-06	9.906607142857145e-06	9.977559523809527e-06
3000	9.768582589285718e-06	9.768470982142862e-06	9.802287946428574e-06	9.79302455357143e-06	9.882366071428575e-06	9.994977678571432e-06	1.0000000000000004e-05	1.0000000000000004e-05	9.95061383928572e-06	9.855078125000008e-06	9.84972098214286e-06	9.944921875000004e-06	9.999665178571431e-06	1.0000000000000004e-05	1.0000000000000004e-05	9.996930803571434e-06	9.93610491071429e-06	9.915569196428576e-06	9.976395089285719e-06
3100	9.939631336405535e-06	9.92684331797235e-06	9.793317972350233e-06	9.290437788018439e-06	8.647638248847928e-06	8.432891705069125e-06	8.947350230414747e-06	9.636232718894015e-06	9.851555299539178e-06	9.664919354838712e-06	9.67747695852535e-06	9.935138248847929e-06	9.997811059907838e-06	1.0000000000000004e-05	9.998963133640555e-06	9.987500000000006e-06	9.964976958525351e-06	9.967338709677423e-06	9.990898617511526e-06
3200	9.999654377880188e-06	9.957546082949313e-06	9.884274193548389e-06	9.851785714285715e-06	9.916071428571433e-06	9.988594470046085e-06	9.968145161290325e-06	9.905760368663597e-06	9.88323732718894e-06	9.85587557603687e-06	9.849769585253461e-06	9.940437788018436e-06	9.998847926267286e-06	1.0000000000000004e-05	1.0000000000000004e-05	9.99873271889401e-06	9.941359447004613e-06	9.907718894009221e-06	9.965092165898621e-06
3300	9.99396551724138e-06	9.946120689655175e-06	9.807697044334976e-06	9.749445812807883e-06	9.873768472906405e-06	9.9695197044335e-06	9.946243842364534e-06	9.890147783251235e-06	9.832573891625618e-06	9.776416256157636e-06	9.815763546798032e-06	9.940332512315272e-06	9.998891625615767e-06	1.0000000000000003e-05	1.0000000000000003e-05	9.99790640394089e-06	9.944766009852218e-06	9.908990147783255e-06	9.962130541871924e-06
3400	1.0000000000000004e-05	1.0000000000000004e-05	1.0000000000000004e-05	1.0000000000000004e-05	1.0000000000000004e-05	1.0000000000000004e-05	9.977707373271896e-06	9.905702764976964e-06	9.804435483870967e-06	9.567626728110601e-06	9.548329493087561e-06	9.85570276497696e-06	9.99579493087558e-06	9.925000000000006e-06	9.828225806451616e-06	9.892281105990788e-06	9.879377880184336e-06	9.821428571428576e-06	9.933870967741938e-06
3500	9.966762672811066e-06	9.989631336405533e-06	9.999827188940097e-06	1.0000000000000004e-05	1.0000000000000004e-05	1.0000000000000004e-05	9.970218894009222e-06	9.899481566820281e-06	7.78922811059908e-06	4.790207373271891e-06	6.705241935483872e-06	9.774711981566824e-06	9.984735023041478e-06	9.891417050691249e-06	9.79562211981567e-06	9.81768433179724e-06	9.664228110599082e-06	9.659907834101385e-06	9.90685483870968e-06
3600	9.877040816326532e-06	9.924234693877551e-06	9.970216836734694e-06	9.968558673469391e-06	9.968750000000003e-06	9.975000000000004e-06	9.932142857142854e-06	9.876084183673472e-06	7.967283163265308e-06	4.877295918367347e-06	6.571428571428573e-06	9.725701530612247e-06	9.93813775510204e-06	9.851785714285715e-06	9.84585459183674e-06	9.883864795918372e-06	9.915114795918367e-06	9.943494897959185e-06	9.960331632653064e-06
3700	1.0000000000000004e-05	1.0000000000000004e-05	1.0000000000000004e-05	1.0000000000000004e-05	1.0000000000000004e-05	9.969531250000002e-06	9.869921875000003e-06	9.830357142857147e-06	9.881250000000005e-06	9.435770089285716e-06	9.190513392857147e-06	9.570089285714291e-06	9.798939732142862e-06	9.900502232142862e-06	9.965625000000003e-06	1.0000000000000004e-05	1.0000000000000004e-05	1.0000000000000004e-05	1.0000000000000004e-05
3800	1.0000000000000004e-05	1.0000000000000004e-05	1.0000000000000004e-05	1.0000000000000004e-05	9.999891774891779e-06	9.830357142857149e-06	9.621266233766239e-06	9.715692640692646e-06	9.869101731601736e-06	9.891071428571434e-06	9.946103896103901e-06	9.999242424242427e-06	1.0000000000000004e-05	1.0000000000000004e-05	1.0000000000000004e-05	1.0000000000000004e-05	1.0000000000000004e-05	1.0000000000000004e-05	1.0000000000000004e-05
3900	9.996149553571432e-06	9.991127232142861e-06	9.979520089285724e-06	9.965122767857148e-06	9.969921875000007e-06	9.796595982142861e-06	9.591406250000003e-06	9.710770089285716e-06	9.86964285714286e-06	9.575558035714289e-06	9.470814732142863e-06	9.823270089285722e-06	9.946540178571435e-06	9.961718750000005e-06	9.986662946428577e-06	9.972321428571434e-06	9.982589285714291e-06	9.999553571428575e-06	1.0000000000000004e-05
4000	1.0000000000000004e-05	1.0000000000000004e-05	1.0000000000000004e-05	1.0000000000000004e-05	9.993087557603692e-06	8.77165898617512e-06	7.809907834101384e-06	8.957488479262676e-06	9.871947004608298e-06	9.874078341013829e-06	9.857430875576038e-06	9.896140552995395e-06	9.892914746543784e-06	9.914573732718893e-06	9.943490783410143e-06	9.889458525345622e-06	9.927995391705072e-06	9.99337557603687e-06	1.0000000000000004e-05
4100	1.0000000000000004e-05	1.0000000000000004e-05	1.0000000000000004e-05	1.0000000000000004e-05	9.98738479262673e-06	9.658237327188944e-06	9.370449308755762e-06	9.615264976958527e-06	9.852880184331798e-06	9.871601382488481e-06	9.870449308755766e-06	9.896370967741937e-06	9.864746543778806e-06	9.814631336405534e-06	9.890149769585258e-06	9.896140552995395e-06	9.905875576036868e-06	9.98968894009217e-06	1.0000000000000004e-05
4200	1.0000000000000003e-05	1.0000000000000003e-05	9.99589285714286e-06	9.985892857142862e-06	9.973988095238098e-06	9.110654761904764e-06	8.461190476190478e-06	9.259226190476192e-06	9.867321428571431e-06	9.876428571428573e-06	9.870654761904765e-06	9.877440476190479e-06	9.195119047619049e-06	8.86011904761905e-06	9.569880952380956e-06	9.902738095238096e-06	9.929404761904763e-06	9.990833333333336e-06	9.999880952380957e-06
4300	9.961607142857147e-06	9.910892857142856e-06	9.948392857142859e-06	9.999107142857146e-06	9.986785714285716e-06	9.141071428571431e-06	8.47077380952381e-06	9.231785714285716e-06	9.84994047619048e-06	9.876071428571432e-06	9.876845238095239e-06	9.882321428571428e-06	9.324464285714286e-06	8.838511904761907e-06	9.425535714285717e-06	9.894404761904766e-06	9.925654761904764e-06	9.995833333333337e-06	1.0000000000000003e-05
4400	9.963238916256161e-06	9.90104679802956e-06	9.936761083743843e-06	9.998953201970446e-06	9.987500000000006e-06	8.614408866995075e-06	7.682512315270937e-06	8.981834975369461e-06	9.877339901477833e-06	9.876908866995077e-06	9.853694581280792e-06	9.877770935960594e-06	8.595874384236455e-06	7.642241379310346e-06	8.959482758620692e-06	9.920566502463058e-06	9.939655172413793e-06	9.942056650246308e-06	9.9320197044335e-06
4500	9.993029953917055e-06	9.998790322580649e-06	1.0000000000000004e-05	1.0000000000000004e-05	1.0000000000000004e-05	1.0000000000000004e-05	9.99976958525346e-06	9.984907834101387e-06	9.924827188940095e-06	9.871140552995394e-06	9.874711981566822e-06	9.893836405529958e-06	9.153456221198159e-06	8.368029953917053e-06	9.006970046082951e-06	9.782834101382492e-06	9.910656682027654e-06	9.902764976958529e-06	9.878398617511523e-06
4600	1.0000000000000004e-05	1.0000000000000004e-05	1.0000000000000004e-05	1.0000000000000004e-05	1.0000000000000004e-05	1.0000000000000004e-05	1.0000000000000004e-05	1.0000000000000004e-05	9.959965437788022e-06	9.888652073732722e-06	9.859735023041475e-06	9.885253456221202e-06	8.882834101382492e-06	8.154262672811062e-06	9.072753456221202e-06	9.779493087557607e-06	9.895564516129036e-06	9.91209677419355e-06	9.920103686635944e-06
4700	1.0000000000000004e-05	1.0000000000000004e-05	1.0000000000000004e-05	1.0000000000000004e-05	1.0000000000000004e-05	1.0000000000000004e-05	9.99352678571429e-06	9.979966517857148e-06	9.941350446428577e-06	9.886328125000003e-06	9.878683035714286e-06	9.897154017857147e-06	9.297265625000002e-06	9.05022321428572e-06	9.597042410714292e-06	9.837332589285718e-06	9.914564732142863e-06	9.908203125000004e-06	9.897712053571432e-06
4800	9.984790640394092e-06	9.989347290640397e-06	9.992056650246311e-06	9.976847290640395e-06	9.982204433497537e-06	9.999014778325126e-06	9.989963054187196e-06	9.893842364532023e-06	9.770443349753697e-06	9.804864532019705e-06	9.936145320197046e-06	9.997844827586209e-06	1.0000000000000003e-05	9.980665024630546e-06	9.908620689655174e-06	9.919334975369458e-06	9.95966748768473e-06	9.879433497536946e-06	9.821859605911334e-06
4900	1.0000000000000003e-05	1.0000000000000003e-05	9.981785714285717e-06	9.948511904761907e-06	9.964880952380954e-06	9.998154761904763e-06	9.985357142857148e-06	9.906250000000002e-06	9.82369047619048e-06	9.847916666666668e-06	9.944285714285716e-06	9.999166666666669e-06	1.0000000000000003e-05	9.979285714285717e-06	9.907976190476192e-06	9.880357142857145e-06	9.91089285714286e-06	9.764583333333335e-06	9.555357142857142e-06
5000	9.995479910714289e-06	9.930580357142863e-06	9.856473214285718e-06	9.865569196428578e-06	9.930133928571436e-06	9.98214285714286e-06	9.537890625000003e-06	7.151674107142857e-06	7.205357142857143e-06	9.537109375000002e-06	9.940290178571433e-06	9.99854910714286e-06	1.0000000000000004e-05	9.967968750000006e-06	9.896149553571433e-06	9.85602678571429e-06	9.883035714285716e-06	9.739732142857143e-06	9.499944196428574e-06
5100	9.992338709677424e-06	9.998099078341017e-06	9.970161290322586e-06	9.899596774193552e-06	9.926612903225808e-06	9.974769585253461e-06	9.817972350230422e-06	7.63001152073733e-06	6.98479262672811e-06	9.131394009216592e-06	9.93271889400922e-06	9.996486175115212e-06	1.0000000000000004e-05	9.983352534562217e-06	9.90414746543779e-06	9.845564516129034e-06	9.88427419354839e-06	9.896255760368669e-06	9.887788018433188e-06
5200	1.0000000000000003e-05	1.0000000000000003e-05	9.960119047619052e-06	9.896428571428573e-06	9.929880952380954e-06	9.961785714285717e-06	9.849642857142861e-06	8.475059523809526e-06	8.121309523809526e-06	9.467500000000004e-06	9.939047619047622e-06	9.999226190476195e-06	9.97255952380953e-06	9.887380952380956e-06	9.846607142857145e-06	9.863095238095239e-06	9.888154761904766e-06	9.937023809523814e-06	9.974226190476196e-06
5300	1.0000000000000004e-05	1.0000000000000004e-05	9.973905529953922e-06	9.936923963133645e-06	9.96157834101383e-06	9.976382488479268e-06	9.837327188940098e-06	7.780357142857141e-06	7.520564516129032e-06	9.546601382488482e-06	9.945334101382492e-06	9.998444700460834e-06	9.969182027649775e-06	9.706970046082955e-06	9.56751152073733e-06	9.751094470046085e-06	9.874654377880188e-06	9.888133640553e-06	9.891647465437793e-06
5400	1.0000000000000004e-05	9.999942396313369e-06	9.951324884792632e-06	9.899308755760372e-06	9.94222350230415e-06	9.959504608294935e-06	9.819815668202767e-06	8.338824884792629e-06	8.202016129032262e-06	9.623847926267278e-06	9.84078341013825e-06	9.933410138248851e-06	9.96071428571429e-06	9.564170506912448e-06	9.394182027649774e-06	9.72137096774194e-06	9.872292626728116e-06	9.877764976958527e-06	9.905990783410145e-06
5500	9.97600446428572e-06	9.99268973214286e-06	9.971093750000006e-06	9.933035714285717e-06	9.960156250000002e-06	9.964118303571436e-06	9.83415178571429e-06	7.476618303571428e-06	6.040736607142858e-06	8.369642857142858e-06	9.93448660714286e-06	9.997265625000004e-06	1.0000000000000004e-05	9.973939732142861e-06	9.901953125000002e-06	9.852511160714286e-06	9.874386160714288e-06	9.884040178571433e-06	9.892299107142858e-06
5600	9.999729437229442e-06	9.996915584415591e-06	9.949783549783556e-06	9.901461038961046e-06	9.947456709956713e-06	9.96742424242425e-06	9.845238095238102e-06	6.885930735930739e-06	4.659632034632036e-06	7.5913961038961065e-06	9.940584415584419e-06	9.99929653679654e-06	1.0000000000000004e-05	9.967694805194812e-06	9.902272727272731e-06	9.862500000000001e-06	9.881168831168835e-06	9.887932900432906e-06	9.883279220779227e-06
5700	9.888035714285718e-06	9.944821428571433e-06	9.947380952380953e-06	9.898035714285717e-06	9.941071428571432e-06	9.999107142857146e-06	9.92386904761905e-06	6.716071428571429e-06	5.2526785714285716e-06	8.408095238095237e-06	9.946785714285717e-06	9.999166666666669e-06	9.99964285714286e-06	9.91619047619048e-06	9.646488095238096e-06	9.656726190476193e-06	9.904761904761907e-06	9.908750000000004e-06	9.86232142857143e-06
5800	1.0000000000000004e-05	9.978571428571434e-06	9.727343750000006e-06	8.294140625000001e-06	8.382031250000004e-06	9.836662946428574e-06	9.912332589285721e-06	6.590848214285717e-06	4.7203125e-06	7.986495535714287e-06	9.942354910714288e-06	9.997656250000005e-06	1.0000000000000004e-05	9.951450892857146e-06	9.819810267857145e-06	9.78532366071429e-06	9.87756696428572e-06	9.891015625000004e-06	9.874609375000005e-06
5900	9.924497767857149e-06	9.94670758928572e-06	9.913281250000004e-06	9.896819196428579e-06	9.952287946428578e-06	9.99397321428572e-06	9.955524553571432e-06	6.800334821428575e-06	4.65424107142857e-06	7.725334821428571e-06	9.915234375000004e-06	9.999330357142861e-06	1.0000000000000004e-05	9.968861607142865e-06	9.857310267857148e-06	9.800279017857148e-06	9.846875000000004e-06	9.858091517857148e-06	9.85608258928572e-06
6000	9.900677339901481e-06	9.939532019704435e-06	9.894581280788183e-06	9.883928571428577e-06	9.950246305418723e-06	9.986145320197047e-06	9.617487684729066e-06	5.668903940886703e-06	4.2675492610837445e-06	8.12807881773399e-06	9.90116995073892e-06	9.992857142857144e-06	9.985899014778329e-06	9.924568965517245e-06	9.818041871921186e-06	9.791440886699512e-06	9.854802955665026e-06	9.868165024630545e-06	9.857697044334977e-06
6100	1.0000000000000004e-05	9.95449134199135e-06	9.816396103896105e-06	9.85156926406927e-06	9.989664502164504e-06	1.0000000000000004e-05	9.54729437229438e-06	6.010281385281388e-06	4.325595238095238e-06	7.797348484848486e-06	9.933170995670998e-06	9.998376623376627e-06	9.9948051948052e-06	9.97759740259741e-06	9.918181818181823e-06	9.865638528138529e-06	9.88127705627706e-06	9.947727272727276e-06	9.996645021645026e-06
6200	9.897935267857147e-06	9.962109375000004e-06	9.991183035714289e-06	9.937500000000004e-06	9.858816964285717e-06	9.80435267857143e-06	9.688727678571433e-06	6.317522321428573e-06	3.399051339285715e-06	6.422377232142859e-06	9.537220982142863e-06	9.993247767857147e-06	1.0000000000000004e-05	1.0000000000000004e-05	1.0000000000000004e-05	1.0000000000000004e-05	1.0000000000000004e-05	1.0000000000000004e-05	1.0000000000000004e-05
6300	9.855078125000003e-06	9.944196428571432e-06	9.976227678571435e-06	9.831361607142861e-06	9.73956473214286e-06	9.779687500000003e-06	9.227957589285717e-06	5.235825892857145e-06	2.7435825892857145e-06	6.45200892857143e-06	9.606250000000003e-06	9.994866071428576e-06	1.0000000000000004e-05	1.0000000000000004e-05	9.996037946428577e-06	9.927343750000005e-06	9.897712053571432e-06	9.966406250000004e-06	1.0000000000000004e-05
6400	1.0000000000000004e-05	1.0000000000000004e-05	9.9895737327189e-06	9.918836405529957e-06	9.827304147465438e-06	9.496716589861756e-06	8.033870967741938e-06	3.829608294930877e-06	2.313652073732719e-06	6.531105990783412e-06	9.606566820276502e-06	9.994700460829496e-06	1.0000000000000004e-05	1.0000000000000004e-05	9.995737327188945e-06	9.929953917050696e-06	9.903974654377883e-06	9.954550691244245e-06	9.96751152073733e-06
6500	9.854047619047622e-06	9.866250000000002e-06	9.371666666666667e-06	5.72214285714286e-06	5.322500000000003e-06	8.173452380952383e-06	8.581785714285717e-06	5.445178571428573e-06	3.6163095238095246e-06	7.554166666666667e-06	9.936666666666668e-06	9.999166666666669e-06	1.0000000000000003e-05	1.0000000000000003e-05	9.997380952380954e-06	9.93714285714286e-06	9.90928571428572e-06	9.96952380952381e-06	1.0000000000000003e-05
6600	9.938392857142863e-06	9.897619047619049e-06	9.209404761904767e-06	5.283392857142857e-06	4.842738095238096e-06	5.072738095238094e-06	4.7323214285714285e-06	4.407142857142857e-06	3.4293452380952373e-06	7.454285714285715e-06	9.935238095238098e-06	9.999047619047621e-06	1.0000000000000003e-05	1.0000000000000003e-05	1.0000000000000003e-05	9.971011904761909e-06	9.908928571428575e-06	9.928988095238096e-06	9.991071428571431e-06
6700	9.934677419354842e-06	9.89562211981567e-06	9.344700460829497e-06	5.201152073732721e-06	4.739804147465439e-06	5.233870967741937e-06	5.03070276497696e-06	5.1212557603686635e-06	4.149539170506913e-06	7.71180875576037e-06	9.933352534562214e-06	9.997868663594475e-06	1.0000000000000004e-05	1.0000000000000004e-05	1.0000000000000004e-05	1.0000000000000004e-05	1.0000000000000004e-05	1.0000000000000004e-05	1.0000000000000004e-05
6800	9.917532467532472e-06	9.887283549783553e-06	9.203625541125546e-06	5.3985930735930756e-06	5.269155844155846e-06	5.193831168831171e-06	4.9086038961038975e-06	5.087337662337664e-06	2.4402056277056277e-06	5.533333333333335e-06	9.320670995671e-06	1.0000000000000004e-05	1.0000000000000004e-05	1.0000000000000004e-05	9.996428571428578e-06	9.92489177489178e-06	9.903571428571433e-06	9.970887445887451e-06	9.982251082251087e-06
6900	9.876729910714286e-06	9.85479910714286e-06	8.94380580357143e-06	4.759542410714287e-06	4.32349330357143e-06	4.931863839285715e-06	5.208984375000002e-06	4.806640625000001e-06	2.1945870535714292e-06	5.612500000000001e-06	9.361941964285719e-06	1.0000000000000004e-05	1.0000000000000004e-05	9.988727678571432e-06	9.958984375000006e-06	9.967522321428576e-06	9.997265625000004e-06	9.996205357142861e-06	9.98225446428572e-06
7000	9.906529017857145e-06	9.877120535714287e-06	8.661272321428573e-06	4.611104910714288e-06	4.6413504464285734e-06	4.941071428571429e-06	5.004408482142857e-06	4.726953125e-06	2.5644531249999994e-06	6.147265625000001e-06	9.462723214285717e-06	9.974107142857147e-06	9.989620535714293e-06	9.973437500000008e-06	9.928571428571435e-06	9.948939732142861e-06	9.996428571428575e-06	9.994475446428576e-06	9.974944196428574e-06
7100	9.9014400921659e-06	9.89153225806452e-06	8.587039170506912e-06	4.803225806451614e-06	5.041359447004608e-06	5.151152073732719e-06	5.401094470046083e-06	4.929089861751153e-06	1.8096198156682018e-06	5.186405529953917e-06	9.163594470046086e-06	9.997465437788023e-06	1.0000000000000004e-05	9.97021889400922e-06	9.90241935483871e-06	9.929781105990785e-06	9.997580645161293e-06	9.997119815668206e-06	9.988479262672817e-06
7200	9.999665178571431e-06	9.996875000000006e-06	9.997209821428577e-06	1.0000000000000004e-05	1.0000000000000004e-05	1.0000000000000004e-05	9.509207589285717e-06	5.581250000000001e-06	2.672154017857143e-06	6.130803571428574e-06	9.515959821428577e-06	9.971651785714288e-06	9.871651785714289e-06	9.814453125000003e-06	9.927901785714289e-06	9.998716517857147e-06	9.95178571428572e-06	9.903125000000004e-06	9.931808035714288e-06
7300	1.0000000000000004e-05	1.0000000000000004e-05	1.0000000000000004e-05	1.0000000000000004e-05	1.0000000000000004e-05	1.0000000000000004e-05	9.42527901785715e-06	5.165625000000001e-06	1.7106584821428576e-06	5.3890066964285726e-06	9.414062500000003e-06	9.98526785714286e-06	9.881305803571434e-06	9.816071428571432e-06	9.91891741071429e-06	9.994029017857147e-06	9.96434151785715e-06	9.91183035714286e-06	9.922154017857147e-06
7400	1.0000000000000004e-05	1.0000000000000004e-05	1.0000000000000004e-05	1.0000000000000004e-05	1.0000000000000004e-05	1.0000000000000004e-05	9.659562211981573e-06	5.983870967741938e-06	2.6929723502304156e-06	5.829953917050692e-06	9.460368663594474e-06	9.989228110599085e-06	9.868951612903231e-06	9.810887096774194e-06	9.931048387096777e-06	9.998963133640558e-06	1.0000000000000004e-05	1.0000000000000004e-05	1.0000000000000004e-05
7500	1.0000000000000004e-05	1.0000000000000004e-05	1.0000000000000004e-05	1.0000000000000004e-05	9.996716589861756e-06	9.963248847926272e-06	9.392453917050695e-06	5.546428571428573e-06	2.5016129032258065e-06	5.8860023041474675e-06	9.50276497695853e-06	9.991129032258068e-06	9.892914746543784e-06	9.813421658986175e-06	9.868605990783415e-06	9.951382488479264e-06	9.953571428571434e-06	9.901843317972352e-06	9.930414746543783e-06
7600	9.929352678571432e-06	9.979575892857147e-06	9.995703125000004e-06	9.983203125000007e-06	9.985546875000005e-06	9.998046875000002e-06	9.471484375000006e-06	5.640625000000001e-06	2.6366629464285713e-06	6.0657924107142874e-06	9.594977678571432e-06	9.996707589285717e-06	9.981752232142863e-06	9.91026785714286e-06	9.918247767857147e-06	9.989732142857146e-06	9.957366071428575e-06	9.877845982142861e-06	9.83956473214286e-06
7700	8.573809523809527e-06	8.998484848484853e-06	9.787229437229442e-06	9.90140692640693e-06	9.954437229437233e-06	1.0000000000000004e-05	9.43252164502165e-06	5.442424242424245e-06	2.3599025974025978e-06	5.84972943722944e-06	9.495725108225113e-06	9.995725108225113e-06	9.999729437229442e-06	1.0000000000000004e-05	1.0000000000000004e-05	1.0000000000000004e-05	9.997889610389619e-06	9.996969696969703e-06	9.99908008658009e-06
7800	1.0000000000000004e-05	1.0000000000000004e-05	9.98116359447005e-06	9.903110599078344e-06	9.909619815668204e-06	9.922868663594475e-06	9.286578341013825e-06	5.141762672811061e-06	1.90397465437788e-06	5.433179723502305e-06	9.317741935483873e-06	9.953398617511525e-06	9.907488479262677e-06	9.952131336405532e-06	9.995852534562214e-06	9.976728110599083e-06	9.97546082949309e-06	9.991013824884798e-06	9.996313364055303e-06
7900	1.0000000000000004e-05	1.0000000000000004e-05	9.974481566820281e-06	9.825748847926272e-06	9.82361751152074e-06	9.910368663594473e-06	9.35812211981567e-06	5.418721198156684e-06	9.986175115207376e-07	2.0135944700460825e-06	7.008582949308757e-06	9.949423963133645e-06	9.901209677419357e-06	9.946658986175118e-06	9.99228110599079e-06	9.919297235023046e-06	9.8543202764977e-06	9.891186635944701e-06	9.958006912442398e-06
8000	8.470535714285714e-06	8.988727678571433e-06	9.738783482142862e-06	9.882756696428578e-06	9.922656250000004e-06	9.941629464285719e-06	9.459319196428577e-06	5.773325892857145e-06	1.269698660714286e-06	1.8632812500000002e-06	6.855412946428576e-06	9.919252232142861e-06	9.861216517857148e-06	9.933091517857145e-06	9.991685267857148e-06	9.949330357142862e-06	9.926171875000004e-06	9.951060267857147e-06	9.973158482142858e-06
8100	9.800921658986178e-06	9.874020737327192e-06	9.906048387096779e-06	9.904147465437794e-06	9.95985023041475e-06	9.936751152073736e-06	9.569239631336409e-06	5.724539170506913e-06	1.0939516129032256e-06	2.411117511520738e-06	7.4096774193548415e-06	9.998559907834106e-06	1.0000000000000004e-05	1.0000000000000004e-05	9.985771889400928e-06	9.914573732718898e-06	9.824884792626731e-06	9.79170506912443e-06	9.852419354838716e-06
8200	9.817911255411255e-06	9.880303030303035e-06	9.906114718614724e-06	9.905086580086583e-06	9.962770562770564e-06	9.932792207792212e-06	9.348809523809526e-06	5.455086580086581e-06	1.0402597402597404e-06	2.028950216450217e-06	7.015151515151518e-06	9.985822510822516e-06	9.996969696969703e-06	9.997348484848489e-06	9.98717532467533e-06	9.922781385281388e-06	9.834794372294378e-06	9.812662337662342e-06	9.886417748917755e-06
8300	9.79636904761905e-06	9.880297619047622e-06	9.908928571428575e-06	9.903035714285717e-06	9.962738095238095e-06	9.943214285714288e-06	8.554166666666668e-06	3.8167857142857145e-06	2.080357142857143e-07	2.288690476190476e-06	7.2265476190476204e-06	9.894880952380955e-06	9.92244047619048e-06	9.904345238095241e-06	9.934345238095241e-06	9.995416666666671e-06	1.0000000000000003e-05	1.0000000000000003e-05	1.0000000000000003e-05
8400	9.104854910714286e-06	9.31847098214286e-06	9.573046875000004e-06	9.447488839285719e-06	9.66696428571429e-06	9.88426339285715e-06	8.09319196428572e-06	3.5093750000000006e-06	3.058035714285714e-07	2.0250558035714294e-06	6.974553571428575e-06	9.896875000000003e-06	9.919754464285718e-06	9.904966517857146e-06	9.927566964285717e-06	9.994977678571434e-06	9.978571428571434e-06	9.915457589285718e-06	9.892243303571432e-06
8500	2.735253456221198e-06	5.668836405529955e-06	9.00472350230415e-06	8.855817972350232e-06	9.145449308755762e-06	9.89804147465438e-06	8.187960829493091e-06	3.563940092165899e-06	3.158986175115207e-07	1.7181451612903226e-06	6.6633064516129054e-06	9.899481566820278e-06	9.926958525345624e-06	9.908525345622121e-06	9.928341013824887e-06	9.98997695852535e-06	9.972407834101385e-06	9.91509216589862e-06	9.90852534562212e-06
8600	8.90074884792627e-06	7.458179723502304e-06	8.313824884792628e-06	9.76566820276498e-06	9.853341013824885e-06	9.82102534562212e-06	7.938421658986177e-06	3.304377880184333e-06	2.421082949308756e-07	1.958640552995392e-06	6.908410138248849e-06	9.896140552995393e-06	9.920161290322583e-06	9.899135944700466e-06	9.916589861751157e-06	9.99124423963134e-06	1.0000000000000004e-05	1.0000000000000004e-05	1.0000000000000004e-05
8700	8.948502304147467e-06	7.808237327188943e-06	8.613018433179727e-06	9.749711981566822e-06	9.835311059907836e-06	9.810887096774196e-06	8.04873271889401e-06	3.425230414746545e-06	2.4193548387096775e-07	2.02713133640553e-06	6.974711981566821e-06	9.902131336405533e-06	9.924827188940098e-06	9.88807603686636e-06	9.842914746543781e-06	9.911693548387099e-06	9.986578341013828e-06	1.0000000000000004e-05	1.0000000000000004e-05
8800	8.999876847290643e-06	7.6253078817734e-06	8.23257389162562e-06	9.6128078817734e-06	9.841317733990151e-06	9.835221674876851e-06	8.196428571428574e-06	3.508004926108376e-06	2.0338669950738916e-07	2.0757389162561576e-06	7.02173645320197e-06	9.898645320197048e-06	9.921428571428575e-06	9.887315270935962e-06	9.844889162561577e-06	9.914162561576356e-06	9.9878078817734e-06	9.956342364532023e-06	9.882450738916261e-06
8900	8.727976190476191e-06	7.19857142857143e-06	8.22321428571429e-06	9.762202380952384e-06	9.8352380952381e-06	9.81428571428572e-06	8.308928571428573e-06	3.7193452380952384e-06	2.8892857142857145e-07	2.3242261904761905e-06	7.242142857142862e-06	9.849226190476197e-06	9.908869047619052e-06	9.895178571428572e-06	9.836488095238096e-06	9.904702380952383e-06	9.943571428571432e-06	9.851309523809526e-06	9.783452380952383e-06
9000	8.373869047619049e-06	6.674166666666669e-06	8.084583333333335e-06	9.762797619047623e-06	9.808750000000002e-06	9.797857142857145e-06	8.723809523809526e-06	4.317678571428572e-06	4.602976190476191e-07	2.479821428571429e-06	7.433154761904765e-06	9.900357142857146e-06	9.919880952380957e-06	9.894107142857146e-06	9.839880952380955e-06	9.905714285714288e-06	9.936488095238099e-06	9.818452380952385e-06	9.711309523809528e-06
9100	9.82661290322581e-06	9.903686635944703e-06	9.855299539170506e-06	9.786635944700462e-06	9.836117511520741e-06	9.827016129032259e-06	8.107661290322583e-06	3.347407834101383e-06	1.2672811059907837e-07	2.255357142857143e-06	7.127880184331799e-06	9.812384792626731e-06	9.90973502304148e-06	9.889400921658988e-06	9.843548387096774e-06	9.910599078341019e-06	9.94867511520738e-06	9.68824884792627e-06	9.394930875576039e-06
9200	9.826382488479268e-06	9.900576036866363e-06	9.864400921658988e-06	9.812442396313368e-06	9.831912442396316e-06	9.802188940092169e-06	8.700633640552998e-06	4.212269585253457e-06	3.8894009216589866e-07	2.438076036866359e-06	4.822350230414745e-06	4.539170506912443e-06	7.12574884792627e-06	9.882718894009219e-06	9.833525345622123e-06	9.914228110599081e-06	9.948214285714292e-06	9.883698156682031e-06	9.876209677419357e-06
9300	9.841877880184333e-06	9.9153801843318e-06	9.880875576036872e-06	9.809331797235026e-06	9.84078341013825e-06	9.818490783410141e-06	7.677016129032259e-06	2.982488479262674e-06	1.8433179723502307e-07	2.0457373271889397e-06	5.3285714285714264e-06	5.6309331797235024e-06	7.323963133640555e-06	9.90518433179724e-06	9.854320276497701e-06	9.908467741935488e-06	9.983352534562214e-06	8.431682027649773e-06	5.030299539170507e-06
9400	1.0000000000000003e-05	9.966547619047621e-06	9.859761904761907e-06	9.796011904761904e-06	9.836785714285718e-06	9.81059523809524e-06	8.370892857142858e-06	3.7901785714285716e-06	2.9589285714285716e-07	2.2538095238095236e-06	5.17202380952381e-06	5.423928571428572e-06	7.469702380952383e-06	9.882261904761907e-06	9.838333333333335e-06	9.906666666666668e-06	9.986607142857146e-06	8.387142857142861e-06	5.01809523809524e-06
9500	1.0000000000000003e-05	9.993095238095241e-06	9.963333333333332e-06	9.93988095238095e-06	9.954345238095243e-06	9.872857142857147e-06	8.358809523809528e-06	3.7608333333333343e-06	2.9017857142857143e-07	2.074940476190476e-06	4.6157142857142865e-06	4.8930357142857145e-06	7.320000000000002e-06	9.887559523809526e-06	9.846428571428573e-06	9.914464285714287e-06	9.9877380952381e-06	8.532619047619051e-06	5.339285714285715e-06
9600	1.0000000000000004e-05	1.0000000000000004e-05	1.0000000000000004e-05	1.0000000000000004e-05	9.99748883928572e-06	9.880803571428577e-06	8.040234375000006e-06	3.3691964285714288e-06	2.122767857142857e-07	1.9963169642857148e-06	5.002678571428572e-06	4.99447544642857e-06	6.975446428571432e-06	9.987332589285718e-06	9.995814732142864e-06	9.993750000000004e-06	9.997879464285717e-06	8.315680803571432e-06	4.694084821428571e-06
9700	9.99648617511521e-06	9.999366359447008e-06	1.0000000000000004e-05	1.0000000000000004e-05	9.996255760368668e-06	9.887039170506918e-06	8.145737327188943e-06	3.396831797235023e-06	1.418778801843318e-07	2.1513824884792625e-06	4.476958525345622e-06	4.759043778801843e-06	7.429493087557607e-06	9.996025345622125e-06	1.0000000000000004e-05	1.0000000000000004e-05	1.0000000000000004e-05	1.0000000000000004e-05	1.0000000000000004e-05
9800	1.0000000000000004e-05	1.0000000000000004e-05	1.0000000000000004e-05	1.0000000000000004e-05	9.997098214285718e-06	9.867075892857151e-06	8.507756696428578e-06	4.1047991071428575e-06	4.6702008928571423e-07	5.333705357142857e-07	8.437499999999998e-07	1.9299107142857144e-06	6.562500000000004e-06	9.942968750000004e-06	1.0000000000000004e-05	1.0000000000000004e-05	1.0000000000000004e-05	1.0000000000000004e-05	1.0000000000000004e-05
9900	1.0000000000000004e-05	9.968778801843324e-06	9.876382488479266e-06	9.83243087557604e-06	9.914228110599081e-06	8.707776497695856e-06	4.5800115207373266e-06	9.394009216589859e-07	7.776497695852534e-08	8.771889400921657e-07	1.393548387096774e-06	2.2388248847926264e-06	6.637730414746546e-06	9.906682027649773e-06	9.984850230414754e-06	9.993433179723505e-06	1.0000000000000004e-05	1.0000000000000004e-05	1.0000000000000004e-05
10000	1.0000000000000003e-05	9.976785714285718e-06	9.886190476190479e-06	9.831964285714286e-06	9.91202380952381e-06	8.205059523809528e-06	3.408452380952381e-06	1.9285714285714282e-07	0.0	3.535714285714285e-07	6.558928571428572e-07	2.762916666666667e-06	7.400773809523812e-06	9.940178571428574e-06	1.0000000000000003e-05	1.0000000000000003e-05	9.979404761904765e-06	9.924404761904766e-06	9.912261904761905e-06
