	site
generation	50	100	150	200	250	300	350	400	450	500	550	600	650	700	750	800	850	900	950
0	1.0000000000000004e-05	1.0000000000000004e-05	1.0000000000000004e-05	1.0000000000000004e-05	1.0000000000000004e-05	1.0000000000000004e-05	1.0000000000000004e-05	1.0000000000000004e-05	1.0000000000000004e-05	1.0000000000000004e-05	1.0000000000000004e-05	1.0000000000000004e-05	1.0000000000000004e-05	1.0000000000000004e-05	1.0000000000000004e-05	1.0000000000000004e-05	1.0000000000000004e-05	1.0000000000000004e-05	1.0000000000000004e-05
100	1.0000000000000004e-05	1.0000000000000004e-05	1.0000000000000004e-05	1.0000000000000004e-05	1.0000000000000004e-05	1.0000000000000004e-05	1.0000000000000004e-05	1.0000000000000004e-05	1.0000000000000004e-05	1.0000000000000004e-05	1.0000000000000004e-05	1.0000000000000004e-05	1.0000000000000004e-05	1.0000000000000004e-05	1.0000000000000004e-05	1.0000000000000004e-05	1.0000000000000004e-05	1.0000000000000004e-05	1.0000000000000004e-05
200	1.0000000000000003e-05	1.0000000000000003e-05	1.0000000000000003e-05	1.0000000000000003e-05	1.0000000000000003e-05	1.0000000000000003e-05	1.0000000000000003e-05	1.0000000000000003e-05	9.998333333333336e-06	9.996666666666669e-06	9.998333333333337e-06	1.0000000000000003e-05	1.0000000000000003e-05	1.0000000000000003e-05	1.0000000000000003e-05	9.997500000000002e-06	9.996666666666669e-06	9.999166666666669e-06	1.0000000000000003e-05
300	1.000000000000001e-05	1.000000000000001e-05	1.000000000000001e-05	1.000000000000001e-05	1.000000000000001e-05	1.000000000000001e-05	1.000000000000001e-05	1.000000000000001e-05	1.000000000000001e-05	1.000000000000001e-05	1.000000000000001e-05	1.000000000000001e-05	1.000000000000001e-05	1.000000000000001e-05	1.000000000000001e-05	1.000000000000001e-05	1.000000000000001e-05	1.000000000000001e-05	1.000000000000001e-05
400	1.0000000000000003e-05	9.998690476190478e-06	9.960297619047623e-06	9.874464285714286e-06	9.851011904761905e-06	9.92684523809524e-06	9.988690476190479e-06	1.0000000000000003e-05	1.0000000000000003e-05	9.999523809523814e-06	9.980476190476193e-06	9.960892857142858e-06	9.979523809523812e-06	9.999345238095238e-06	9.99619047619048e-06	9.993571428571432e-06	9.997142857142861e-06	1.0000000000000003e-05	1.0000000000000003e-05
500	1.0000000000000004e-05	9.999711981566823e-06	9.946601382488485e-06	9.847119815668206e-06	9.8551267281106e-06	9.95316820276498e-06	9.998271889400925e-06	1.0000000000000004e-05	1.0000000000000004e-05	9.993605990783418e-06	9.974827188940094e-06	9.97966589861751e-06	9.944297235023044e-06	9.904320276497698e-06	9.95829493087558e-06	9.999827188940097e-06	1.0000000000000004e-05	1.0000000000000004e-05	1.0000000000000004e-05
600	1.0000000000000004e-05	1.0000000000000004e-05	1.0000000000000004e-05	9.993917410714291e-06	9.942633928571434e-06	9.93108258928572e-06	9.982366071428576e-06	1.0000000000000004e-05	1.0000000000000004e-05	1.0000000000000004e-05	9.992131696428575e-06	9.967689732142863e-06	9.934821428571437e-06	9.918415178571434e-06	9.957421875000005e-06	9.99827008928572e-06	1.0000000000000004e-05	1.0000000000000004e-05	1.0000000000000004e-05
700	1.0000000000000004e-05	9.999888392857145e-06	9.99709821428572e-06	9.996986607142864e-06	9.998716517857147e-06	9.996875000000008e-06	9.995758928571432e-06	9.933035714285719e-06	9.902176339285717e-06	9.966964285714289e-06	1.0000000000000004e-05	9.965736607142861e-06	9.902064732142861e-06	9.934263392857147e-06	9.997935267857148e-06	1.0000000000000004e-05	9.999888392857145e-06	9.948883928571433e-06	9.86808035714286e-06
800	9.901036866359451e-06	9.869412442396316e-06	9.856105990783414e-06	9.90074884792627e-06	9.933467741935488e-06	9.8830069124424e-06	9.909389400921662e-06	9.987154377880187e-06	1.0000000000000004e-05	1.0000000000000004e-05	9.96739631336406e-06	9.8741935483871e-06	9.835541474654378e-06	9.925806451612906e-06	9.99706221198157e-06	1.0000000000000004e-05	9.999884792626732e-06	9.943490783410141e-06	9.8543202764977e-06
900	9.922062211981571e-06	9.865668202764978e-06	9.848963133640554e-06	9.875806451612908e-06	9.709792626728115e-06	9.685311059907835e-06	9.914343317972354e-06	9.980760368663599e-06	9.987096774193554e-06	9.994873271889405e-06	9.966993087557612e-06	9.887327188940096e-06	9.850115207373274e-06	9.925576036866363e-06	9.99579493087558e-06	1.0000000000000004e-05	1.0000000000000004e-05	9.987096774193554e-06	9.964055299539177e-06
1000	9.885714285714287e-06	9.892426108374386e-06	9.8557881773399e-06	9.84722906403941e-06	9.68460591133005e-06	9.635960591133007e-06	9.877155172413795e-06	9.944581280788179e-06	9.908435960591135e-06	9.962315270935962e-06	1.0000000000000003e-05	9.973152709359609e-06	9.85197044334976e-06	9.840517241379314e-06	9.917302955665026e-06	9.908004926108377e-06	9.918842364532022e-06	9.867179802955665e-06	9.799137931034484e-06
1100	1.0000000000000004e-05	1.0000000000000004e-05	1.0000000000000004e-05	1.0000000000000004e-05	1.0000000000000004e-05	1.0000000000000004e-05	1.0000000000000004e-05	1.0000000000000004e-05	1.0000000000000004e-05	1.0000000000000004e-05	1.0000000000000004e-05	1.0000000000000004e-05	1.0000000000000004e-05	1.0000000000000004e-05	9.99929653679654e-06	9.996969696969705e-06	9.997619047619051e-06	9.997240259740267e-06	9.994588744588752e-06
1200	1.0000000000000004e-05	1.0000000000000004e-05	1.0000000000000004e-05	1.0000000000000004e-05	1.0000000000000004e-05	1.0000000000000004e-05	1.0000000000000004e-05	1.0000000000000004e-05	9.984486607142863e-06	9.933928571428574e-06	9.940513392857147e-06	9.991071428571431e-06	1.0000000000000004e-05	1.0000000000000004e-05	1.0000000000000004e-05	9.972991071428579e-06	9.929966517857147e-06	9.91579241071429e-06	9.894642857142861e-06
1300	1.0000000000000003e-05	1.0000000000000003e-05	1.0000000000000003e-05	1.0000000000000003e-05	1.0000000000000003e-05	1.0000000000000003e-05	1.0000000000000003e-05	1.0000000000000003e-05	1.0000000000000003e-05	9.964523809523813e-06	9.910535714285717e-06	9.920357142857146e-06	9.854821428571434e-06	9.845000000000001e-06	9.927857142857147e-06	9.930952380952386e-06	9.966666666666669e-06	9.96476190476191e-06	9.90619047619048e-06
1400	9.971149553571433e-06	9.885658482142862e-06	9.815736607142859e-06	9.837276785714288e-06	9.899218750000003e-06	9.971372767857145e-06	9.957533482142862e-06	9.916685267857146e-06	9.921540178571434e-06	9.873325892857146e-06	9.83482142857143e-06	9.875334821428576e-06	9.94782366071429e-06	9.993750000000007e-06	9.994419642857149e-06	9.980133928571434e-06	9.971986607142861e-06	9.989062500000005e-06	1.0000000000000004e-05
1500	9.86129201680673e-06	9.789390756302528e-06	9.669012605042022e-06	9.701418067226897e-06	9.674474789915971e-06	9.78188025210085e-06	9.989128151260513e-06	1.000000000000001e-05	9.999002100840346e-06	9.917384453781519e-06	9.824684873949586e-06	9.880514705882364e-06	9.860136554621852e-06	9.847951680672275e-06	9.941334033613453e-06	9.972268907563033e-06	9.992489495798328e-06	9.990126050420177e-06	9.977468487394965e-06
1600	9.996082949308759e-06	9.998963133640558e-06	1.0000000000000004e-05	1.0000000000000004e-05	1.0000000000000004e-05	1.0000000000000004e-05	1.0000000000000004e-05	9.994124423963137e-06	9.990322580645165e-06	9.99619815668203e-06	1.0000000000000004e-05	1.0000000000000004e-05	1.0000000000000004e-05	1.0000000000000004e-05	1.0000000000000004e-05	1.0000000000000004e-05	9.991013824884798e-06	9.987096774193552e-06	9.996082949308759e-06
1700	9.811145320197048e-06	9.938423645320198e-06	9.992118226600985e-06	9.99156403940887e-06	9.995566502463058e-06	9.996551724137932e-06	9.998399014778327e-06	1.0000000000000003e-05	1.0000000000000003e-05	1.0000000000000003e-05	1.0000000000000003e-05	1.0000000000000003e-05	1.0000000000000003e-05	1.0000000000000003e-05	9.968226600985224e-06	9.923275862068967e-06	9.90258620689655e-06	9.888916256157635e-06	9.882881773399016e-06
1800	9.79809523809524e-06	9.932023809523811e-06	1.0000000000000003e-05	1.0000000000000003e-05	1.0000000000000003e-05	1.0000000000000003e-05	1.0000000000000003e-05	1.0000000000000003e-05	1.0000000000000003e-05	1.0000000000000003e-05	1.0000000000000003e-05	1.0000000000000003e-05	1.0000000000000003e-05	1.0000000000000003e-05	9.952916666666671e-06	9.9002380952381e-06	9.882202380952384e-06	9.85452380952381e-06	9.839285714285713e-06
1900	1.0000000000000003e-05	1.0000000000000003e-05	1.0000000000000003e-05	1.0000000000000003e-05	1.0000000000000003e-05	1.0000000000000003e-05	1.0000000000000003e-05	1.0000000000000003e-05	1.0000000000000003e-05	1.0000000000000003e-05	1.0000000000000003e-05	1.0000000000000003e-05	1.0000000000000003e-05	1.0000000000000003e-05	1.0000000000000003e-05	1.0000000000000003e-05	1.0000000000000003e-05	1.0000000000000003e-05	1.0000000000000003e-05
2000	1.0000000000000004e-05	1.0000000000000004e-05	1.0000000000000004e-05	1.0000000000000004e-05	1.0000000000000004e-05	9.995046082949312e-06	9.932373271889403e-06	9.914631336405535e-06	9.97730414746544e-06	9.997465437788023e-06	9.996774193548392e-06	9.992453917050696e-06	9.933870967741938e-06	9.91653225806452e-06	9.975806451612907e-06	1.0000000000000004e-05	9.998041474654382e-06	9.989170506912446e-06	9.982488479262675e-06
2100	1.0000000000000003e-05	1.0000000000000003e-05	1.0000000000000003e-05	1.0000000000000003e-05	1.0000000000000003e-05	1.0000000000000003e-05	9.993095238095243e-06	9.978809523809528e-06	9.97690476190477e-06	9.991190476190479e-06	9.999761904761904e-06	9.991071428571436e-06	9.98238095238096e-06	9.982142857142865e-06	9.987857142857147e-06	9.996785714285718e-06	9.996428571428578e-06	9.990000000000006e-06	9.993571428571432e-06
2200	1.0000000000000003e-05	9.999880952380955e-06	9.992559523809531e-06	9.99011904761905e-06	9.997440476190479e-06	1.0000000000000003e-05	9.990595238095242e-06	9.867261904761911e-06	9.809404761904766e-06	9.932738095238097e-06	9.971607142857147e-06	9.899047619047622e-06	9.854821428571432e-06	9.84339285714286e-06	9.873690476190477e-06	9.955416666666666e-06	9.937976190476197e-06	9.90214285714286e-06	9.961904761904765e-06
2300	1.0000000000000003e-05	1.0000000000000003e-05	1.0000000000000003e-05	1.0000000000000003e-05	1.0000000000000003e-05	9.998154761904767e-06	9.982083333333336e-06	9.857857142857146e-06	9.811250000000004e-06	9.93732142857143e-06	9.97071428571429e-06	9.9014880952381e-06	9.860595238095242e-06	9.848809523809524e-06	9.878750000000001e-06	9.957202380952383e-06	9.938273809523815e-06	9.905833333333336e-06	9.965000000000002e-06
2400	1.0000000000000004e-05	1.0000000000000004e-05	9.981547619047624e-06	9.920562770562773e-06	9.9336038961039e-06	9.994588744588749e-06	1.0000000000000004e-05	1.0000000000000004e-05	1.0000000000000004e-05	1.0000000000000004e-05	1.0000000000000004e-05	1.0000000000000004e-05	1.0000000000000004e-05	1.0000000000000004e-05	9.995616883116888e-06	9.93419913419914e-06	9.919534632034637e-06	9.980952380952384e-06	1.0000000000000004e-05
2500	9.989676339285721e-06	9.989006696428575e-06	9.913616071428576e-06	9.822098214285719e-06	9.892633928571433e-06	9.99040178571429e-06	9.99598214285715e-06	9.987053571428577e-06	9.985267857142864e-06	9.95909598214286e-06	9.900390625000006e-06	9.928180803571434e-06	9.987109375000006e-06	9.988950892857147e-06	9.990066964285719e-06	9.931250000000003e-06	9.89268973214286e-06	9.891183035714288e-06	9.883984375000002e-06
2600	1.0000000000000004e-05	9.994913419913428e-06	9.9779761904762e-06	9.980844155844162e-06	9.997781385281389e-06	9.996320346320351e-06	9.977164502164506e-06	9.947186147186156e-06	9.950108225108233e-06	9.978571428571436e-06	9.975865800865806e-06	9.963690476190485e-06	9.964015151515157e-06	9.934307359307363e-06	9.926948051948056e-06	9.972943722943725e-06	9.947402597402603e-06	9.876893939393944e-06	9.868885281385287e-06
2700	1.0000000000000004e-05	9.984430803571434e-06	9.943973214285717e-06	9.95290178571429e-06	9.99056919642858e-06	9.99324776785715e-06	9.947544642857147e-06	9.85524553571429e-06	9.864787946428576e-06	9.961049107142862e-06	1.0000000000000004e-05	1.0000000000000004e-05	9.997377232142863e-06	9.996875000000006e-06	9.999497767857145e-06	1.0000000000000004e-05	9.997935267857148e-06	9.996875000000006e-06	9.99893973214286e-06
2800	1.0000000000000003e-05	9.988571428571433e-06	9.946726190476194e-06	9.95166666666667e-06	9.993273809523812e-06	9.99952380952381e-06	9.995000000000003e-06	9.99232142857143e-06	9.993095238095238e-06	9.994583333333336e-06	9.998571428571431e-06	1.0000000000000003e-05	1.0000000000000003e-05	1.0000000000000003e-05	9.99964285714286e-06	9.973928571428577e-06	9.937797619047626e-06	9.959404761904765e-06	9.995892857142862e-06
2900	1.0000000000000004e-05	9.982756696428577e-06	9.916796875000005e-06	9.929743303571433e-06	9.995703125000003e-06	9.994642857142862e-06	9.934095982142861e-06	9.908482142857147e-06	9.969029017857147e-06	9.971595982142862e-06	9.905078125000005e-06	9.87327008928572e-06	9.929296875000007e-06	9.989508928571432e-06	9.99905133928572e-06	9.958928571428578e-06	9.907533482142863e-06	9.941071428571432e-06	9.993415178571431e-06
3000	1.0000000000000003e-05	9.993842364532025e-06	9.97980295566503e-06	9.985467980295568e-06	9.999507389162564e-06	1.0000000000000003e-05	1.0000000000000003e-05	1.0000000000000003e-05	1.0000000000000003e-05	1.0000000000000003e-05	1.0000000000000003e-05	1.0000000000000003e-05	9.999568965517245e-06	9.995874384236457e-06	9.991009852216753e-06	9.992179802955668e-06	9.987500000000002e-06	9.983312807881776e-06	9.987130541871923e-06
3100	1.0000000000000003e-05	1.0000000000000003e-05	1.0000000000000003e-05	1.0000000000000003e-05	1.0000000000000003e-05	1.0000000000000003e-05	1.0000000000000003e-05	1.0000000000000003e-05	1.0000000000000003e-05	1.0000000000000003e-05	1.0000000000000003e-05	1.0000000000000003e-05	1.0000000000000003e-05	1.0000000000000003e-05	1.0000000000000003e-05	1.0000000000000003e-05	1.0000000000000003e-05	1.0000000000000003e-05	1.0000000000000003e-05
3200	9.899720982142858e-06	9.881863839285714e-06	9.877064732142863e-06	9.924720982142859e-06	9.993526785714289e-06	1.0000000000000004e-05	1.0000000000000004e-05	1.0000000000000004e-05	1.0000000000000004e-05	1.0000000000000004e-05	1.0000000000000004e-05	9.997991071428576e-06	9.968303571428576e-06	9.90864955357143e-06	9.888281250000004e-06	9.949107142857147e-06	9.605189732142861e-06	8.590680803571432e-06	8.861886160714289e-06
3300	9.720153061224497e-06	9.820051020408168e-06	9.880255102040822e-06	9.930765306122458e-06	9.994795918367356e-06	9.995051020408174e-06	9.926275510204089e-06	9.904948979591842e-06	9.973724489795927e-06	1.000000000000001e-05	1.000000000000001e-05	1.000000000000001e-05	9.999642857142868e-06	9.95755102040817e-06	9.903724489795923e-06	9.94295918367348e-06	9.91867346938776e-06	9.821122448979595e-06	9.848571428571434e-06
3400	9.940763546798032e-06	9.899568965517242e-06	9.936268472906407e-06	9.977093596059117e-06	9.981773399014781e-06	9.996243842364534e-06	9.984729064039413e-06	9.954802955665028e-06	9.91619458128079e-06	9.905110837438426e-06	9.957697044334975e-06	1.0000000000000003e-05	1.0000000000000003e-05	9.993041871921189e-06	9.9829433497537e-06	9.985098522167489e-06	9.968596059113302e-06	9.94716748768473e-06	9.952216748768477e-06
3500	9.966993087557612e-06	9.235253456221201e-06	9.0653801843318e-06	9.79055299539171e-06	9.993433179723507e-06	9.99850230414747e-06	9.995334101382492e-06	9.994988479262677e-06	9.951728110599084e-06	9.903341013824888e-06	9.948790322580644e-06	9.942626728110604e-06	9.904089861751155e-06	9.914285714285717e-06	9.903686635944703e-06	9.947177419354842e-06	9.921889400921664e-06	9.819412442396314e-06	9.851612903225811e-06
3600	9.961428571428576e-06	9.800357142857144e-06	9.652202380952383e-06	9.812500000000001e-06	9.993273809523814e-06	9.988035714285719e-06	9.993095238095241e-06	9.99601190476191e-06	9.915595238095239e-06	9.806488095238096e-06	9.874107142857143e-06	9.944285714285716e-06	9.897440476190482e-06	9.881845238095243e-06	9.902976190476191e-06	9.960476190476193e-06	9.999880952380957e-06	1.0000000000000003e-05	1.0000000000000003e-05
3700	9.949945887445893e-06	9.576515151515158e-06	9.536634199134203e-06	9.897673160173166e-06	9.926406926406933e-06	9.94123376623377e-06	9.994318181818186e-06	1.0000000000000004e-05	9.94734848484849e-06	9.8564393939394e-06	9.895075757575763e-06	9.948917748917752e-06	9.907142857142862e-06	9.850974025974031e-06	9.85649350649351e-06	9.949729437229442e-06	1.0000000000000004e-05	1.0000000000000004e-05	1.0000000000000004e-05
3800	9.967914746543784e-06	9.249539170506918e-06	7.798559907834102e-06	8.499020737327192e-06	9.90057603686636e-06	9.88427419354839e-06	9.953974654377884e-06	9.99395161290323e-06	9.969354838709682e-06	9.924078341013828e-06	9.922753456221202e-06	9.943778801843319e-06	9.94302995391705e-06	9.916705069124429e-06	9.92926267281106e-06	9.957718894009222e-06	9.962672811059912e-06	9.977534562211985e-06	9.984101382488482e-06
3900	9.965322580645164e-06	8.351958525345623e-06	5.15339861751152e-06	6.62160138248848e-06	9.716935483870972e-06	9.780760368663598e-06	9.880069124423967e-06	9.964285714285718e-06	1.0000000000000004e-05	1.0000000000000004e-05	1.0000000000000004e-05	1.0000000000000004e-05	1.0000000000000004e-05	1.0000000000000004e-05	1.0000000000000004e-05	1.0000000000000004e-05	1.0000000000000004e-05	1.0000000000000004e-05	1.0000000000000004e-05
4000	9.957027649769592e-06	7.548963133640554e-06	4.597235023041476e-06	6.871082949308757e-06	9.604435483870973e-06	9.62874423963134e-06	9.8477534562212e-06	9.957661290322584e-06	1.0000000000000004e-05	1.0000000000000004e-05	1.0000000000000004e-05	1.0000000000000004e-05	1.0000000000000004e-05	1.0000000000000004e-05	1.0000000000000004e-05	9.995852534562216e-06	9.990149769585254e-06	9.974884792626731e-06	9.966186635944705e-06
4100	7.821666666666668e-06	3.6295238095238094e-06	2.8195238095238104e-06	6.908690476190478e-06	9.729345238095242e-06	9.788511904761908e-06	9.895416666666669e-06	9.958095238095242e-06	9.924226190476194e-06	9.856726190476198e-06	9.851845238095243e-06	9.924107142857146e-06	9.930714285714287e-06	9.79952380952381e-06	9.767023809523812e-06	9.85559523809524e-06	9.935357142857145e-06	9.913928571428574e-06	9.873273809523813e-06
4200	7.866428571428573e-06	3.306071428571428e-06	2.6919642857142853e-06	7.058452380952382e-06	9.405833333333336e-06	9.26559523809524e-06	9.545357142857142e-06	9.89482142857143e-06	9.841904761904766e-06	9.804761904761907e-06	9.866607142857147e-06	9.941666666666668e-06	9.897500000000005e-06	9.621845238095242e-06	9.616071428571432e-06	9.816488095238096e-06	9.903750000000003e-06	9.912440476190477e-06	9.873630952380954e-06
4300	1.0000000000000003e-05	1.0000000000000003e-05	1.0000000000000003e-05	1.0000000000000003e-05	1.0000000000000003e-05	1.0000000000000003e-05	1.0000000000000003e-05	1.0000000000000003e-05	1.0000000000000003e-05	1.0000000000000003e-05	1.0000000000000003e-05	1.0000000000000003e-05	1.0000000000000003e-05	9.998095238095239e-06	9.996666666666669e-06	9.998571428571431e-06	1.0000000000000003e-05	1.0000000000000003e-05	1.0000000000000003e-05
4400	1.0000000000000003e-05	1.0000000000000003e-05	1.0000000000000003e-05	1.0000000000000003e-05	9.998214285714286e-06	9.990394088669955e-06	9.991440886699509e-06	9.999261083743845e-06	1.0000000000000003e-05	1.0000000000000003e-05	1.0000000000000003e-05	1.0000000000000003e-05	1.0000000000000003e-05	9.991194581280792e-06	9.950184729064044e-06	9.95363300492611e-06	9.99464285714286e-06	9.996120689655175e-06	9.986884236453203e-06
4500	9.999285714285715e-06	9.988630952380956e-06	9.980714285714292e-06	9.99136904761905e-06	1.0000000000000003e-05	1.0000000000000003e-05	1.0000000000000003e-05	1.0000000000000003e-05	1.0000000000000003e-05	1.0000000000000003e-05	1.0000000000000003e-05	1.0000000000000003e-05	1.0000000000000003e-05	9.996428571428575e-06	9.981607142857147e-06	9.98357142857143e-06	9.99839285714286e-06	1.0000000000000003e-05	1.0000000000000003e-05
4600	9.999761904761904e-06	9.986607142857146e-06	9.9802380952381e-06	9.99339285714286e-06	9.997916666666668e-06	9.964583333333338e-06	9.942380952380956e-06	9.97541666666667e-06	9.999702380952384e-06	1.0000000000000003e-05	1.0000000000000003e-05	9.998095238095242e-06	9.984702380952384e-06	9.973988095238103e-06	9.962202380952385e-06	9.941309523809527e-06	9.902083333333338e-06	9.91619047619048e-06	9.947857142857146e-06
4700	1.0000000000000004e-05	1.0000000000000004e-05	9.999481566820279e-06	9.956509216589865e-06	9.900864055299542e-06	9.873387096774194e-06	9.897177419354841e-06	9.966877880184334e-06	9.999251152073736e-06	1.0000000000000004e-05	9.999135944700464e-06	9.991993087557609e-06	9.991186635944704e-06	9.986463133640558e-06	9.913882488479267e-06	8.737211981566823e-06	7.310541474654379e-06	8.457661290322581e-06	9.903859447004612e-06
4800	1.0000000000000003e-05	1.0000000000000003e-05	9.999880952380953e-06	9.957321428571432e-06	9.89732142857143e-06	9.870357142857143e-06	9.902797619047624e-06	9.972321428571431e-06	1.0000000000000003e-05	1.0000000000000003e-05	1.0000000000000003e-05	1.0000000000000003e-05	1.0000000000000003e-05	9.98339285714286e-06	9.910773809523814e-06	8.792797619047621e-06	7.235178571428573e-06	8.32857142857143e-06	9.902261904761907e-06
4900	9.932924107142864e-06	9.90100446428572e-06	9.895926339285716e-06	9.855301339285718e-06	9.850669642857145e-06	9.868638392857147e-06	9.90602678571429e-06	9.976171875000002e-06	9.996875000000008e-06	9.998046875000002e-06	1.0000000000000004e-05	1.0000000000000004e-05	1.0000000000000004e-05	9.993136160714293e-06	9.96941964285715e-06	9.54765625e-06	8.906640625000004e-06	9.318638392857147e-06	9.952678571428576e-06
5000	9.832305194805199e-06	9.78528138528139e-06	9.83084415584416e-06	9.85081168831169e-06	9.855952380952386e-06	9.87559523809524e-06	9.904599567099574e-06	9.964231601731608e-06	9.987932900432908e-06	9.9952380952381e-06	9.966450216450223e-06	9.891287878787881e-06	9.874567099567102e-06	9.902272727272733e-06	9.870995670995674e-06	8.771103896103898e-06	6.826623376623379e-06	7.927813852813853e-06	9.89702380952381e-06
5100	9.400460829493092e-06	8.706336405529954e-06	9.131394009216593e-06	9.796486175115212e-06	9.836578341013828e-06	9.853917050691248e-06	9.906912442396317e-06	9.981970046082953e-06	9.9991935483871e-06	9.937269585253458e-06	8.749481566820277e-06	8.055011520737328e-06	9.241647465437791e-06	9.988018433179728e-06	9.924251152073737e-06	9.922926267281108e-06	9.988652073732722e-06	9.990034562211987e-06	9.975633640553001e-06
5200	9.962716450216457e-06	9.89107142857143e-06	9.889610389610395e-06	9.963961038961042e-06	9.996158008658013e-06	9.943885281385287e-06	9.922781385281392e-06	9.925974025974033e-06	9.935606060606065e-06	9.980790043290047e-06	9.93084415584416e-06	9.858603896103904e-06	9.899242424242432e-06	9.92867965367966e-06	9.951731601731606e-06	9.99843073593074e-06	9.99989177489178e-06	9.956980519480524e-06	9.892153679653685e-06
5300	9.963824884792633e-06	9.969527649769591e-06	9.991301843317976e-06	9.997695852534564e-06	9.97724654377881e-06	9.971947004608298e-06	9.97747695852535e-06	9.97874423963134e-06	9.993663594470051e-06	1.0000000000000004e-05	1.0000000000000004e-05	1.0000000000000004e-05	1.0000000000000004e-05	9.997753456221204e-06	9.996774193548392e-06	9.649942396313369e-06	9.072868663594474e-06	9.34124423963134e-06	9.723444700460836e-06
5400	9.779352678571432e-06	9.829520089285719e-06	9.955301339285719e-06	9.99821428571429e-06	9.937500000000004e-06	9.899218750000003e-06	9.894196428571432e-06	9.902566964285718e-06	9.968303571428574e-06	1.0000000000000004e-05	1.0000000000000004e-05	1.0000000000000004e-05	1.0000000000000004e-05	9.993024553571432e-06	9.91858258928572e-06	8.309374999999999e-06	6.669977678571428e-06	7.836718750000004e-06	8.180580357142858e-06
5500	9.757976190476197e-06	9.773750000000004e-06	9.863035714285716e-06	9.952678571428574e-06	9.937500000000003e-06	9.89928571428572e-06	9.89869047619048e-06	9.902083333333336e-06	9.963452380952383e-06	1.0000000000000003e-05	1.0000000000000003e-05	1.0000000000000003e-05	1.0000000000000003e-05	9.980892857142863e-06	9.909107142857149e-06	8.51416666666667e-06	6.859107142857144e-06	7.988392857142857e-06	8.91166666666667e-06
5600	1.0000000000000004e-05	1.0000000000000004e-05	1.0000000000000004e-05	9.99752304147466e-06	9.991762672811064e-06	9.987384792626733e-06	9.982430875576041e-06	9.989285714285718e-06	1.0000000000000004e-05	9.99043778801844e-06	9.987096774193554e-06	9.996658986175118e-06	1.0000000000000004e-05	1.0000000000000004e-05	9.999539170506917e-06	9.967511520737334e-06	9.810253456221201e-06	9.830760368663602e-06	9.976958525345627e-06
5700	9.91136904761905e-06	9.907678571428575e-06	9.966547619047621e-06	9.998511904761906e-06	9.995535714285714e-06	9.993095238095243e-06	9.950535714285718e-06	9.909702380952385e-06	9.953928571428575e-06	9.993333333333338e-06	9.993333333333336e-06	9.99869047619048e-06	1.0000000000000003e-05	1.0000000000000003e-05	1.0000000000000003e-05	9.970000000000004e-06	9.812976190476192e-06	9.837023809523813e-06	9.988095238095244e-06
5800	1.0000000000000003e-05	9.996607142857144e-06	9.937916666666672e-06	9.902440476190476e-06	9.958154761904764e-06	9.980952380952384e-06	9.817261904761909e-06	9.826666666666669e-06	9.993333333333336e-06	9.995714285714291e-06	9.993333333333336e-06	9.99761904761905e-06	1.0000000000000003e-05	9.999285714285715e-06	9.996309523809526e-06	9.994047619047619e-06	9.983035714285718e-06	9.920119047619051e-06	9.874583333333332e-06
5900	1.0000000000000004e-05	1.0000000000000004e-05	1.0000000000000004e-05	9.985944700460834e-06	9.851382488479268e-06	9.75017281105991e-06	6.989112903225806e-06	6.173675115207374e-06	9.03824884792627e-06	9.842914746543783e-06	9.830933179723505e-06	9.956970046082954e-06	1.0000000000000004e-05	1.0000000000000004e-05	9.998444700460834e-06	8.860195852534565e-06	7.2976958525345636e-06	7.992396313364056e-06	8.136520737327189e-06
6000	1.0000000000000004e-05	1.0000000000000004e-05	1.0000000000000004e-05	9.999944196428575e-06	9.99051339285715e-06	9.987555803571432e-06	9.99698660714286e-06	1.0000000000000004e-05	1.0000000000000004e-05	1.0000000000000004e-05	1.0000000000000004e-05	1.0000000000000004e-05	1.0000000000000004e-05	9.998158482142862e-06	9.994977678571435e-06	9.986551339285723e-06	9.978571428571436e-06	9.977678571428578e-06	9.977678571428578e-06
6100	1.000000000000001e-05	9.989495798319337e-06	9.966544117647068e-06	9.973739495798329e-06	9.947268907563034e-06	9.820588235294124e-06	6.3771533613445385e-06	5.416491596638659e-06	8.880252100840342e-06	9.848319327731097e-06	9.821743697478996e-06	9.942542016806733e-06	9.998214285714296e-06	1.000000000000001e-05	9.997636554621857e-06	9.165913865546225e-06	8.193434873949582e-06	8.794695378151261e-06	9.197058823529412e-06
6200	9.870870535714287e-06	9.954575892857146e-06	1.0000000000000004e-05	9.983314732142862e-06	9.844921875000004e-06	9.585267857142859e-06	5.863058035714287e-06	4.59732142857143e-06	8.409709821428572e-06	9.824944196428574e-06	9.829185267857146e-06	9.956026785714288e-06	1.0000000000000004e-05	1.0000000000000004e-05	9.998660714285719e-06	8.944977678571433e-06	6.4145089285714325e-06	5.356138392857142e-06	5.4604910714285715e-06
6300	9.879404761904762e-06	9.959761904761906e-06	1.0000000000000003e-05	9.983869047619048e-06	9.854107142857147e-06	9.63684523809524e-06	5.728869047619049e-06	4.5596428571428575e-06	8.571488095238099e-06	9.855e-06	9.817023809523813e-06	9.93464285714286e-06	9.993571428571432e-06	9.934464285714289e-06	9.901726190476195e-06	9.001964285714289e-06	6.897500000000003e-06	5.2729761904761905e-06	5.319880952380954e-06
6400	9.862500000000004e-06	9.94620535714286e-06	1.0000000000000004e-05	9.998437500000005e-06	9.932142857142862e-06	9.843191964285717e-06	7.532868303571431e-06	6.458649553571431e-06	8.834988839285718e-06	9.997433035714293e-06	9.993750000000007e-06	9.996037946428576e-06	9.999441964285717e-06	9.994363839285719e-06	9.991796875000005e-06	9.99626116071429e-06	9.999386160714288e-06	1.0000000000000004e-05	1.0000000000000004e-05
6500	9.865513392857148e-06	9.960379464285717e-06	1.0000000000000004e-05	9.984430803571432e-06	9.860100446428578e-06	9.751060267857145e-06	8.030859375000004e-06	7.446595982142859e-06	9.29029017857143e-06	9.999162946428574e-06	1.0000000000000004e-05	1.0000000000000004e-05	1.0000000000000004e-05	1.0000000000000004e-05	1.0000000000000004e-05	1.0000000000000004e-05	1.0000000000000004e-05	9.99754464285715e-06	9.994754464285722e-06
6600	9.850714285714286e-06	9.928273809523813e-06	9.97244047619048e-06	9.93619047619048e-06	9.655297619047623e-06	9.555833333333336e-06	6.631488095238097e-06	5.548333333333334e-06	8.747738095238097e-06	9.979761904761909e-06	9.96994047619048e-06	9.952380952380954e-06	9.960952380952386e-06	9.959821428571436e-06	9.967916666666672e-06	9.994107142857147e-06	9.992083333333337e-06	9.978750000000005e-06	9.977738095238101e-06
6700	9.866186635944706e-06	9.958352534562215e-06	1.0000000000000004e-05	9.99124423963134e-06	9.91077188940093e-06	9.69268433179724e-06	7.844873271889403e-06	7.545276497695852e-06	9.473387096774194e-06	9.999827188940097e-06	1.0000000000000004e-05	1.0000000000000004e-05	1.0000000000000004e-05	1.0000000000000004e-05	1.0000000000000004e-05	9.997523041474657e-06	9.957949308755767e-06	9.937960829493093e-06	9.977534562211985e-06
6800	9.851612903225811e-06	9.95529953917051e-06	1.0000000000000004e-05	9.811520737327195e-06	7.4811059907834125e-06	7.183064516129034e-06	8.602764976958526e-06	8.853801843317973e-06	9.753110599078342e-06	9.982200460829497e-06	9.971774193548394e-06	9.959504608294935e-06	9.969412442396319e-06	9.89464285714286e-06	9.771370967741938e-06	9.849020737327193e-06	9.198847926267282e-06	8.246889400921659e-06	8.064516129032258e-06
6900	9.850057603686641e-06	9.947177419354842e-06	9.99907834101383e-06	9.797062211981571e-06	7.809158986175119e-06	7.851324884792629e-06	9.839343317972353e-06	1.0000000000000004e-05	1.0000000000000004e-05	9.979493087557607e-06	9.882315668202767e-06	9.820506912442397e-06	9.847465437788021e-06	9.814804147465438e-06	9.78951612903226e-06	9.731624423963139e-06	6.341993087557606e-06	1.81036866359447e-06	7.620967741935484e-07
7000	9.85375615763547e-06	9.946120689655175e-06	1.0000000000000003e-05	9.80381773399015e-06	7.886391625615765e-06	7.885591133004927e-06	9.746982758620691e-06	9.900677339901478e-06	9.95628078817734e-06	9.974876847290644e-06	9.88165024630542e-06	9.826169950738919e-06	9.848891625615765e-06	9.816748768472908e-06	9.791317733990148e-06	9.78509852216749e-06	6.57814039408867e-06	1.6966748768472906e-06	0.0
7100	9.860822510822515e-06	9.955519480519485e-06	1.0000000000000004e-05	9.77337662337663e-06	7.898863636363641e-06	7.99848484848485e-06	9.811525974025977e-06	9.901028138528143e-06	9.962337662337666e-06	9.992153679653686e-06	9.95432900432901e-06	9.934956709956715e-06	9.829924242424246e-06	9.425000000000004e-06	9.536417748917754e-06	9.905735930735937e-06	8.803517316017321e-06	7.49296536796537e-06	7.2496212121212116e-06
7200	9.993214285714289e-06	9.999166666666669e-06	1.0000000000000003e-05	9.994821428571436e-06	9.98517857142858e-06	9.985178571428576e-06	9.993273809523812e-06	9.993333333333336e-06	9.994880952380954e-06	1.0000000000000003e-05	1.0000000000000003e-05	1.0000000000000003e-05	1.0000000000000003e-05	1.0000000000000003e-05	1.0000000000000003e-05	1.0000000000000003e-05	9.998928571428574e-06	9.993511904761907e-06	9.991607142857143e-06
7300	9.854583333333334e-06	9.949821428571429e-06	9.983035714285717e-06	9.732083333333335e-06	8.192916666666667e-06	8.277321428571431e-06	9.781309523809527e-06	9.904166666666667e-06	9.95607142857143e-06	9.998095238095239e-06	9.994285714285718e-06	9.979166666666671e-06	9.82202380952381e-06	9.619166666666671e-06	9.780357142857144e-06	1.0000000000000003e-05	9.986547619047623e-06	9.927857142857146e-06	9.893690476190475e-06
7400	9.863961038961043e-06	9.953246753246756e-06	9.981547619047624e-06	9.733874458874464e-06	7.576190476190478e-06	7.616125541125545e-06	9.726461038961043e-06	9.892586580086583e-06	9.908279220779223e-06	9.89972943722944e-06	9.912229437229443e-06	9.891558441558447e-06	9.616233766233771e-06	8.929383116883123e-06	9.215422077922081e-06	9.973106060606064e-06	9.991720779220785e-06	9.927759740259743e-06	9.868398268398271e-06
7500	9.839861751152076e-06	9.946428571428576e-06	9.977880184331801e-06	9.668029953917052e-06	8.56808755760369e-06	8.723675115207374e-06	9.785599078341017e-06	9.843317972350233e-06	9.829032258064516e-06	9.877880184331799e-06	9.92592165898618e-06	9.904435483870971e-06	9.693778801843321e-06	9.231048387096776e-06	9.371082949308759e-06	9.883870967741937e-06	9.968433179723508e-06	9.927361751152078e-06	9.88508064516129e-06
7600	9.3465367965368e-06	9.806168831168835e-06	9.989393939393945e-06	9.769318181818186e-06	7.739610389610394e-06	7.742045454545458e-06	9.717099567099572e-06	9.839393939393943e-06	9.82662337662338e-06	9.86136363636364e-06	9.912012987012991e-06	9.894696969696972e-06	9.620400432900438e-06	8.919534632034633e-06	9.12835497835498e-06	9.8827380952381e-06	9.960822510822514e-06	9.924837662337667e-06	9.887878787878794e-06
7700	9.926440092165902e-06	9.902822580645164e-06	9.961866359447007e-06	8.847407834101389e-06	4.819815668202767e-06	5.428168202764976e-06	8.553801843317973e-06	7.156221198156683e-06	8.032949308755762e-06	9.91653225806452e-06	9.824423963133642e-06	9.827419354838712e-06	9.901728110599081e-06	9.866532258064515e-06	9.868721198156683e-06	9.902764976958529e-06	9.938133640552997e-06	9.984619815668208e-06	9.984447004608297e-06
7800	9.899827188940094e-06	9.907776497695856e-06	9.967511520737329e-06	9.531682027649772e-06	5.495910138248849e-06	4.754435483870968e-06	7.02332949308756e-06	5.957891705069126e-06	7.70345622119816e-06	9.92891705069125e-06	9.787960829493091e-06	9.752937788018436e-06	9.84124423963134e-06	9.830875576036866e-06	9.829781105990788e-06	9.876843317972351e-06	9.934792626728114e-06	9.921716589861753e-06	9.88709677419355e-06
7900	9.992684331797238e-06	9.983870967741943e-06	9.991186635944704e-06	9.870967741935488e-06	9.147062211981571e-06	9.218721198156683e-06	9.81146313364056e-06	9.47332949308756e-06	9.557603686635949e-06	9.93968894009217e-06	9.760541474654385e-06	9.59976958525346e-06	9.81514976958526e-06	9.967569124423967e-06	9.966474654377884e-06	9.971255760368669e-06	9.96947004608295e-06	9.96883640552996e-06	9.95933179723503e-06
8000	9.96624423963134e-06	9.962615207373275e-06	9.966417050691247e-06	9.769297235023045e-06	8.95841013824885e-06	9.102188940092167e-06	9.669527649769589e-06	9.277649769585255e-06	9.507834101382492e-06	9.955587557603691e-06	9.955760368663597e-06	9.955184331797238e-06	9.967972350230421e-06	9.957603686635947e-06	9.647983870967742e-06	9.511981566820279e-06	9.815841013824888e-06	9.69608294930876e-06	9.25120967741936e-06
8100	1.0000000000000004e-05	9.999135944700464e-06	9.978686635944707e-06	9.942281105990789e-06	9.960023041474659e-06	9.997292626728114e-06	1.0000000000000004e-05	1.0000000000000004e-05	1.0000000000000004e-05	9.943490783410143e-06	9.801497695852538e-06	9.785080645161292e-06	9.866301843317978e-06	9.83427419354839e-06	7.910311059907836e-06	7.081854838709678e-06	8.95420506912443e-06	9.247407834101386e-06	7.971543778801844e-06
8200	9.857261904761905e-06	9.854642857142857e-06	9.901964285714289e-06	9.976011904761906e-06	1.0000000000000003e-05	9.998392857142862e-06	8.503095238095242e-06	5.2068452380952385e-06	6.566904761904765e-06	9.864761904761906e-06	1.0000000000000003e-05	1.0000000000000003e-05	1.0000000000000003e-05	9.99761904761905e-06	9.905535714285718e-06	9.800892857142864e-06	9.891130952380957e-06	9.998154761904763e-06	1.0000000000000003e-05
8300	9.850806451612906e-06	9.867108294930878e-06	9.898559907834105e-06	9.962903225806455e-06	1.0000000000000004e-05	9.999423963133643e-06	9.886405529953923e-06	9.801843317972356e-06	9.913594470046087e-06	9.998732718894012e-06	1.0000000000000004e-05	1.0000000000000004e-05	9.999942396313369e-06	9.996370967741938e-06	9.880587557603693e-06	9.802246543778806e-06	9.916071428571433e-06	9.946428571428576e-06	9.85915898617512e-06
8400	9.721243842364536e-06	9.795566502463055e-06	9.897783251231528e-06	9.8259236453202e-06	9.682266009852222e-06	9.7573275862069e-06	9.72974137931035e-06	9.61613300492611e-06	9.815086206896554e-06	9.998953201970446e-06	1.0000000000000003e-05	1.0000000000000003e-05	1.0000000000000003e-05	9.980295566502467e-06	7.590270935960592e-06	6.797105911330051e-06	9.178448275862073e-06	9.945935960591136e-06	9.886884236453206e-06
8500	9.729262672811067e-06	9.704493087557609e-06	9.789400921658993e-06	9.943778801843322e-06	1.0000000000000004e-05	9.99873271889401e-06	9.673156682027655e-06	9.454493087557608e-06	9.778456221198159e-06	9.995852534562216e-06	9.969297235023045e-06	9.947753456221203e-06	9.938940092165902e-06	9.94781105990784e-06	9.171255760368666e-06	8.826036866359449e-06	9.62845622119816e-06	9.948329493087564e-06	9.898963133640559e-06
8600	9.626539408866997e-06	7.036576354679805e-06	5.193596059113298e-06	7.865455665024632e-06	9.925923645320198e-06	9.971428571428574e-06	8.104987684729063e-06	7.533128078817734e-06	9.401908866995075e-06	9.99236453201971e-06	9.907019704433503e-06	9.781403940886702e-06	9.731465517241382e-06	9.804741379310348e-06	8.249076354679805e-06	7.711761083743845e-06	9.402093596059115e-06	9.94371921182266e-06	9.857820197044338e-06
8700	2.1846861471861476e-06	6.123430735930735e-06	9.623809523809525e-06	9.874404761904766e-06	9.921266233766238e-06	9.96260822510823e-06	7.901082251082252e-06	7.156709956709957e-06	9.229004329004333e-06	9.993181818181823e-06	9.83928571428572e-06	9.620887445887451e-06	9.631114718614723e-06	9.788582251082255e-06	8.099404761904764e-06	7.640746753246754e-06	9.47218614718615e-06	9.932954545454551e-06	9.830194805194807e-06
8800	5.862499999999999e-06	7.925748847926266e-06	9.76468894009217e-06	9.93058755760369e-06	9.959447004608296e-06	9.980990783410142e-06	8.735829493087558e-06	8.313364055299541e-06	9.560944700460832e-06	9.998271889400923e-06	9.95817972350231e-06	9.881336405529958e-06	9.83427419354839e-06	9.833352534562217e-06	8.874827188940093e-06	8.652131336405531e-06	9.697004608294932e-06	9.967569124423969e-06	9.919988479262677e-06
8900	3.8030691964285717e-06	6.921372767857144e-06	9.735323660714289e-06	9.865401785714289e-06	9.836439732142858e-06	9.878013392857145e-06	7.654520089285717e-06	6.913225446428571e-06	9.207142857142862e-06	9.909654017857149e-06	8.856752232142862e-06	7.03984375e-06	7.556919642857146e-06	9.34436383928572e-06	8.133984375000002e-06	7.62310267857143e-06	9.376953125000005e-06	9.958537946428575e-06	9.891183035714287e-06
9000	2.5323214285714293e-06	6.1808928571428566e-06	9.511011904761906e-06	9.722380952380956e-06	9.730297619047623e-06	9.842202380952383e-06	8.283809523809528e-06	7.799345238095239e-06	9.420297619047626e-06	9.817738095238099e-06	8.80541666666667e-06	6.49011904761905e-06	4.320119047619048e-06	6.211488095238093e-06	7.981785714285716e-06	7.955535714285716e-06	9.41059523809524e-06	9.947976190476193e-06	9.876785714285716e-06
9100	2.583682266009853e-06	6.342610837438426e-06	9.463854679802956e-06	9.696921182266013e-06	9.720935960591135e-06	9.849199507389166e-06	7.776477832512315e-06	7.1717980295566515e-06	9.303386699507394e-06	9.811268472906407e-06	8.502216748768476e-06	5.869642857142857e-06	4.27795566502463e-06	6.595689655172412e-06	9.20689655172414e-06	9.533312807881778e-06	9.855849753694587e-06	9.974322660098526e-06	9.997105911330053e-06
9200	3.0176190476190484e-06	6.956607142857144e-06	9.583154761904765e-06	9.728273809523808e-06	9.841250000000003e-06	9.91369047619048e-06	9.334107142857143e-06	9.173154761904764e-06	9.762261904761905e-06	9.69636904761905e-06	8.314404761904764e-06	7.617797619047618e-06	7.617559523809523e-06	8.331726190476191e-06	7.913988095238094e-06	7.415059523809525e-06	9.216190476190477e-06	9.938095238095237e-06	9.991666666666668e-06
9300	1.0000000000000004e-05	1.0000000000000004e-05	9.99665178571429e-06	9.942522321428577e-06	9.903348214285719e-06	9.957477678571433e-06	1.0000000000000004e-05	9.98610491071429e-06	9.917968750000003e-06	9.913895089285719e-06	9.982031250000004e-06	1.0000000000000004e-05	1.0000000000000004e-05	9.97717633928572e-06	8.45479910714286e-06	8.06925223214286e-06	9.588950892857146e-06	9.993191964285722e-06	9.990290178571436e-06
9400	1.0000000000000003e-05	1.0000000000000003e-05	9.998154761904763e-06	9.943630952380957e-06	9.901845238095241e-06	9.956369047619049e-06	1.0000000000000003e-05	9.981547619047624e-06	9.85345238095238e-06	9.772559523809525e-06	9.846666666666668e-06	9.939821428571432e-06	9.993214285714289e-06	9.976845238095245e-06	8.405714285714288e-06	7.782023809523812e-06	9.350952380952383e-06	9.997202380952384e-06	1.0000000000000003e-05
9500	1.0000000000000004e-05	1.0000000000000004e-05	9.998106060606068e-06	9.93658008658009e-06	9.901893939393943e-06	9.963419913419917e-06	9.970833333333336e-06	9.88035714285715e-06	9.775649350649352e-06	9.76861471861472e-06	9.853679653679657e-06	9.95102813852814e-06	9.999837662337665e-06	9.97505411255412e-06	8.208116883116884e-06	7.478841991341994e-06	9.243398268398273e-06	9.994480519480522e-06	9.977922077922083e-06
9600	9.990357142857147e-06	9.99053571428572e-06	9.994226190476191e-06	9.93946428571429e-06	9.899642857142859e-06	9.957202380952383e-06	9.977321428571433e-06	9.897976190476194e-06	9.80714285714286e-06	9.311130952380956e-06	7.838988095238094e-06	6.741607142857141e-06	6.694047619047619e-06	8.01291666666667e-06	8.240714285714288e-06	8.135654761904762e-06	9.489761904761909e-06	9.876071428571432e-06	9.84404761904762e-06
9700	2.823979591836734e-07	7.714285714285714e-07	7.438775510204079e-07	4.029081632653062e-06	8.663010204081637e-06	8.621683673469389e-06	4.188520408163266e-06	3.3759566326530605e-06	7.720599489795918e-06	7.872895408163266e-06	3.4480229591836734e-06	1.0090561224489794e-06	1.0134566326530613e-06	4.176594387755103e-06	5.9578443877551054e-06	5.8669642857142875e-06	8.612627551020413e-06	9.465880102040818e-06	9.068112244897959e-06
9800	2.0156682027649767e-06	2.2116359447004608e-06	1.3002304147465436e-06	3.90028801843318e-06	8.451382488479265e-06	8.672811059907834e-06	4.092857142857143e-06	2.9847926267281107e-06	7.603225806451614e-06	8.316301843317976e-06	4.1000000000000006e-06	1.4526497695852528e-06	1.273099078341014e-06	2.8927995391705075e-06	3.072868663594469e-06	4.169815668202765e-06	8.379147465437787e-06	9.767338709677422e-06	9.704953917050694e-06
9900	1.0607142857142856e-06	1.8224999999999995e-06	1.090535714285714e-06	3.6680357142857157e-06	8.382083333333336e-06	8.548511904761907e-06	4.036190476190477e-06	3.2142857142857143e-06	7.256428571428573e-06	6.748928571428572e-06	2.963809523809523e-06	7.875000000000002e-07	4.91904761904762e-07	3.2500000000000002e-06	3.941190476190475e-06	4.199226190476192e-06	8.050357142857145e-06	9.750000000000003e-06	9.760416666666669e-06
10000	0.0	0.0	4.261520737327188e-07	4.321025345622121e-06	8.789228110599083e-06	8.851152073732722e-06	4.3843894009216595e-06	3.0166474654377883e-06	5.683122119815669e-06	3.5709677419354835e-06	6.977534562211982e-07	7.807603686635946e-07	9.667626728110598e-07	2.706509216589862e-06	3.0810483870967723e-06	4.487557603686637e-06	8.699423963133642e-06	9.935080645161295e-06	9.849654377880184e-06
