	site
generation	N_variants	50	100	150	200	250	300	350	400	450	500	550	600	650	700	750	800	850	900
0	1	nan	nan	nan	nan	nan	nan	nan	nan	nan	0.3333333333333333	0.3333333333333333	nan	nan	nan	nan	nan	nan	nan
100	6	0.3333333333333333	0.3333333333333333	nan	nan	nan	nan	nan	0.3333333333333333	0.3333333333333333	0.1903651903651903	0.1903651903651903	nan	nan	0.0	0.0	nan	nan	nan
200	12	0.25482625482625487	0.42857142857142855	nan	0.025641025641025664	0.025641025641025664	nan	nan	0.25000000000000017	0.25000000000000017	0.3333333333333333	0.3333333333333333	nan	nan	0.01010101010101011	0.13005050505050514	0.29166666666666674	0.2355769230769231	0.20299145299145305
300	15	0.3333333333333333	0.3333333333333333	nan	0.3333333333333333	0.3333333333333333	nan	nan	0.3333333333333333	0.3333333333333333	0.3333333333333333	0.3333333333333333	nan	0.2936259143155695	0.195750609543713	0.16666666666666666	0.3333333333333333	0.26315789473684204	0.25240520656479903
400	13	0.0	0.0	nan	nan	nan	0.2903225806451612	0.2903225806451612	0.2539184952978057	0.2539184952978057	0.3333333333333333	0.3333333333333333	nan	0.3333333333333333	0.16666666666666666	0.16666666666666666	0.3333333333333333	0.3333333333333333	0.2222222222222222
500	16	0.16666666666666666	0.0	nan	0.21212121212121204	0.21212121212121204	0.3333333333333333	0.3333333333333333	0.3333333333333333	0.3333333333333333	0.3333333333333333	0.3333333333333333	nan	0.3333333333333333	0.16666666666666666	0.16666666666666666	0.6666666666666666	0.7777777777777778	0.5555555555555555
600	17	0.12500000000000008	0.0	nan	nan	0.3333333333333333	0.3333333333333333	nan	0.0	0.08333333333333333	0.3333333333333333	0.1929824561403508	0.05263157894736832	0.3333333333333333	0.3333333333333333	0.16666666666666666	0.16666666666666666	0.2222222222222222	0.2222222222222222
700	19	0.1929824561403508	0.1929824561403508	nan	nan	0.8181818181818182	0.8181818181818182	nan	0.1303511303511305	0.14538239538239547	0.26190476190476186	0.23976608187134496	0.1929824561403508	0.3333333333333333	0.18315018315018314	0.07540607540607543	0.17171717171717177	0.22558922558922564	0.17797017797017797
800	20	0.07843137254901968	0.07843137254901968	nan	nan	0.45066666666666655	0.3313939393939393	0.2957157784743991	0.15748077248140627	0.08226102941176464	0.2058823529411765	0.3333333333333333	0.3333333333333333	0.3333333333333333	0.2058823529411765	0.06594079939668178	0.15090811965811965	0.1356882234075216	0.050720903146083705
900	23	0.4230769230769231	0.5555555555555555	0.3333333333333333	0.3333333333333333	1.0	1.0	nan	0.7777777777777778	0.7333333333333334	0.5555555555555555	0.3333333333333333	0.3333333333333333	0.3333333333333333	0.3333333333333333	0.3333333333333333	0.3333333333333333	0.3333333333333333	0.3333333333333333
1000	16	0.017543859649122775	0.017543859649122775	0.0	0.02631578947368416	0.05263157894736832	nan	nan	0.055555555555555525	0.055555555555555525	0.16666666666666666	0.2222222222222222	0.3333333333333333	0.3333333333333333	0.3333333333333333	0.3333333333333333	0.3333333333333333	0.3333333333333333	nan
1100	15	0.08185192720039268	0.08185192720039268	0.0230179028132992	0.0230179028132992	nan	nan	nan	0.02301790281329931	0.02301790281329931	0.1781756180733163	0.22989485649332198	0.3333333333333333	0.3333333333333333	0.1794871794871795	0.23076923076923075	0.3333333333333333	0.3333333333333333	nan
1200	19	0.1111111111111111	0.1111111111111111	0.0	0.0	nan	nan	nan	0.0	0.0	0.16666666666666666	0.2222222222222222	0.3333333333333333	0.3055555555555556	0.3055555555555556	0.25641025641025644	0.282051282051282	0.3333333333333333	0.11111111111111105
1300	17	0.49999999999999994	0.5555555555555555	0.3333333333333333	0.3333333333333333	nan	nan	nan	0.1794871794871795	0.1794871794871795	0.3333333333333333	0.27777777777777773	0.25925925925925924	0.5555555555555555	0.5555555555555555	0.3333333333333333	0.3333333333333333	0.3333333333333333	nan
1400	18	0.25925925925925924	0.3333333333333333	0.3333333333333333	0.3333333333333333	0.3333333333333333	0.3333333333333333	nan	0.16666666666666666	0.2222222222222222	0.3333333333333333	0.3333333333333333	0.3333333333333333	0.3333333333333333	0.3333333333333333	0.3333333333333333	0.3333333333333333	0.3333333333333333	0.08108108108108114
1500	23	0.3333333333333333	0.3333333333333333	0.3333333333333333	0.1929824561403508	0.1929824561403508	0.23976608187134496	0.05263157894736832	0.13617376775271506	0.1266299081035923	0.2302222222222222	0.2657777777777778	0.13066666666666674	0.11085714285714285	0.11085714285714285	0.13066666666666674	0.09104761904761904	0.051428571428571344	0.05263157894736832
1600	23	0.21530075187969921	0.2976190476190476	0.2976190476190476	0.2976190476190476	0.31182795698924726	0.31182795698924726	nan	0.16666666666666666	0.21031746031746032	0.3214285714285714	0.1737163092661814	0.013459899009771159	0.17094017094017103	0.2500000000000001	0.24999999999999992	0.25000000000000006	0.25000000000000017	nan
1700	24	0.17782600541221227	0.17782600541221227	0.2539184952978055	0.2539184952978055	0.27212053797148344	0.27212053797148344	nan	0.1451612903225806	0.18141369198098897	0.2777653381101657	0.2767857142857143	0.25000000000000017	0.282258064516129	0.27880184331797236	0.2701612903225807	0.2903225806451612	0.2701612903225807	0.25000000000000017
1800	28	0.26319272125723736	0.26319272125723736	0.20720720720720723	0.1466851466851467	0.23076923076923075	0.3333333333333333	0.025641025641025664	0.1204935415461731	0.22002016873511515	0.2421815485219267	0.2222222222222222	nan	0.25391849529780564	0.25391849529780564	0.26605319041359077	0.26301951663464457	0.2539184952978057	0.3333333333333333
1900	19	0.6666666666666666	0.6666666666666666	1.0	1.0	0.619047619047619	0.619047619047619	0.2903225806451612	0.44558407850955123	0.43648305717271235	0.29362591431556945	0.30686172065482403	nan	nan	nan	0.17647058823529416	0.17647058823529416	0.17647058823529416	0.5639097744360901
2000	23	0.17094017094017092	0.2	0.0	0.0	0.6666666666666666	0.452991452991453	0.1794871794871795	0.25	0.25	0.3333333333333333	0.3333333333333333	nan	0.08108108108108114	0.08108108108108114	0.2539184952978057	0.2539184952978057	0.2539184952978057	0.04040404040404044
2100	24	0.5238095238095238	0.5238095238095238	0.6666666666666666	0.6666666666666666	0.12500000000000008	0.1944444444444445	0.38095238095238093	0.46904761904761905	0.4166666666666667	0.31666666666666665	0.2777777777777778	0.11111111111111105	nan	0.17647058823529416	0.17647058823529416	nan	nan	nan
2200	22	1.0	1.0	1.0	0.6752136752136751	0.452991452991453	0.5555555555555555	0.3333333333333333	0.6666666666666666	0.6666666666666666	0.4666666666666666	0.3333333333333333	nan	nan	0.3333333333333333	0.3333333333333333	nan	nan	nan
2300	26	1.0	0.8376068376068376	0.6752136752136751	0.7777777777777778	0.5555555555555555	0.49999999999999994	0.3333333333333333	0.6	0.6666666666666666	0.4666666666666666	0.3333333333333333	nan	nan	0.17647058823529416	0.17647058823529416	nan	nan	0.5384615384615383
2400	27	0.9448621553884712	0.9448621553884712	0.3333333333333333	0.3333333333333333	0.3333333333333333	0.2952380952380952	0.45162907268170427	0.5677006135410211	0.4762533574078565	0.34844638477915213	0.2807646356033452	nan	nan	0.2903225806451612	0.2903225806451612	nan	nan	0.6464646464646464
2500	32	1.0	1.0	0.3333333333333333	0.3333333333333333	0.3333333333333333	0.3333333333333333	0.6	0.7777777777777778	0.5518018018018018	0.3925353925353926	0.3333333333333333	nan	0.42857142857142855	0.42857142857142855	0.3333333333333333	0.3333333333333333	nan	0.6250000000000001
2600	32	1.0	1.0	0.3333333333333333	0.3333333333333333	0.3333333333333333	0.3333333333333333	0.6	0.7777777777777778	0.5518018018018018	0.3925353925353926	0.3333333333333333	nan	0.3333333333333333	0.3333333333333333	0.3333333333333333	0.3333333333333333	nan	0.4619883040935672
2700	32	0.8181818181818181	0.8181818181818181	0.25237191650853885	0.2317320816272179	0.20736408047455404	0.23673859202224048	0.4019047619047619	0.4075187969924812	0.2982456140350877	0.24444444444444444	0.24444444444444444	nan	nan	nan	0.07122507122507109	0.07122507122507109	nan	nan
2800	15	nan	nan	nan	nan	0.0	0.02222222222222221	0.037037037037037014	0.3333333333333333	0.3333333333333333	0.3333333333333333	0.3333333333333333	nan	nan	nan	0.0025062656641603475	0.0025062656641603475	nan	nan
2900	17	nan	nan	0.7391304347826086	0.7391304347826086	0.7391304347826086	0.5283267457180502	0.3877909530083445	0.3333333333333333	0.309090909090909	0.3131313131313131	0.3333333333333333	nan	nan	nan	0.6	0.6	nan	nan
3000	23	0.28104575163398693	0.2549019607843137	0.0	0.0	0.0	0.12523243592853098	0.2087207265475516	0.3333333333333333	0.32473118279569885	0.32104454685099837	0.3225806451612903	nan	0.2903225806451612	0.2903225806451612	0.1253196930946292	0.1253196930946292	nan	nan
3100	19	0.8181818181818182	0.8181818181818182	0.8181818181818182	0.4354066985645933	0.21109224674589688	0.2903225806451612	0.2903225806451612	0.31182795698924726	0.32258064516129026	0.3333333333333333	0.3333333333333333	0.2539184952978057	0.2539184952978057	nan	0.6117216117216117	0.6117216117216117	nan	nan
3200	23	0.3333333333333333	0.3333333333333333	0.3333333333333333	0.3333333333333333	0.3333333333333333	0.3333333333333333	0.3333333333333333	0.3333333333333333	0.3333333333333333	0.28205128205128205	0.2564102564102564	0.0	0.012820512820512832	0.025641025641025664	0.3333333333333333	0.3333333333333333	0.1929824561403508	0.05263157894736832
3300	24	0.3333333333333333	0.3333333333333333	0.3333333333333333	0.3333333333333333	0.29761904761904756	0.28571428571428564	0.26190476190476186	0.3333333333333333	0.3333333333333333	0.3333333333333333	0.3333333333333333	0.19047619047619038	0.19047619047619038	nan	0.3843700159489633	0.4711323763955343	0.8181818181818182	0.19047619047619038
3400	26	1.0	1.0	0.3333333333333333	0.3333333333333333	0.3333333333333333	0.3333333333333333	0.3333333333333333	0.23076923076923075	0.2717948717948718	0.3333333333333333	0.3333333333333333	0.3333333333333333	0.3333333333333333	nan	0.7777777777777777	0.5495495495495495	0.20720720720720723	0.3333333333333333
3500	29	0.5340909090909092	0.8181818181818182	0.22222222222222218	0.15669515669515668	0.2432234432234432	0.28571428571428564	0.28571428571428564	0.3333333333333333	0.2976190476190476	0.30476190476190473	0.3333333333333333	0.3333333333333333	0.3333333333333333	nan	0.11278195488721793	0.18511953865855854	0.2936259143155695	0.31182795698924726
3600	34	0.3333333333333333	0.3333333333333333	0.3333333333333333	0.3333333333333333	0.25	0.2222222222222222	0.2222222222222222	0.3333333333333333	0.17521367521367523	0.1978021978021978	0.3333333333333333	0.3333333333333333	0.3333333333333333	0.025641025641025664	0.5897435897435898	0.6	0.3333333333333333	0.3233222098628105
3700	34	0.3333333333333333	0.1794871794871795	0.24501424501424499	0.28888888888888886	0.25	0.2222222222222222	0.2222222222222222	0.2564102564102564	0.20512820512820512	0.26666666666666666	0.3333333333333333	0.23076923076923075	0.23076923076923075	0.025641025641025664	0.23076923076923075	0.3068617206548241	0.2539184952978057	0.1331707883432022
3800	32	0.25000000000000017	0.25000000000000017	0.223758320532514	0.18808901066965578	0.1885664466309628	0.283927945824623	0.32905516479370467	0.19047619047619038	0.22069597069597066	0.23137973137973133	0.242063492063492	0.8181818181818182	0.5757575757575758	0.3333333333333333	0.19047619047619038	0.17818579887545397	0.15360501567398113	0.46365914786967416
3900	34	0.03948717948717952	0.043868645973909125	0.1033041852279602	0.09331001484903484	0.11574371260338123	0.14643661307176326	0.11770901450545498	0.0035842293906809273	0.22341696535244918	0.22341696535244918	0.22341696535244918	0.2030075187969924	0.26817042606516284	0.3333333333333333	0.0035842293906809273	0.0035842293906809277	0.0035842293906809273	0.12475759534583057
4000	25	0.3333333333333333	0.3333333333333333	0.0	0.0	0.3333333333333333	0.3333333333333333	0.3333333333333333	0.3333333333333333	0.3333333333333333	0.3333333333333333	0.3333333333333333	nan	nan	0.3333333333333333	0.3333333333333333	0.3333333333333333	0.3333333333333333	0.3333333333333333
4100	30	0.1929824561403508	0.3333333333333333	0.0	0.08333333333333333	0.3333333333333333	0.3333333333333333	0.3333333333333333	0.3333333333333333	0.25	0.2857142857142857	0.3333333333333333	nan	nan	0.3333333333333333	0.3333333333333333	0.3333333333333333	0.3333333333333333	0.3333333333333333
4200	18	nan	nan	0.0	0.0	0.0	0.1111111111111111	0.16666666666666666	0.23076923076923075	0.22649572649572647	0.29166666666666663	0.3333333333333333	nan	nan	nan	nan	nan	nan	nan
4300	21	nan	nan	0.0	0.0	0.16666666666666666	0.16666666666666666	0.2	0.3333333333333333	0.26666666666666666	0.29166666666666663	0.3333333333333333	nan	0.08108108108108114	0.08108108108108114	nan	nan	0.05263157894736832	0.05263157894736832
4400	24	nan	nan	0.09090909090909104	0.13688610240334384	0.23197492163009403	0.1989942528735632	0.22586206896551722	0.3448275862068965	0.2710270299404424	0.28660360578866517	0.3333333333333333	nan	nan	nan	nan	nan	0.25000000000000017	0.25000000000000017
4500	25	0.11888111888111885	0.21212121212121204	0.0	0.11538461538461538	0.23076923076923075	0.3333333333333333	0.3333333333333333	0.3333333333333333	0.42857142857142855	0.3843137254901961	0.30196078431372547	nan	nan	nan	nan	nan	nan	nan
4600	29	nan	nan	0.3333333333333333	0.3333333333333333	0.3333333333333333	0.3333333333333333	0.3261648745519713	0.2742807323452484	0.29187494704736083	0.32450946244049694	0.3333333333333333	nan	0.18518518518518523	0.18518518518518523	0.025641025641025664	0.1794871794871795	0.12820512820512822	0.025641025641025664
4700	27	nan	nan	0.2903225806451612	0.30752688172043	0.3333333333333333	0.3333333333333333	0.3279967159277504	0.3258620689655172	0.3333333333333333	0.3333333333333333	0.3425287356321839	0.3793103448275862	0.3333333333333333	0.3333333333333333	0.3793103448275862	0.33481646273637367	0.2903225806451612	nan
4800	29	nan	nan	0.3333333333333333	0.3333333333333333	0.3333333333333333	0.3333333333333333	0.3333333333333333	0.3333333333333333	0.3333333333333333	0.30536130536130535	0.30298273155416006	0.42857142857142855	0.3333333333333333	0.3333333333333333	nan	1.0	0.5128205128205129	0.3461538461538462
4900	28	nan	nan	0.3333333333333333	0.3333333333333333	0.3333333333333333	0.3333333333333333	0.3333333333333333	0.3333333333333333	0.3333333333333333	0.33333333333333337	0.3333333333333333	0.3333333333333333	0.3333333333333333	0.3333333333333333	0.3333333333333333	0.6666666666666666	1.0	0.3333333333333333
5000	30	0.025641025641025664	0.025641025641025664	nan	0.3333333333333333	0.3333333333333333	0.3333333333333333	0.4444444444444444	0.49999999999999994	0.32198835647111507	0.2933759305645133	0.35974733070921816	0.619047619047619	0.2936259143155695	0.2936259143155695	nan	0.9047619047619047	0.46520146520146516	0.1794871794871795
5100	34	nan	nan	nan	0.3333333333333333	0.3333333333333333	0.3333333333333333	0.41414141414141414	0.45454545454545453	0.32142857142857145	0.33420745920745915	0.4515022015022015	0.5930735930735931	0.24404761904761912	0.2708333333333335	0.25000000000000017	0.1378205128205128	0.1378205128205128	0.29166666666666674
5200	39	nan	nan	0.3333333333333333	0.3333333333333333	0.3333333333333333	0.3333333333333333	0.4444444444444444	0.49999999999999994	0.3333333333333333	0.39682539682539675	0.5449735449735449	0.7460317460317459	0.3356374807987711	0.3075268817204301	0.31182795698924726	0.26642771804062126	0.26642771804062126	0.3189964157706093
5300	41	0.3333333333333333	0.3333333333333333	1.0	1.0	0.7777777777777778	0.3333333333333333	0.4444444444444444	0.49999999999999994	0.3333333333333333	0.36324786324786323	0.5213675213675213	1.0	0.3333333333333333	0.3333333333333333	0.3333333333333333	0.5	0.41621621621621624	0.2702702702702703
5400	50	0.18260283777525155	0.2903225806451612	0.37062869320933833	0.5363055363055363	0.5897435897435898	0.3333333333333333	0.3884711779448621	0.41052631578947363	0.3333333333333333	0.3939393939393939	0.5833333333333333	1.0	0.3333333333333333	0.3333333333333333	0.4444444444444444	0.4798534798534798	0.4230769230769231	0.3333333333333333
5500	44	0.3333333333333333	0.3333333333333333	0.2222222222222222	0.0	0.16666666666666666	0.3333333333333333	0.4444444444444444	0.49999999999999994	0.3333333333333333	0.3939393939393939	0.5213675213675214	0.6752136752136751	0.3333333333333333	0.2222222222222222	0.2222222222222222	0.27777777777777773	0.2222222222222222	0.3333333333333333
5600	47	0.3333333333333333	0.3333333333333333	0.4230769230769231	0.6717948717948719	0.5555555555555556	0.3333333333333333	0.27777777777777773	0.25	0.3333333333333333	0.30303030303030304	0.20833333333333331	0.0	0.3333333333333333	0.5555555555555556	0.5555555555555556	0.24175824175824176	0.17307692307692307	0.3333333333333333
5700	46	0.31182795698924726	0.5555555555555555	0.6828828828828829	0.7357357357357358	0.7333333333333333	0.4444444444444444	0.3333333333333333	0.3333333333333333	0.42857142857142855	0.4545454545454545	0.41666666666666663	0.3333333333333333	0.7777777777777777	0.8888888888888888	0.8888888888888888	0.6666666666666666	0.5555555555555555	0.3333333333333333
5800	49	nan	0.48148148148148157	0.48148148148148157	0.41798941798941797	0.3504273504273504	0.31054131054131057	0.3333333333333333	0.2771929824561403	0.31015037593984957	0.29118940602194193	0.18267259056732743	0.010101010101010222	0.043692359481833185	0.06798527851159414	0.06798527851159414	0.04442690908856312	0.03979030294819754	0.05263157894736832
5900	49	nan	1.0	1.0	0.7142857142857143	0.619047619047619	0.42857142857142855	0.3333333333333333	0.3333333333333333	0.41666666666666663	0.4242424242424242	0.375	0.3333333333333333	0.25	0.24967824967824967	0.24967824967824967	0.1288888888888889	0.03555555555555558	nan
6000	53	0.025641025641025664	0.4178205128205128	0.8099999999999999	0.5814285714285715	0.4890476190476191	0.31833333333333336	0.2859259259259259	0.29777777777777775	0.345	0.3393939393939394	0.24999999999999997	0.20533333333333328	0.17777777777777778	0.10666666666666669	0.10666666666666669	0.12598162071846283	0.15862990810359232	nan
6100	42	nan	1.0	1.0	0.8095238095238095	0.619047619047619	0.3333333333333333	0.41666666666666663	0.4444444444444444	0.3333333333333333	0.33333333333333337	0.3333333333333333	nan	0.3333333333333333	0.3333333333333333	0.3333333333333333	0.3333333333333333	0.3333333333333333	0.025641025641025664
6200	45	0.3333333333333333	1.0	1.0	0.8095238095238095	0.5833333333333333	0.3333333333333333	0.41666666666666663	0.4444444444444444	0.3333333333333333	0.30536130536130535	0.2454212454212454	0.025641025641025664	0.3333333333333333	0.3333333333333333	0.3333333333333333	0.3333333333333333	0.3333333333333333	nan
6300	50	0.3333333333333333	1.0	0.6888888888888889	0.6790123456790123	0.5833333333333333	0.3333333333333333	0.40476190476190477	0.42140296979006653	0.32795698924731176	0.32942326490713586	0.3261648745519713	nan	0.2903225806451612	0.2903225806451612	0.24884792626728106	0.18465674110835395	0.15157154673283701	nan
6400	51	0.42857142857142855	1.0	0.7166666666666667	0.6944444444444444	0.5833333333333333	0.34523809523809523	0.42857142857142855	0.4444444444444444	0.3333333333333333	0.34065934065934067	0.3469387755102041	nan	0.3333333333333333	0.3333333333333333	0.23809523809523805	0.17006802721088432	0.19047619047619047	nan
6500	54	1.0	1.0	0.7333333333333334	0.7037037037037037	0.5833333333333333	0.41666666666666663	0.5	0.4444444444444444	0.30256410256410254	0.358974358974359	0.42857142857142855	nan	0.21212121212121204	0.20003453336786672	0.20176120176120182	0.1946190010706141	0.18149234278266552	nan
6600	56	0.6666666666666666	0.0	0.16666666666666666	0.16666666666666666	0.2222222222222222	0.4074074074074074	0.5	0.4444444444444444	0.3333333333333333	0.38461538461538464	0.41129032258064513	0.2903225806451612	0.3333333333333333	0.34099616858237547	0.33990147783251234	0.2857142857142857	0.25	nan
6700	58	0.6666666666666666	0.0	0.15037593984962402	0.1562998405103668	0.2222222222222222	0.4074074074074074	0.41684981684981687	0.35439560439560436	0.3333333333333333	0.3076923076923077	0.2962962962962963	0.3333333333333333	0.3333333333333333	0.3333333333333333	0.3333333333333333	0.3333333333333333	0.3333333333333333	nan
6800	59	0.5555555555555555	0.0	0.15343086032741204	0.16737912035717678	0.2174503657262278	0.2877508993661444	0.2506265664160401	0.23982767979857472	0.3009620826259196	0.3711805435943367	0.379177655039724	0.2936259143155695	0.3333333333333333	0.3333333333333333	0.3333333333333333	0.3333333333333333	0.3333333333333333	nan
6900	66	0.35438596491228064	0.18315018315018314	0.2974168688454403	0.31421356421356417	0.2943722943722944	0.31746031746031744	0.29761904761904767	0.3420889887055301	0.35189212701174427	0.38095238095238093	0.4074074074074074	0.3333333333333333	0.8181818181818182	0.8181818181818182	0.8181818181818182	0.623420439209913	0.5065636118267698	nan
7000	65	0.494949494949495	0.29166666666666674	0.3585858585858586	0.30469530469530476	0.27579365079365087	0.2969298245614035	0.3021442495126705	0.4141414141414142	0.3734848484848485	0.35454545454545455	0.36515151515151517	0.29166666666666674	0.8181818181818182	0.8181818181818182	0.8181818181818182	0.7088174982911825	0.6267942583732058	0.21212121212121204
7100	70	0.4230769230769231	0.3333333333333333	0.24175824175824176	0.2840236686390533	0.33333333333333337	0.3290322580645161	0.3285543608124253	0.27992793042514114	0.30601159926140903	0.30024006558305066	0.2821891922647148	0.2550917523694293	0.015037593984962256	0.0025062656641602734	0.002506265664160292	0.04362288209001758	0.12623494219419512	0.3333333333333333
7200	69	0.2222222222222222	0.3333333333333333	0.4444444444444445	0.38888888888888884	0.3076923076923077	0.30536130536130535	0.3052631578947368	0.381578947368421	0.38888888888888884	0.375	0.3684210526315789	0.26315789473684204	0.7333333333333333	0.9047619047619049	1.0	1.0	0.75	0.0
7300	52	0.20512820512820512	0.2828828828828829	0.38513513513513514	0.38888888888888884	0.33333333333333337	0.3290322580645161	0.3285543608124253	0.42242703533026116	0.38913607712272896	0.3335452089623391	0.3261648745519713	nan	nan	nan	nan	nan	0.0	0.0
7400	50	0.4230769230769231	0.4230769230769231	0.42857142857142855	0.38888888888888884	0.33333333333333337	0.3333333333333333	0.33333333333333337	0.3724747474747475	0.3697035287944379	0.34002109002109004	0.3333333333333333	nan	nan	nan	nan	0.025641025641025664	0.29477540003855796	0.5639097744360902
7500	57	0.2222222222222222	0.2222222222222222	0.24024024024024027	0.27348777348777353	0.33333333333333337	0.3333333333333333	0.33333333333333337	0.2962962962962963	0.26495726495726496	0.29365079365079366	0.3333333333333333	0.3333333333333333	0.3333333333333333	0.3333333333333333	nan	nan	0.19047619047619063	0.15174299384825699
7600	51	0.4230769230769231	0.6666666666666666	0.8095238095238094	0.7777777777777777	0.6969696969696969	0.4074074074074074	0.3333333333333333	0.3333333333333333	0.3711805435943367	0.36847717143283637	0.3333333333333333	0.3333333333333333	0.2539184952978057	0.2539184952978057	nan	nan	nan	0.11111111111111105
7700	57	0.5555555555555555	0.6666666666666666	0.7685185185185186	0.7048175995544416	0.6432748538011694	0.4148148148148148	0.3497942386831276	0.3333333333333333	0.37529137529137524	0.3696969696969696	0.3333333333333333	0.3333333333333333	0.3333333333333333	0.3333333333333333	0.025641025641025664	0.025641025641025664	nan	0.3333333333333333
7800	56	0.6666666666666667	0.6666666666666666	0.8095238095238094	0.7777777777777777	0.6410256410256409	0.36923076923076925	0.3333333333333333	0.3333333333333333	0.4285714285714285	0.41666666666666663	0.3333333333333333	0.3333333333333333	0.25925925925925924	0.25925925925925924	nan	nan	nan	0.48148148148148157
7900	59	0.6666666666666667	0.6666666666666666	0.8095238095238094	0.7435897435897435	0.641025641025641	0.4	0.3333333333333333	0.3333333333333333	0.4285714285714285	0.41666666666666663	0.3333333333333333	0.3333333333333333	0.008547008547008555	0.008547008547008555	nan	nan	nan	0.0
8000	61	0.6666666666666667	0.3333333333333333	0.2857142857142857	0.28205128205128205	0.3076923076923077	0.33333333333333337	0.3333333333333333	0.29166666666666663	0.2863570548992544	0.3130624230368476	0.29914529914529914	0.1794871794871795	0.023892277089208092	0.02301790281329931	nan	nan	0.17647058823529416	0.09974424552429673
8100	56	0.3333333333333333	0.3333333333333333	0.2857142857142857	0.2857142857142857	0.3076923076923077	0.33333333333333337	0.33333333333333337	0.3333333333333333	0.3333333333333333	0.33333333333333326	0.3333333333333333	0.239766081871345	0.05263157894736832	nan	nan	nan	0.13960113960113965	0.13960113960113965
8200	56	0.23856209150326796	0.27777777777777773	0.2857142857142857	0.2740740740740741	0.29365079365079366	0.33333333333333337	0.33333333333333337	0.3333333333333333	0.3333333333333333	0.33333333333333326	0.3333333333333333	nan	0.17647058823529416	0.17647058823529416	nan	nan	nan	nan
8300	57	0.2863883847549909	0.3333333333333333	0.2857142857142857	0.28888888888888886	0.3095238095238095	0.33333333333333337	0.33333333333333337	0.3333333333333333	0.3333333333333333	0.33333333333333326	0.3333333333333333	nan	nan	nan	0.3333333333333333	0.3333333333333333	nan	nan
8400	62	0.2717948717948718	0.282051282051282	0.2857142857142857	0.28888888888888886	0.3095238095238095	0.30536130536130535	0.30536130536130535	0.33333333333333337	0.3333333333333333	0.3333333333333333	0.3333333333333333	0.3333333333333333	nan	nan	0.3333333333333333	0.3333333333333333	nan	nan
8500	67	0.3333333333333333	0.3333333333333333	0.2857142857142857	0.28888888888888886	0.3095238095238095	0.33333333333333337	0.3333333333333333	0.3333333333333333	0.3333333333333333	0.3333333333333333	0.3333333333333333	0.3333333333333333	0.3333333333333333	0.3333333333333333	0.3333333333333333	0.3333333333333333	nan	0.3333333333333333
8600	69	0.3333333333333333	0.3161290322580645	0.25535035746047136	0.263416606031207	0.27356107390063245	0.3115237253168288	0.3371647509578544	0.4545454545454545	0.41666666666666663	0.3333333333333333	0.3285543608124253	0.3189964157706093	0.3333333333333333	0.3793103448275862	0.2537089851064442	0.1909083052458732	nan	0.2903225806451612
8700	71	0.3333333333333333	0.5555555555555556	0.75	0.6891025641025641	0.5465587044534413	0.3078149920255183	0.3076923076923077	0.4188034188034187	0.41666666666666663	0.3333333333333333	0.4074074074074074	0.5555555555555555	0.3333333333333333	0.3333333333333333	0.5128205128205129	0.5128205128205129	nan	0.3333333333333333
8800	70	0.6666666666666666	0.6666666666666666	0.75	0.7333333333333333	0.619047619047619	0.31040131040131047	0.3123123123123124	0.4545454545454545	0.41666666666666663	0.3209876543209876	0.37777777777777777	0.49999999999999994	0.3333333333333333	0.3333333333333333	0.3793103448275862	0.20247568523430592	0.025641025641025664	nan
8900	69	0.6666666666666666	0.6666666666666666	0.75	0.7083333333333333	0.6	0.33333333333333337	0.33333333333333337	0.4545454545454545	0.41666666666666663	0.3333333333333333	0.4074074074074074	0.6666666666666666	0.7777777777777777	1.0	0.3333333333333333	0.3333333333333333	0.05263157894736832	0.05263157894736832
9000	69	0.6	0.5833333333333333	0.6666666666666666	0.7083333333333333	0.6	0.33333333333333337	0.33333333333333337	0.33333333333333337	0.3333333333333333	0.3333333333333333	0.3333333333333333	0.2222222222222222	0.2222222222222222	0.1794871794871795	0.012820512820512832	0.16666666666666666	0.3333333333333333	0.3333333333333333
9100	73	0.6	0.5833333333333333	0.6363636363636362	0.6862745098039216	0.6	0.33333333333333337	0.33333333333333337	0.341991341991342	0.33968253968253964	0.3277777777777777	0.32291666666666663	0.3333333333333333	0.3333333333333333	0.3333333333333333	0.3333333333333333	0.6666666666666666	0.6666666666666666	0.1794871794871795
9200	77	0.5555555555555556	0.5833333333333333	0.6363636363636362	0.6862745098039216	0.6	0.33333333333333337	0.33333333333333337	0.33333333333333337	0.33333333333333326	0.33333333333333326	0.3333333333333333	0.2717948717948718	0.2564102564102564	0.3333333333333333	0.3333333333333333	0.12865497076023388	0.15899122807017546	0.29166666666666674
9300	76	0.46153846153846156	0.5025641025641026	0.6363636363636362	0.6862745098039216	0.5833333333333333	0.33333333333333337	0.33333333333333337	0.33333333333333337	0.33333333333333326	0.33333333333333326	0.3333333333333333	0.3333333333333333	0.3333333333333333	0.3333333333333333	0.19298245614035137	0.19298245614035137	0.19214703425229743	0.12155388471177947
9400	70	0.48484848484848486	0.5212121212121212	0.6363636363636362	0.6862745098039216	0.5833333333333333	0.33333333333333337	0.33333333333333337	0.33333333333333337	0.3777777777777777	0.41666666666666663	0.5555555555555556	1.0	nan	nan	nan	nan	0.11111111111111105	0.11111111111111105
9500	72	0.48148148148148145	0.5151515151515151	0.6363636363636362	0.6495726495726495	0.55052790346908	0.33333333333333337	0.33333333333333337	0.33333333333333337	0.3777777777777777	0.41666666666666663	0.48148148148148145	0.6666666666666666	nan	nan	0.025641025641025664	0.025641025641025664	nan	nan
9600	76	0.48148148148148145	0.5286195286195287	0.6632996632996633	0.668163112607557	0.5614973262032086	0.32323232323232326	0.32231404958677684	0.30536130536130535	0.3557692307692307	0.41666666666666663	0.48148148148148145	0.5151515151515151	0.11888111888111885	0.025641025641025664	nan	nan	0.3333333333333333	0.3333333333333333
9700	76	0.4666666666666666	0.5757575757575757	0.7575757575757575	0.7254901960784313	0.5833333333333333	0.33333333333333337	0.33333333333333337	0.33333333333333337	0.375	0.4117647058823529	0.4767025089605734	0.6451612903225806	nan	nan	nan	0.05263157894736832	0.17147707979626475	0.2903225806451612
9800	77	0.28115481568166995	0.3360540027206694	0.3993989339257882	0.36571775626988506	0.3307047456663825	0.3051228396496939	0.33333333333333337	0.33333333333333337	0.34259259259259256	0.35076252723311546	0.33193141991095954	0.27927757254270474	nan	nan	nan	nan	0.0230179028132992	0.0230179028132992
9900	80	0.4666666666666666	0.5299145299145299	0.6965811965811964	0.7254901960784313	0.5833333333333333	0.33333333333333337	0.3333333333333333	0.3333333333333333	0.375	0.4117647058823529	0.4316134316134315	0.4369369369369369	nan	nan	nan	nan	0.3333333333333333	0.1794871794871795
10000	82	0.4666666666666666	0.5555555555555555	0.6686390532544378	0.6866096866096867	0.5833333333333333	0.33333333333333337	0.31392931392931395	0.31392931392931395	0.375	0.4117647058823529	0.4666666666666666	0.5555555555555555	0.1929824561403508	0.1929824561403508	nan	nan	0.49494949494949503	0.49494949494949503
