	site
generation	50	100	150	200	250	300	350	400	450	500	550	600	650	700	750	800	850	900	950
0	1.0000000000000004e-05	1.0000000000000004e-05	1.0000000000000004e-05	1.0000000000000004e-05	1.0000000000000004e-05	1.0000000000000004e-05	1.0000000000000004e-05	1.0000000000000004e-05	1.0000000000000004e-05	1.0000000000000004e-05	1.0000000000000004e-05	1.0000000000000004e-05	1.0000000000000004e-05	1.0000000000000004e-05	1.0000000000000004e-05	1.0000000000000004e-05	1.0000000000000004e-05	1.0000000000000004e-05	1.0000000000000004e-05
100	9.993988095238101e-06	9.983333333333337e-06	9.98934523809524e-06	1.0000000000000003e-05	1.0000000000000003e-05	1.0000000000000003e-05	1.0000000000000003e-05	1.0000000000000003e-05	1.0000000000000003e-05	1.0000000000000003e-05	1.0000000000000003e-05	1.0000000000000003e-05	9.99982142857143e-06	9.993988095238098e-06	9.993511904761907e-06	9.99934523809524e-06	1.0000000000000003e-05	1.0000000000000003e-05	1.0000000000000003e-05
200	9.993894009216594e-06	9.987096774193554e-06	9.993202764976962e-06	1.0000000000000004e-05	1.0000000000000004e-05	1.0000000000000004e-05	1.0000000000000004e-05	1.0000000000000004e-05	9.99735023041475e-06	9.988940092165904e-06	9.989746543778806e-06	9.998156682027653e-06	1.0000000000000004e-05	1.0000000000000004e-05	1.0000000000000004e-05	1.0000000000000004e-05	1.0000000000000004e-05	1.0000000000000004e-05	1.0000000000000004e-05
300	9.996049783549789e-06	9.985443722943727e-06	9.981331168831175e-06	9.990313852813858e-06	9.998214285714291e-06	9.996969696969701e-06	9.992207792207796e-06	9.99063852813853e-06	9.992803030303036e-06	9.997240259740264e-06	9.990205627705633e-06	9.877543290043296e-06	9.809794372294376e-06	9.922456709956713e-06	1.0000000000000004e-05	1.0000000000000004e-05	1.0000000000000004e-05	9.995833333333337e-06	9.99042207792208e-06
400	9.972265625000005e-06	9.904185267857147e-06	9.927734375000003e-06	9.995814732142859e-06	1.0000000000000004e-05	9.99776785714286e-06	9.93297991071429e-06	9.864620535714289e-06	9.871819196428575e-06	9.93761160714286e-06	9.970312500000006e-06	9.840178571428576e-06	9.824888392857149e-06	9.959821428571432e-06	1.0000000000000004e-05	1.0000000000000004e-05	1.0000000000000004e-05	1.0000000000000004e-05	1.0000000000000004e-05
500	9.96976190476191e-06	9.911011904761909e-06	9.936904761904766e-06	9.995654761904766e-06	1.0000000000000003e-05	9.997202380952384e-06	9.939226190476196e-06	9.880535714285717e-06	9.874166666666668e-06	9.918869047619053e-06	9.884880952380955e-06	9.237142857142861e-06	9.175059523809527e-06	9.839404761904764e-06	9.952797619047622e-06	9.900416666666671e-06	9.947202380952383e-06	9.993273809523814e-06	9.981607142857148e-06
600	1.0000000000000004e-05	9.997209821428579e-06	9.994419642857149e-06	9.996540178571434e-06	9.999330357142861e-06	9.999274553571433e-06	9.973214285714292e-06	9.883593750000006e-06	9.832366071428574e-06	9.906138392857148e-06	9.923381696428577e-06	9.894810267857149e-06	9.868526785714289e-06	9.865234375000002e-06	9.895926339285719e-06	9.877734375000002e-06	9.882700892857148e-06	9.923214285714293e-06	9.973883928571432e-06
700	9.99591013824885e-06	9.99637096774194e-06	9.997580645161293e-06	1.0000000000000004e-05	1.0000000000000004e-05	1.0000000000000004e-05	9.988536866359452e-06	9.890898617511527e-06	9.813594470046086e-06	9.890783410138253e-06	9.910599078341015e-06	9.909101382488484e-06	9.910483870967747e-06	9.89861751152074e-06	9.91140552995392e-06	9.896947004608298e-06	9.891186635944704e-06	9.903974654377884e-06	9.964516129032262e-06
800	9.942207792207796e-06	9.836796536796542e-06	9.862067099567105e-06	9.972889610389613e-06	1.0000000000000004e-05	9.99632034632035e-06	9.862012987012993e-06	9.583712121212125e-06	9.518939393939394e-06	9.724567099567105e-06	9.789880952380957e-06	9.737500000000006e-06	9.794426406926412e-06	9.861255411255413e-06	9.917748917748922e-06	9.901298701298707e-06	9.901839826839832e-06	9.980194805194809e-06	1.0000000000000004e-05
900	1e-05	1e-05	1e-05	9.983737244897959e-06	9.911926020408166e-06	9.91626275510204e-06	9.972193877551024e-06	8.327168367346939e-06	7.257334183673469e-06	8.847576530612247e-06	9.897831632653064e-06	9.964540816326533e-06	1e-05	1e-05	1e-05	1e-05	1e-05	9.99827806122449e-06	9.988711734693876e-06
1000	9.999166666666667e-06	9.991726190476196e-06	9.986904761904766e-06	9.93851190476191e-06	9.816428571428575e-06	9.854285714285716e-06	9.888333333333335e-06	9.515119047619047e-06	9.443392857142858e-06	9.753154761904765e-06	9.785654761904761e-06	9.717559523809526e-06	9.767678571428575e-06	9.863928571428576e-06	9.945773809523811e-06	9.999047619047621e-06	1.0000000000000003e-05	9.99761904761905e-06	9.985714285714291e-06
1100	1.0000000000000004e-05	1.0000000000000004e-05	1.0000000000000004e-05	1.0000000000000004e-05	1.0000000000000004e-05	1.0000000000000004e-05	1.0000000000000004e-05	9.996372767857149e-06	9.988002232142861e-06	9.914174107142862e-06	9.785825892857144e-06	9.72081473214286e-06	9.765569196428576e-06	9.853850446428575e-06	9.94497767857143e-06	9.999162946428576e-06	1.0000000000000004e-05	1.0000000000000004e-05	1.0000000000000004e-05
1200	1.0000000000000004e-05	1.0000000000000004e-05	1.0000000000000004e-05	9.993939393939397e-06	9.842424242424248e-06	9.83636363636364e-06	9.970021645021651e-06	9.90963203463204e-06	9.907900432900437e-06	9.847077922077926e-06	9.638149350649352e-06	9.62932900432901e-06	9.764826839826844e-06	9.854004329004334e-06	9.944967532467537e-06	9.991774891774897e-06	9.990367965367973e-06	9.995454545454553e-06	9.998917748917753e-06
1300	1.0000000000000003e-05	1.0000000000000003e-05	1.0000000000000003e-05	1.0000000000000003e-05	1.0000000000000003e-05	1.0000000000000003e-05	9.980059523809529e-06	9.913392857142859e-06	9.914642857142861e-06	9.904880952380955e-06	9.796726190476192e-06	9.726607142857145e-06	9.764404761904766e-06	9.853630952380956e-06	9.940833333333337e-06	9.998154761904763e-06	9.998154761904767e-06	9.966130952380955e-06	9.920357142857141e-06
1400	9.999884792626732e-06	9.962615207373275e-06	9.901497695852538e-06	9.135771889400926e-06	6.302707373271892e-06	7.0793202764976975e-06	9.969758064516129e-06	9.888191244239635e-06	9.800345622119818e-06	9.839400921658989e-06	9.900288018433183e-06	9.919412442396316e-06	9.897235023041476e-06	9.946255760368666e-06	9.98657834101383e-06	9.840495391705075e-06	9.753513824884797e-06	9.869182027649772e-06	9.968836405529956e-06
1500	9.928809523809525e-06	9.894345238095242e-06	9.920238095238099e-06	9.99041666666667e-06	1.0000000000000003e-05	9.957797619047624e-06	9.877083333333337e-06	9.852202380952381e-06	9.891904761904766e-06	9.7227380952381e-06	9.548154761904764e-06	9.654940476190477e-06	9.80672619047619e-06	9.935654761904765e-06	9.79851190476191e-06	6.362976190476191e-06	5.251309523809526e-06	8.647023809523811e-06	9.959642857142858e-06
1600	9.906529017857145e-06	9.890290178571434e-06	9.918303571428577e-06	9.987332589285717e-06	9.994810267857151e-06	9.95602678571429e-06	9.889341517857147e-06	9.861383928571432e-06	9.808928571428576e-06	9.301450892857144e-06	9.128348214285719e-06	9.615848214285717e-06	9.873102678571432e-06	9.959263392857146e-06	9.799330357142862e-06	7.443973214285715e-06	6.8067522321428565e-06	9.13102678571429e-06	9.968136160714289e-06
1700	9.815546218487399e-06	9.874054621848745e-06	9.934716386554633e-06	9.988813025210091e-06	9.99705882352942e-06	9.964075630252107e-06	9.894800420168073e-06	9.864075630252106e-06	9.89863445378152e-06	9.617226890756306e-06	9.246533613445381e-06	9.46638655462185e-06	9.80257352941177e-06	9.926785714285724e-06	9.998634453781522e-06	1.000000000000001e-05	1.000000000000001e-05	9.996901260504209e-06	9.991649159663873e-06
1800	9.817801339285719e-06	9.873493303571432e-06	9.934319196428576e-06	9.984654017857149e-06	9.841183035714294e-06	9.789508928571434e-06	9.879575892857146e-06	9.883370535714289e-06	9.83404017857143e-06	9.454017857142863e-06	9.12310267857143e-06	9.440569196428573e-06	9.82550223214286e-06	9.936328125000006e-06	9.982254464285723e-06	9.986718750000007e-06	9.99821428571429e-06	9.972377232142866e-06	9.920424107142863e-06
1900	1.0000000000000004e-05	1.0000000000000004e-05	1.0000000000000004e-05	1.0000000000000004e-05	1.0000000000000004e-05	9.963767281105997e-06	9.885080645161296e-06	9.850403225806452e-06	9.886578341013827e-06	9.730299539170511e-06	9.551670506912442e-06	9.653917050691248e-06	9.806739631336408e-06	9.922235023041479e-06	9.916589861751157e-06	9.90841013824885e-06	9.982373271889403e-06	9.98162442396314e-06	9.935541474654382e-06
2000	9.84761904761905e-06	9.93636904761905e-06	9.99428571428572e-06	9.023333333333336e-06	7.924285714285715e-06	8.817083333333336e-06	9.544404761904763e-06	7.436785714285714e-06	6.5980357142857135e-06	7.530178571428574e-06	6.344940476190478e-06	7.505119047619051e-06	9.87886904761905e-06	9.253095238095242e-06	8.812202380952384e-06	9.520654761904765e-06	9.93494047619048e-06	9.886011904761909e-06	9.904047619047621e-06
2100	9.832488479262678e-06	9.822350230414748e-06	9.755184331797241e-06	9.820506912442402e-06	9.891589861751155e-06	9.909043778801843e-06	9.883525345622126e-06	7.54251152073733e-06	6.080875576036866e-06	8.016532258064518e-06	9.204377880184333e-06	9.49389400921659e-06	9.787615207373275e-06	8.339688940092173e-06	7.5976958525345615e-06	9.152534562211983e-06	9.914458525345626e-06	9.891589861751155e-06	9.916993087557605e-06
2200	9.9439880952381e-06	9.944880952380956e-06	9.913809523809528e-06	9.917738095238098e-06	9.901130952380957e-06	9.914226190476192e-06	9.899404761904765e-06	8.060892857142856e-06	6.858869047619048e-06	8.617916666666666e-06	9.865000000000005e-06	9.923392857142858e-06	9.94226190476191e-06	9.43321428571429e-06	9.204226190476194e-06	9.740535714285719e-06	9.97666666666667e-06	9.944761904761909e-06	9.917797619047623e-06
2300	9.844124423963138e-06	9.836923963133644e-06	9.518375576036869e-06	9.405817972350234e-06	9.704838709677422e-06	9.89850230414747e-06	9.906336405529956e-06	8.122638248847927e-06	6.580184331797237e-06	8.136059907834103e-06	9.171543778801848e-06	8.218836405529954e-06	8.68398617511521e-06	7.706163594470045e-06	6.7412442396313386e-06	8.89251152073733e-06	9.913882488479267e-06	9.89383640552996e-06	9.928686635944707e-06
2400	9.931607142857147e-06	9.924940476190478e-06	9.890833333333335e-06	9.90857142857143e-06	9.899761904761912e-06	9.913273809523811e-06	9.941369047619052e-06	8.313809523809528e-06	6.86029761904762e-06	6.843035714285716e-06	7.115535714285714e-06	8.09654761904762e-06	9.210059523809528e-06	7.949583333333336e-06	7.364107142857144e-06	9.283511904761907e-06	9.914702380952384e-06	9.898452380952384e-06	9.952857142857148e-06
2500	9.926785714285719e-06	9.975748847926272e-06	1.0000000000000004e-05	9.97891705069125e-06	9.82534562211982e-06	9.819700460829497e-06	9.879377880184336e-06	7.468433179723506e-06	6.052016129032257e-06	6.074884792626728e-06	3.5588133640553e-06	4.819930875576039e-06	8.738076036866363e-06	8.270622119815672e-06	7.596947004608295e-06	9.195564516129034e-06	9.914573732718898e-06	9.896082949308758e-06	9.938824884792629e-06
2600	9.997976190476193e-06	9.971904761904767e-06	9.958690476190482e-06	9.501428571428574e-06	5.2233333333333356e-06	4.880178571428573e-06	9.10369047619048e-06	7.724702380952383e-06	5.350714285714287e-06	4.215119047619049e-06	3.0437500000000003e-06	6.248630952380954e-06	9.785535714285714e-06	8.259107142857144e-06	7.746309523809525e-06	9.391845238095239e-06	9.931666666666667e-06	9.907023809523814e-06	9.93744047619048e-06
2700	1.0000000000000004e-05	9.990909090909098e-06	9.981060606060612e-06	9.087716450216453e-06	5.146212121212123e-06	5.236255411255413e-06	9.106980519480524e-06	8.472781385281384e-06	7.113961038961041e-06	4.77900432900433e-06	3.00064935064935e-06	6.556818181818181e-06	9.577272727272728e-06	7.640692640692643e-06	6.852380952380957e-06	8.990422077922082e-06	9.912337662337668e-06	9.896374458874464e-06	9.933062770562775e-06
2800	1.0000000000000003e-05	9.99446428571429e-06	9.927440476190478e-06	9.146011904761905e-06	5.022559523809524e-06	5.086428571428572e-06	9.040654761904764e-06	6.284761904761904e-06	4.476249999999999e-06	4.594999999999999e-06	3.3191666666666657e-06	6.256071428571428e-06	9.375773809523813e-06	7.847023809523812e-06	7.354226190476193e-06	9.28529761904762e-06	9.91452380952381e-06	9.895535714285718e-06	9.93916666666667e-06
2900	1.0000000000000004e-05	9.997656250000006e-06	9.93297991071429e-06	9.267243303571429e-06	5.279520089285715e-06	4.9506696428571445e-06	8.637890625000004e-06	6.712332589285713e-06	5.0602120535714294e-06	4.0814732142857155e-06	2.4675223214285716e-06	6.134319196428573e-06	9.685267857142863e-06	8.028515625000001e-06	6.992745535714286e-06	8.848716517857144e-06	9.903627232142862e-06	9.887500000000003e-06	9.909598214285717e-06
3000	1.0000000000000004e-05	9.994239631336409e-06	9.926382488479267e-06	9.003801843317975e-06	5.031682027649769e-06	5.228917050691246e-06	8.667338709677422e-06	5.860944700460828e-06	4.762960829493086e-06	4.602419354838709e-06	2.3076036866359453e-06	5.389516129032261e-06	9.118490783410141e-06	7.402764976958526e-06	6.723099078341013e-06	9.036751152073736e-06	9.981797235023045e-06	1.0000000000000004e-05	1.0000000000000004e-05
3100	9.937834821428577e-06	9.982477678571432e-06	1.0000000000000004e-05	1.0000000000000004e-05	1.0000000000000004e-05	9.99598214285715e-06	9.480245535714291e-06	5.861718750000002e-06	4.608872767857143e-06	4.9766741071428575e-06	3.1484933035714287e-06	5.624553571428573e-06	9.064453125000002e-06	8.05167410714286e-06	7.4962611607142845e-06	9.266238839285716e-06	9.915290178571434e-06	9.896261160714289e-06	9.93995535714286e-06
3200	9.938479262672815e-06	9.984562211981571e-06	1.0000000000000004e-05	1.0000000000000004e-05	1.0000000000000004e-05	9.992972350230418e-06	9.763824884792631e-06	6.153341013824886e-06	4.477764976958526e-06	4.6149769585253454e-06	2.210253456221198e-06	3.609216589861752e-06	7.698790322580647e-06	8.177304147465442e-06	7.770046082949309e-06	9.353686635944703e-06	9.910714285714291e-06	9.870161290322585e-06	9.874020737327192e-06
3300	9.941589861751156e-06	9.984792626728112e-06	1.0000000000000004e-05	1.0000000000000004e-05	9.99873271889401e-06	9.96779953917051e-06	8.01071428571429e-06	3.6233294930875585e-06	3.878168202764976e-06	4.776612903225806e-06	2.1706797235023037e-06	3.412788018433179e-06	6.8635368663594496e-06	5.207603686635943e-06	4.853283410138249e-06	8.764285714285716e-06	9.852764976958531e-06	9.795449308755764e-06	9.899827188940096e-06
3400	9.989732142857148e-06	9.995200892857147e-06	9.999888392857148e-06	1.0000000000000004e-05	1.0000000000000004e-05	9.988671875000009e-06	7.420535714285718e-06	2.9049665178571433e-06	3.5595982142857147e-06	4.6876116071428564e-06	2.499107142857143e-06	3.930468749999999e-06	7.1973772321428575e-06	5.050558035714285e-06	4.8228236607142864e-06	8.913839285714289e-06	9.812834821428576e-06	9.58253348214286e-06	9.659877232142861e-06
3500	9.946025345622122e-06	9.986347926267284e-06	1.0000000000000004e-05	1.0000000000000004e-05	9.998214285714291e-06	9.756854838709682e-06	6.512500000000002e-06	2.323099078341013e-06	3.621486175115208e-06	4.729723502304147e-06	2.5017857142857144e-06	3.973099078341014e-06	7.3695276497695855e-06	5.1479838709677434e-06	4.8235023041474654e-06	8.835656682027652e-06	9.654262672811065e-06	9.394873271889404e-06	9.590725806451615e-06
3600	9.927216748768473e-06	9.979556650246307e-06	1.0000000000000003e-05	1.0000000000000003e-05	9.995935960591137e-06	9.700985221674882e-06	6.614532019704434e-06	2.611083743842364e-06	4.01582512315271e-06	4.829310344827587e-06	2.316440886699507e-06	3.891502463054187e-06	7.247660098522169e-06	5.259605911330051e-06	4.821120689655173e-06	8.62549261083744e-06	9.5137315270936e-06	9.213300492610844e-06	9.562931034482767e-06
3700	9.929371921182268e-06	9.910221674876848e-06	9.90911330049261e-06	9.96366995073892e-06	9.979864532019708e-06	9.71976600985222e-06	6.75677339901478e-06	2.4333128078817736e-06	3.738238916256158e-06	4.899876847290639e-06	2.1891009852216745e-06	3.6001847290640398e-06	7.179495073891627e-06	5.318041871921182e-06	4.616748768472906e-06	8.410652709359608e-06	9.72610837438424e-06	9.555172413793104e-06	9.653694581280789e-06
3800	9.902995391705068e-06	9.858352534562216e-06	9.885829493087559e-06	9.974251152073737e-06	9.989976958525348e-06	9.715841013824889e-06	6.942857142857144e-06	2.7792050691244237e-06	3.6360023041474658e-06	4.524308755760368e-06	2.110771889400921e-06	3.4394585253456213e-06	6.9328341013824894e-06	5.034619815668202e-06	3.968087557603688e-06	7.987442396313367e-06	9.725345622119817e-06	9.569009216589866e-06	9.65529953917051e-06
3900	9.655875576036868e-06	9.246255760368668e-06	9.459965437788022e-06	9.935253456221203e-06	9.992914746543781e-06	9.789688940092169e-06	7.0581221198156695e-06	2.678513824884792e-06	3.4045506912442394e-06	4.6027649769585256e-06	2.458006912442396e-06	3.75552995391705e-06	7.012788018433181e-06	5.0019585253456216e-06	4.900288018433181e-06	8.831163594470052e-06	8.891647465437791e-06	8.515092165898618e-06	9.369412442396313e-06
4000	9.945814732142864e-06	9.984877232142861e-06	1.0000000000000004e-05	1.0000000000000004e-05	1.0000000000000004e-05	9.987779017857149e-06	8.02354910714286e-06	3.683649553571428e-06	3.644698660714286e-06	4.5129464285714295e-06	1.5161272321428575e-06	1.0756138392857144e-06	5.09693080357143e-06	5.015234374999999e-06	4.651116071428572e-06	8.56534598214286e-06	9.724609375000002e-06	9.569921875000004e-06	9.66696428571429e-06
4100	1e-05	9.995663265306124e-06	9.979145408163265e-06	9.982908163265307e-06	9.999426020408165e-06	9.994515306122449e-06	7.033928571428572e-06	2.1392857142857136e-06	1.7684311224489797e-06	2.8590561224489793e-06	1.1904974489795918e-06	8.17155612244898e-07	5.234311224489795e-06	4.976211734693876e-06	4.428380102040817e-06	8.78188775510204e-06	9.784375000000004e-06	9.741135204081636e-06	9.780038265306125e-06
4200	1.0000000000000004e-05	1.0000000000000004e-05	1.0000000000000004e-05	1.0000000000000004e-05	1.0000000000000004e-05	1.0000000000000004e-05	9.894698660714288e-06	6.56651785714286e-06	5.018247767857144e-06	4.967857142857144e-06	1.6214285714285718e-06	1.2149553571428571e-06	5.11958705357143e-06	4.905245535714286e-06	4.5933593750000005e-06	8.510491071428574e-06	9.912053571428576e-06	9.994308035714289e-06	1.0000000000000004e-05
4300	9.992500000000003e-06	9.998452380952385e-06	1.0000000000000003e-05	1.0000000000000003e-05	1.0000000000000003e-05	1.0000000000000003e-05	9.890000000000005e-06	6.7951190476190495e-06	5.155714285714287e-06	4.681547619047619e-06	1.4309523809523812e-06	1.2973214285714286e-06	6.068750000000001e-06	9.560476190476194e-06	9.740059523809526e-06	9.948869047619051e-06	9.992976190476194e-06	9.920476190476192e-06	9.836071428571432e-06
4400	9.985656682027654e-06	9.997177419354842e-06	1.0000000000000004e-05	1.0000000000000004e-05	1.0000000000000004e-05	1.0000000000000004e-05	9.91417050691245e-06	6.968894009216591e-06	4.772004608294931e-06	4.173041474654378e-06	1.4557603686635943e-06	9.530529953917051e-07	5.7208525345622144e-06	9.650403225806454e-06	9.72286866359447e-06	9.75259216589862e-06	9.904665898617514e-06	9.992338709677422e-06	1.0000000000000004e-05
4500	9.961463133640559e-06	9.993145161290326e-06	1.0000000000000004e-05	1.0000000000000004e-05	1.0000000000000004e-05	1.0000000000000004e-05	9.917281105990788e-06	6.9799539170506954e-06	5.335887096774192e-06	4.984562211981567e-06	1.7113479262672809e-06	1.043663594470046e-06	4.984907834101382e-06	4.866589861751153e-06	5.086059907834104e-06	9.160714285714288e-06	9.99268433179724e-06	9.908294930875578e-06	9.794642857142859e-06
4600	9.98342633928572e-06	9.978013392857148e-06	9.905859375000004e-06	9.919363839285717e-06	9.994140625000005e-06	9.992857142857151e-06	9.915011160714289e-06	7.4886160714285726e-06	5.209319196428571e-06	4.162276785714286e-06	1.5194196428571432e-06	5.954241071428571e-07	4.642633928571429e-06	4.871986607142857e-06	4.876116071428574e-06	9.05133928571429e-06	9.985714285714291e-06	8.948995535714287e-06	6.842745535714287e-06
4700	9.963452380952384e-06	9.963809523809526e-06	9.903214285714288e-06	9.927321428571429e-06	9.937440476190478e-06	9.902142857142858e-06	9.816011904761908e-06	6.478273809523811e-06	4.709404761904762e-06	4.761666666666666e-06	1.6739285714285713e-06	1.0839880952380953e-06	4.911309523809523e-06	4.62125e-06	4.981130952380954e-06	9.176726190476194e-06	9.968571428571438e-06	8.902202380952385e-06	7.006488095238096e-06
4800	1e-05	9.975063775510204e-06	9.906760204081637e-06	9.92391581632653e-06	9.935586734693878e-06	9.901147959183675e-06	9.165561224489797e-06	5.182653061224489e-06	4.089285714285714e-06	4.388647959183674e-06	1.274234693877551e-06	8.799744897959184e-07	4.552869897959183e-06	4.336862244897959e-06	3.862882653061225e-06	8.08979591836735e-06	9.79336734693878e-06	9.810586734693878e-06	9.825191326530614e-06
4900	9.999274553571432e-06	9.926618303571433e-06	9.713281250000006e-06	9.76383928571429e-06	9.896261160714289e-06	9.870982142857146e-06	9.893750000000005e-06	6.819587053571432e-06	4.656250000000001e-06	4.343973214285715e-06	1.5661830357142856e-06	1.0159040178571429e-06	4.9421875e-06	4.613448660714287e-06	4.638392857142858e-06	8.846428571428574e-06	9.794921875e-06	9.808928571428576e-06	9.831082589285718e-06
5000	9.993035714285715e-06	8.685357142857144e-06	7.061250000000001e-06	8.288333333333337e-06	9.853511904761908e-06	9.821488095238097e-06	9.783452380952383e-06	7.1627976190476196e-06	5.2510714285714285e-06	4.498690476190476e-06	1.514345238095238e-06	8.641666666666665e-07	4.628214285714288e-06	4.4623809523809516e-06	4.448392857142859e-06	8.651011904761908e-06	9.815178571428572e-06	9.827857142857147e-06	9.83029761904762e-06
5100	9.99196428571429e-06	8.552678571428576e-06	6.541071428571429e-06	7.808630952380953e-06	9.724166666666667e-06	9.77464285714286e-06	9.809107142857148e-06	6.6070238095238084e-06	4.638333333333334e-06	4.8170238095238095e-06	1.8553571428571427e-06	1.112142857142857e-06	4.991190476190477e-06	4.47452380952381e-06	4.695714285714287e-06	8.998035714285715e-06	9.798214285714286e-06	9.805059523809525e-06	9.815357142857145e-06
5200	9.99395161290323e-06	8.583986175115212e-06	6.36278801843318e-06	7.534907834101383e-06	9.665034562211984e-06	9.790552995391708e-06	9.81324884792627e-06	7.08721198156682e-06	4.857142857142856e-06	3.600115207373272e-06	9.046082949308757e-07	9.7315668202765e-07	4.6876152073732735e-06	4.249423963133639e-06	1.8766129032258063e-06	5.9234447004608315e-06	9.489919354838713e-06	9.830126728110603e-06	9.87304147465438e-06
5300	9.976623376623383e-06	8.977272727272729e-06	7.476569264069267e-06	8.319642857142859e-06	9.74253246753247e-06	9.792207792207794e-06	9.800000000000004e-06	6.989718614718617e-06	4.783874458874459e-06	4.285281385281386e-06	1.5818181818181816e-06	8.937770562770562e-07	4.824242424242425e-06	4.35167748917749e-06	9.734848484848484e-07	4.547781385281387e-06	8.869913419913423e-06	9.799729437229437e-06	9.887445887445893e-06
5400	9.936268472906407e-06	8.967487684729066e-06	6.291502463054186e-06	6.422290640394089e-06	9.034482758620692e-06	9.821736453201974e-06	9.853201970443352e-06	8.387007389162566e-06	7.280110837438424e-06	5.400369458128079e-06	1.5848522167487684e-06	7.559729064039408e-07	4.402832512315272e-06	4.095751231527095e-06	1.7878694581280782e-06	5.6368842364532035e-06	9.170135467980299e-06	9.76551724137931e-06	9.788608374384236e-06
5500	9.93744047619048e-06	8.239821428571432e-06	4.4875595238095245e-06	5.846547619047619e-06	9.347083333333336e-06	8.473690476190475e-06	8.628928571428573e-06	6.459523809523808e-06	4.582023809523809e-06	4.424642857142857e-06	1.452261904761905e-06	1.250119047619048e-06	5.071785714285714e-06	4.163214285714286e-06	1.1859523809523806e-06	5.1679166666666685e-06	9.22779761904762e-06	9.810952380952384e-06	9.820357142857145e-06
5600	9.932891705069127e-06	8.22586405529954e-06	4.462039170506913e-06	5.844182027649772e-06	9.486463133640557e-06	9.386866359447005e-06	9.375172811059913e-06	6.83110599078341e-06	5.19573732718894e-06	4.881451612903226e-06	1.7056451612903225e-06	1.0528225806451611e-06	4.734158986175115e-06	4.005241935483871e-06	1.0958525345622117e-06	4.981509216589863e-06	8.64959677419355e-06	9.03934331797235e-06	9.515783410138249e-06
5700	9.920833333333337e-06	8.74589285714286e-06	4.569761904761905e-06	5.314821428571431e-06	9.236845238095238e-06	5.846011904761904e-06	3.978869047619048e-06	4.363869047619047e-06	4.4629761904761914e-06	4.725357142857144e-06	1.8058333333333335e-06	5.367857142857142e-07	3.6639880952380964e-06	3.42654761904762e-06	4.4666666666666664e-07	3.684464285714287e-06	8.003928571428572e-06	9.038630952380956e-06	9.455773809523814e-06
5800	9.91324884792627e-06	8.492626728110602e-06	5.11463133640553e-06	6.138306451612904e-06	8.993548387096777e-06	5.436923963133641e-06	2.8608294930875573e-06	2.4408986175115204e-06	4.206624423963135e-06	5.078110599078343e-06	1.474942396313364e-06	6.158986175115207e-07	4.677188940092167e-06	9.055069124423966e-06	9.990552995391707e-06	9.934331797235025e-06	9.903225806451616e-06	9.949135944700466e-06	9.940264976958532e-06
5900	9.936011904761906e-06	8.206190476190478e-06	4.864702380952381e-06	6.306845238095238e-06	9.135535714285715e-06	5.033154761904761e-06	2.137678571428571e-06	2.114999999999999e-06	3.905416666666667e-06	4.723809523809524e-06	1.3937499999999998e-06	9.771428571428573e-07	5.262083333333335e-06	9.279523809523812e-06	9.989404761904766e-06	9.919821428571433e-06	9.845714285714289e-06	9.869761904761907e-06	9.907380952380957e-06
6000	9.932891705069127e-06	8.513133640553e-06	4.866417050691245e-06	5.964170506912444e-06	9.26255760368664e-06	5.73703917050691e-06	2.947523041474653e-06	2.6950460829493093e-06	4.053571428571429e-06	4.811981566820277e-06	1.6440092165898617e-06	9.05184331797235e-07	5.455529953917053e-06	9.543202764976962e-06	9.992857142857148e-06	9.99976958525346e-06	9.988594470046089e-06	9.980875576036871e-06	9.992050691244242e-06
6100	9.91946428571429e-06	8.209464285714284e-06	4.562380952380953e-06	5.894761904761906e-06	9.05636904761905e-06	5.2710119047619044e-06	2.291547619047619e-06	2.025e-06	4.090654761904762e-06	4.9261904761904775e-06	1.3851785714285713e-06	4.146428571428569e-07	4.00595238095238e-06	8.585357142857145e-06	9.99404761904762e-06	9.988392857142862e-06	9.983333333333337e-06	9.994940476190479e-06	1.0000000000000003e-05
6200	9.33565848214286e-06	9.031082589285722e-06	8.937444196428576e-06	9.093694196428578e-06	9.152176339285718e-06	5.270814732142858e-06	2.7064732142857142e-06	2.428794642857142e-06	4.06763392857143e-06	4.675558035714287e-06	1.2196428571428573e-06	0.0	1.7696986607142857e-06	6.615680803571429e-06	9.842801339285718e-06	9.97756696428572e-06	9.909821428571433e-06	9.919252232142861e-06	9.990178571428577e-06
6300	9.488669950738916e-06	9.233374384236455e-06	9.579187192118232e-06	9.787500000000002e-06	9.422229064039411e-06	5.119950738916257e-06	2.3906403940886693e-06	2.4672413793103437e-06	3.5662561576354676e-06	4.424507389162562e-06	1.5332512315270936e-06	1.8953201970443346e-07	2.4065270935960593e-06	7.093719211822663e-06	9.876231527093599e-06	9.968411330049262e-06	9.883620689655175e-06	9.900061576354682e-06	9.98534482758621e-06
6400	6.231011904761904e-06	4.744642857142857e-06	7.350178571428572e-06	9.333511904761907e-06	9.128988095238097e-06	4.894404761904762e-06	1.4970238095238093e-06	1.215e-06	3.863035714285714e-06	5.260357142857143e-06	1.6544642857142857e-06	0.0	1.593392857142857e-06	6.505416666666668e-06	9.909940476190479e-06	9.974464285714288e-06	9.904285714285718e-06	9.916785714285717e-06	9.989047619047623e-06
6500	4.892223502304149e-06	4.885541474654378e-06	7.429550691244243e-06	8.248214285714286e-06	8.252534562211982e-06	5.154493087557604e-06	2.9976958525345624e-06	2.9084101382488465e-06	3.946831797235024e-06	4.135714285714286e-06	1.0940668202764978e-06	0.0	1.861808755760369e-06	6.681163594470048e-06	9.818836405529956e-06	9.978513824884797e-06	9.870737327188944e-06	9.83283410138249e-06	9.926728110599082e-06
6600	1.0201612903225806e-06	4.455414746543779e-06	7.635426267281109e-06	7.732027649769586e-06	8.145103686635947e-06	5.373732718894011e-06	2.3868663594470047e-06	1.713940092165898e-06	2.1174539170506908e-06	2.641935483870968e-06	1.0843894009216591e-06	0.0	2.6699308755760365e-06	7.616129032258067e-06	9.946198156682031e-06	9.965552995391714e-06	9.87885944700461e-06	9.842165898617516e-06	9.894297235023043e-06
6700	1.0000000000000004e-05	1.0000000000000004e-05	1.0000000000000004e-05	9.96769480519481e-06	9.314935064935067e-06	5.071699134199134e-06	2.4718614718614716e-06	2.2090909090909088e-06	2.704329004329004e-06	2.978787878787879e-06	7.361471861471863e-07	0.0	1.0227272727272727e-06	5.553679653679655e-06	9.527380952380956e-06	9.97635281385282e-06	9.908170995671e-06	9.918452380952386e-06	9.990205627705633e-06
6800	1.0000000000000004e-05	1.0000000000000004e-05	1.0000000000000004e-05	9.976785714285718e-06	9.663709677419358e-06	5.754550691244241e-06	2.731797235023041e-06	2.413824884792626e-06	1.7316820276497696e-06	1.4064516129032258e-06	4.2442396313364064e-07	0.0	5.754608294930873e-07	4.9889400921659e-06	9.408410138248852e-06	9.96071428571429e-06	9.906797235023045e-06	9.934216589861755e-06	9.993202764976962e-06
6900	1.0000000000000004e-05	1.0000000000000004e-05	1.0000000000000004e-05	9.973329493087563e-06	9.36440092165899e-06	4.9773617511520744e-06	1.9487327188940094e-06	1.6890552995391701e-06	2.430011520737327e-06	2.753801843317972e-06	6.504032258064515e-07	0.0	3.235023041474654e-07	2.886981566820276e-06	7.526152073732718e-06	9.929493087557607e-06	9.899135944700463e-06	9.861405529953921e-06	9.839804147465442e-06
7000	1.0000000000000004e-05	1.0000000000000004e-05	9.99642857142858e-06	9.957087053571435e-06	9.462444196428577e-06	5.561439732142859e-06	1.945591517857143e-06	9.220982142857143e-07	1.4752790178571428e-06	1.8625e-06	4.2338169642857144e-07	0.0	9.341517857142856e-07	5.4132812500000016e-06	9.458314732142862e-06	9.881250000000003e-06	9.757421875000003e-06	9.74665178571429e-06	9.821540178571429e-06
7100	9.79936635944701e-06	8.615495391705071e-06	4.331509216589862e-06	5.055357142857144e-06	9.071140552995395e-06	5.5853686635944726e-06	1.5288594470046075e-06	1.0047235023041475e-06	6.874423963133641e-07	3.483870967741935e-07	9.020737327188941e-08	0.0	6.065668202764976e-07	5.139055299539173e-06	9.525691244239636e-06	9.991993087557604e-06	9.941474654377885e-06	9.90120967741936e-06	9.958525345622122e-06
7200	9.786309523809524e-06	8.045616883116885e-06	4.002380952380951e-06	4.87348484848485e-06	8.314393939393939e-06	5.085930735930737e-06	2.8162337662337664e-06	2.647402597402597e-06	1.3003246753246753e-06	9.818181818181818e-07	3.009740259740259e-07	0.0	1.0168831168831169e-06	5.555790043290046e-06	9.506655844155848e-06	9.893398268398273e-06	9.918885281385285e-06	9.993235930735934e-06	1.0000000000000004e-05
7300	9.819880952380955e-06	8.52404761904762e-06	3.7930357142857132e-06	1.5264285714285717e-06	5.560416666666666e-06	5.153511904761904e-06	2.898869047619047e-06	2.667857142857142e-06	1.2921428571428568e-06	9e-07	3.182142857142857e-07	0.0	5.303571428571427e-07	4.7136904761904774e-06	9.144107142857143e-06	9.899345238095242e-06	9.93071428571429e-06	9.984761904761908e-06	9.989642857142858e-06
7400	9.795703125000005e-06	8.139453125000003e-06	3.3642857142857146e-06	1.2385044642857141e-06	2.532756696428571e-06	1.8627232142857145e-06	2.4849888392857137e-06	2.7e-06	1.0275669642857137e-06	5.0625e-07	1.3560267857142857e-07	0.0	4.037946428571427e-07	4.297209821428572e-06	8.835937500000004e-06	9.809821428571435e-06	9.837555803571437e-06	9.903738839285717e-06	9.877678571428576e-06
7500	9.669334975369462e-06	8.07512315270936e-06	3.3796798029556673e-06	1.1177339901477833e-06	2.365825123152709e-06	1.8293103448275855e-06	1.9872536945812806e-06	2.1513546798029553e-06	6.051724137931033e-07	0.0	0.0	0.0	2.9593596059113296e-07	3.978078817733991e-06	8.643596059113305e-06	9.863177339901482e-06	9.837438423645323e-06	9.853263546798033e-06	9.859051724137934e-06
7600	9.663133640553e-06	8.461290322580647e-06	3.800230414746544e-06	8.345622119815666e-07	2.1309907834101386e-06	2.1316820276497695e-06	1.2573732718894013e-06	6.376728110599078e-07	1.5552995391705068e-07	1.7419354838709676e-07	6.221198156682027e-08	0.0	2.0218894009216587e-07	4.00766129032258e-06	8.6440668202765e-06	7.845391705069129e-06	6.720161290322582e-06	8.31837557603687e-06	9.553168202764979e-06
7700	9.32339285714286e-06	7.797321428571432e-06	3.3858928571428575e-06	4.188690476190476e-07	1.8110714285714286e-06	2.1383333333333333e-06	1.5808333333333327e-06	9.707142857142856e-07	1.6714285714285715e-07	1.8e-07	6.428571428571428e-08	0.0	1.4142857142857143e-07	3.5833333333333343e-06	8.062738095238096e-06	7.749404761904766e-06	6.790892857142857e-06	8.446071428571432e-06	9.721250000000006e-06
7800	7.768534482758622e-06	3.4588054187192138e-06	7.647783251231528e-07	1.5927339901477832e-06	3.241995073891625e-06	2.4240147783251226e-06	1.2003694581280785e-06	6.916256157635468e-07	3.6908866995073886e-07	3.724137931034482e-07	5.3201970443349756e-08	0.0	3.1588669950738904e-07	3.935899014778325e-06	8.239162561576356e-06	6.978201970443351e-06	6.079802955665026e-06	8.408743842364536e-06	9.63257389162562e-06
7900	9.19309523809524e-06	6.947023809523811e-06	5.029880952380954e-06	5.502380952380953e-06	6.563095238095237e-06	6.199880952380953e-06	5.110238095238097e-06	4.6436309523809534e-06	3.903095238095238e-06	1.6763690476190473e-06	8.357142857142856e-08	0.0	2.0249999999999997e-07	4.0123214285714295e-06	8.736428571428575e-06	9.661547619047622e-06	9.646904761904764e-06	9.909464285714286e-06	9.997500000000004e-06
8000	7.367050691244242e-06	4.679262672811061e-06	2.519642857142857e-06	2.4355414746543775e-06	4.2542626728110605e-06	3.862845622119817e-06	1.8690668202764978e-06	7.704493087557605e-07	3.029377880184333e-07	1.7419354838709676e-07	2.1774193548387095e-08	0.0	5.505184331797234e-07	4.498963133640555e-06	8.946255760368666e-06	9.997811059907838e-06	9.99976958525346e-06	9.954032258064521e-06	9.873617511520737e-06
8100	7.595391705069128e-06	3.0686635944700485e-06	3.452764976958525e-07	8.211981566820275e-07	2.0249999999999992e-06	1.6392857142857137e-06	4.1370967741935475e-07	0.0	4.448156682027649e-07	5.225806451612903e-07	7.776497695852534e-08	0.0	1.9907834101382485e-07	3.6991935483870966e-06	8.494470046082952e-06	9.994354838709681e-06	9.99959677419355e-06	9.943317972350235e-06	9.854435483870972e-06
8200	3.964107142857143e-06	1.8301785714285707e-06	6.910714285714286e-07	1.0960714285714282e-06	3.188571428571427e-06	2.7321428571428563e-06	5.914285714285713e-07	0.0	1.5428571428571428e-07	1.8e-07	2.571428571428571e-08	0.0	3.5999999999999994e-07	4.255238095238096e-06	8.890000000000003e-06	9.994761904761908e-06	9.99982142857143e-06	9.948392857142859e-06	9.859285714285718e-06
8300	3.354089861751153e-06	2.383467741935483e-06	1.5055299539170505e-06	8.460829493087558e-07	2.572465437788019e-06	2.743548387096773e-06	9.114055299539169e-07	0.0	2.9861751152073725e-07	3.483870967741935e-07	4.976958525345622e-08	0.0	1.0576036866359446e-07	3.564976958525346e-06	8.321543778801845e-06	9.807430875576042e-06	9.922926267281112e-06	9.904665898617516e-06	9.791474654377885e-06
8400	3.2186059907834114e-06	1.9426843317972343e-06	9.829493087557601e-07	1.1447004608294926e-06	2.998617511520736e-06	2.563133640552995e-06	6.594470046082948e-07	0.0	1.5241935483870965e-07	1.7419354838709676e-07	2.1774193548387095e-08	0.0	1.617511520737327e-07	3.873905529953919e-06	8.571313364055302e-06	9.779262672811064e-06	9.826555299539174e-06	9.780069124423966e-06	9.723847926267284e-06
8500	3.5272023809523814e-06	1.2385119047619047e-06	3.407142857142857e-07	1.0060714285714284e-06	2.5842857142857144e-06	2.073214285714285e-06	4.7571428571428557e-07	0.0	4.628571428571428e-07	5.4e-07	7.714285714285714e-08	0.0	2.4749999999999996e-07	3.87327380952381e-06	8.548869047619051e-06	9.876607142857145e-06	9.854226190476193e-06	9.82369047619048e-06	9.872380952380953e-06
8600	2.640380184331797e-06	9.151497695852531e-07	1.710829493087557e-07	1.0358294930875574e-06	2.4698156682027646e-06	1.9410138248847923e-06	4.914746543778801e-07	0.0	1.4619815668202763e-07	1.7419354838709676e-07	2.7995391705069123e-08	0.0	2.0218894009216587e-07	4.107430875576038e-06	8.826612903225808e-06	9.871025345622124e-06	9.844815668202766e-06	9.83058755760369e-06	9.921025345622123e-06
8700	4.1314880952380974e-06	1.5302976190476195e-06	5.239285714285714e-07	7.521428571428569e-07	2.5135714285714276e-06	2.349642857142856e-06	5.464285714285713e-07	0.0	4.692857142857142e-07	5.4e-07	7.071428571428571e-08	0.0	3.857142857142856e-07	3.945416666666667e-06	8.486369047619051e-06	9.884583333333335e-06	9.813988095238101e-06	9.708214285714289e-06	9.673571428571435e-06
8800	3.990024630541872e-06	1.6408866995073888e-06	5.286945812807881e-07	8.878078817733988e-07	2.6434729064039406e-06	2.307635467980295e-06	5.220443349753694e-07	0.0	1.6293103448275858e-07	1.862068965517241e-07	2.327586206896552e-08	0.0	4.189655172413793e-07	4.237931034482759e-06	8.70917487684729e-06	9.846613300492611e-06	9.819211822660102e-06	9.716071428571431e-06	9.674692118226608e-06
8900	3.7623809523809528e-06	8.427380952380953e-07	0.0	6.396428571428569e-07	2.4042857142857127e-06	2.0603571428571414e-06	2.957142857142857e-07	0.0	7.585714285714287e-07	9e-07	1.4142857142857143e-07	0.0	3.664285714285714e-07	3.8207738095238095e-06	8.376011904761906e-06	9.88184523809524e-06	9.814702380952385e-06	9.699523809523815e-06	9.666428571428578e-06
9000	6.589047619047619e-06	2.988392857142858e-06	4.690952380952382e-06	9.078750000000002e-06	9.964404761904767e-06	9.059761904761906e-06	5.367499999999999e-06	1.3669047619047618e-06	9.321428571428571e-08	0.0	0.0	0.0	1.0285714285714285e-07	3.1113095238095243e-06	7.906011904761905e-06	9.81291666666667e-06	9.907797619047621e-06	9.992440476190478e-06	1.0000000000000003e-05
9100	5.362672811059909e-06	2.50086405529954e-06	3.9260368663594485e-06	8.475979262672815e-06	9.922926267281108e-06	9.447753456221201e-06	5.360368663594471e-06	8.812788018433179e-07	0.0	0.0	0.0	0.0	4.976958525345622e-08	2.431624423963134e-06	7.281797235023042e-06	9.815495391705073e-06	9.910368663594473e-06	9.99481566820277e-06	1.0000000000000004e-05
9200	5.621785714285714e-06	2.710119047619047e-06	4.269880952380952e-06	8.747440476190481e-06	9.832202380952383e-06	9.107202380952382e-06	5.537440476190475e-06	1.4147619047619045e-06	9.321428571428571e-08	0.0	0.0	0.0	4.499999999999999e-08	2.748095238095238e-06	7.601428571428573e-06	9.812023809523812e-06	9.906904761904763e-06	9.993214285714289e-06	1.0000000000000003e-05
9300	4.668277310924371e-06	2.3132878151260507e-06	4.334663865546221e-06	8.741964285714288e-06	9.737079831932774e-06	8.89432773109244e-06	5.117857142857144e-06	1.1147058823529409e-06	4.254201680672268e-08	0.0	0.0	0.0	9.075630252100837e-08	3.3629201680672276e-06	8.161869747899161e-06	9.736764705882355e-06	9.812079831932779e-06	9.95756302521009e-06	9.97941176470589e-06
9400	6.39964285714286e-06	3.1932738095238104e-06	4.654880952380953e-06	9.053154761904765e-06	9.737976190476195e-06	9.024464285714287e-06	5.991190476190474e-06	1.951369047619047e-06	1.35e-07	0.0	0.0	0.0	0.0	1.8376785714285717e-06	6.56511904761905e-06	8.689702380952382e-06	8.657500000000001e-06	9.689940476190479e-06	9.988750000000005e-06
9500	4.701623376623378e-06	2.380898268398269e-06	4.28430735930736e-06	8.275108225108227e-06	9.142099567099569e-06	8.5120670995671e-06	4.857034632034632e-06	9.387445887445887e-07	4.383116883116883e-08	0.0	0.0	0.0	0.0	1.148809523809524e-06	5.755681818181819e-06	9.250865800865803e-06	9.598863636363642e-06	9.954870129870134e-06	1.0000000000000004e-05
9600	5.080580357142859e-06	2.3687500000000004e-06	3.985044642857143e-06	8.415848214285717e-06	9.73370535714286e-06	8.820647321428571e-06	4.955915178571429e-06	1.073325892857143e-06	8.738839285714285e-08	0.0	0.0	0.0	0.0	1.3886718749999999e-06	6.193415178571429e-06	9.646540178571431e-06	9.812834821428576e-06	9.971037946428575e-06	1.0000000000000004e-05
9700	6.4818080357142884e-06	7.111607142857146e-06	8.81188616071429e-06	9.422544642857145e-06	5.872712053571429e-06	4.36372767857143e-06	4.296986607142857e-06	1.25078125e-06	0.0	0.0	0.0	0.0	0.0	1.719754464285714e-06	6.401171875000003e-06	9.143973214285716e-06	9.29313616071429e-06	9.828906250000007e-06	9.99553571428572e-06
9800	1.8868861607142862e-06	3.281640625e-06	7.311718750000002e-06	9.195647321428572e-06	5.651171875000001e-06	4.994419642857143e-06	4.958370535714286e-06	1.3661272321428572e-06	8.4375e-08	0.0	0.0	0.0	0.0	1.350502232142857e-06	6.038671875000003e-06	9.548325892857147e-06	9.830078125000005e-06	9.969921875000003e-06	1.0000000000000004e-05
9900	3.1226190476190486e-07	2.873571428571428e-06	7.595595238095241e-06	9.043750000000003e-06	5.359166666666668e-06	4.9102976190476195e-06	4.6572619047619054e-06	9.359523809523808e-07	0.0	0.0	0.0	0.0	0.0	1.5339285714285716e-06	6.291785714285718e-06	9.59946428571429e-06	9.808214285714288e-06	9.966607142857144e-06	1.0000000000000003e-05
10000	1.6518973214285721e-06	2.688058035714285e-06	4.806752232142857e-06	7.182533482142856e-06	5.648828125e-06	4.6784040178571444e-06	4.575111607142858e-06	1.271763392857143e-06	4.21875e-08	0.0	0.0	0.0	0.0	1.7029017857142856e-06	6.347265625000003e-06	9.102566964285718e-06	9.271875000000005e-06	9.813281250000003e-06	9.999609375000005e-06
