	site
generation	50	100	150	200	250	300	350	400	450	500	550	600	650	700	750	800	850	900	950
0	1.0000000000000004e-05	1.0000000000000004e-05	1.0000000000000004e-05	1.0000000000000004e-05	1.0000000000000004e-05	1.0000000000000004e-05	1.0000000000000004e-05	1.0000000000000004e-05	1.0000000000000004e-05	1.0000000000000004e-05	1.0000000000000004e-05	1.0000000000000004e-05	1.0000000000000004e-05	1.0000000000000004e-05	1.0000000000000004e-05	1.0000000000000004e-05	1.0000000000000004e-05	1.0000000000000004e-05	1.0000000000000004e-05
100	1.0000000000000003e-05	1.0000000000000003e-05	1.0000000000000003e-05	1.0000000000000003e-05	1.0000000000000003e-05	9.998830049261085e-06	9.993103448275866e-06	9.99427339901478e-06	1.0000000000000003e-05	1.0000000000000003e-05	1.0000000000000003e-05	1.0000000000000003e-05	1.0000000000000003e-05	9.959729064039413e-06	9.828940886699511e-06	9.854064039408871e-06	9.984852216748772e-06	1.0000000000000003e-05	1.0000000000000003e-05
200	1.0000000000000004e-05	1.0000000000000004e-05	1.0000000000000004e-05	1.0000000000000004e-05	1.0000000000000004e-05	1.0000000000000004e-05	1.0000000000000004e-05	1.0000000000000004e-05	1.0000000000000004e-05	1.0000000000000004e-05	1.0000000000000004e-05	1.0000000000000004e-05	1.0000000000000004e-05	1.0000000000000004e-05	1.0000000000000004e-05	1.0000000000000004e-05	1.0000000000000004e-05	1.0000000000000004e-05	1.0000000000000004e-05
300	9.917108294930883e-06	9.9043202764977e-06	9.961290322580648e-06	9.998041474654382e-06	9.938479262672815e-06	9.90230414746544e-06	9.96152073732719e-06	9.99965437788019e-06	1.0000000000000004e-05	1.0000000000000004e-05	1.0000000000000004e-05	1.0000000000000004e-05	1.0000000000000004e-05	1.0000000000000004e-05	1.0000000000000004e-05	1.0000000000000004e-05	1.0000000000000004e-05	1.0000000000000004e-05	1.0000000000000004e-05
400	9.982430875576041e-06	9.9727534562212e-06	9.972811059907839e-06	9.955241935483871e-06	9.954205069124432e-06	9.97252304147466e-06	9.988191244239635e-06	1.0000000000000004e-05	1.0000000000000004e-05	9.99688940092166e-06	9.983352534562217e-06	9.980529953917056e-06	9.994066820276501e-06	1.0000000000000004e-05	1.0000000000000004e-05	1.0000000000000004e-05	9.999711981566823e-06	9.963479262672814e-06	9.903283410138255e-06
500	1.000000000000001e-05	1.000000000000001e-05	1.000000000000001e-05	1.000000000000001e-05	1.000000000000001e-05	1.000000000000001e-05	1.000000000000001e-05	1.000000000000001e-05	1.000000000000001e-05	9.99438025210085e-06	9.725315126050428e-06	9.004254201680675e-06	9.248214285714293e-06	9.974894957983201e-06	1.000000000000001e-05	1.000000000000001e-05	1.000000000000001e-05	1.000000000000001e-05	1.000000000000001e-05
600	9.998046875000004e-06	9.98694196428572e-06	9.983203125000006e-06	9.994308035714289e-06	1.0000000000000004e-05	1.0000000000000004e-05	1.0000000000000004e-05	1.0000000000000004e-05	1.0000000000000004e-05	9.993080357142863e-06	9.744308035714292e-06	9.083482142857148e-06	9.281250000000002e-06	9.869754464285719e-06	9.911941964285719e-06	9.991183035714289e-06	1.0000000000000004e-05	1.0000000000000004e-05	1.0000000000000004e-05
700	9.996488095238096e-06	9.999464285714289e-06	1.0000000000000003e-05	1.0000000000000003e-05	1.0000000000000003e-05	1.0000000000000003e-05	1.0000000000000003e-05	9.99839285714286e-06	9.947202380952383e-06	9.902380952380955e-06	9.827440476190479e-06	9.595535714285716e-06	9.669107142857148e-06	9.87827380952381e-06	9.914761904761909e-06	9.977976190476195e-06	9.991488095238097e-06	9.997440476190479e-06	1.0000000000000003e-05
800	1.0000000000000004e-05	1.0000000000000004e-05	1.0000000000000004e-05	9.999078341013828e-06	9.946601382488485e-06	9.887730414746548e-06	9.934043778801846e-06	9.993836405529959e-06	1.0000000000000004e-05	9.994758064516133e-06	9.779838709677424e-06	9.235483870967745e-06	9.343490783410142e-06	9.776094470046089e-06	9.799654377880186e-06	9.900115207373277e-06	9.983467741935486e-06	1.0000000000000004e-05	1.0000000000000004e-05
900	1.0000000000000004e-05	1.0000000000000004e-05	1.0000000000000004e-05	9.997098214285721e-06	9.98962053571429e-06	9.987276785714294e-06	9.987109375000006e-06	9.924720982142859e-06	9.90094866071429e-06	9.948604910714291e-06	9.93264508928572e-06	9.891071428571434e-06	9.920926339285718e-06	9.909040178571432e-06	9.899665178571432e-06	9.965959821428578e-06	9.988169642857148e-06	9.994977678571434e-06	9.999665178571431e-06
1000	1.0000000000000004e-05	1.0000000000000004e-05	1.0000000000000004e-05	9.995679723502307e-06	9.988652073732724e-06	9.99095622119816e-06	9.994239631336409e-06	9.993375576036868e-06	9.991877880184337e-06	9.994182027649773e-06	9.999423963133645e-06	9.991820276497701e-06	9.982430875576041e-06	9.981105990783414e-06	9.98329493087558e-06	9.987039170506915e-06	9.989228110599082e-06	9.994873271889405e-06	9.999884792626732e-06
1100	1.0000000000000003e-05	1.0000000000000003e-05	9.998988095238098e-06	9.933452380952383e-06	9.817678571428573e-06	9.862976190476193e-06	9.915119047619052e-06	9.898809523809524e-06	9.900119047619053e-06	9.901428571428573e-06	9.960178571428572e-06	9.634702380952384e-06	6.937678571428573e-06	5.408154761904762e-06	8.028988095238095e-06	9.831071428571433e-06	9.844523809523813e-06	9.926071428571431e-06	9.99339285714286e-06
1200	1.0000000000000004e-05	1.0000000000000004e-05	9.998046875000004e-06	9.93141741071429e-06	9.822488839285718e-06	9.862611607142862e-06	9.866908482142864e-06	9.848772321428576e-06	9.900892857142862e-06	9.91032366071429e-06	9.958705357142859e-06	9.659598214285716e-06	6.74425223214286e-06	5.3606026785714285e-06	8.207589285714285e-06	9.8515625e-06	9.863895089285714e-06	9.928236607142858e-06	9.99034598214286e-06
1300	1.0000000000000004e-05	1.0000000000000004e-05	9.997767857142864e-06	9.988616071428579e-06	9.989732142857146e-06	9.998883928571432e-06	1.0000000000000004e-05	1.0000000000000004e-05	1.0000000000000004e-05	1.0000000000000004e-05	1.0000000000000004e-05	1.0000000000000004e-05	1.0000000000000004e-05	1.0000000000000004e-05	1.0000000000000004e-05	1.0000000000000004e-05	1.0000000000000004e-05	9.997991071428578e-06	9.992410714285722e-06
1400	9.973511904761909e-06	9.988392857142859e-06	9.977500000000002e-06	9.853630952380956e-06	9.859166666666672e-06	9.983035714285717e-06	9.970297619047621e-06	9.910119047619051e-06	9.929702380952383e-06	9.989880952380955e-06	9.99428571428572e-06	9.930000000000003e-06	9.899047619047622e-06	9.963333333333335e-06	1.0000000000000003e-05	1.0000000000000003e-05	1.0000000000000003e-05	1.0000000000000003e-05	1.0000000000000003e-05
1500	1.0000000000000003e-05	1.0000000000000003e-05	9.980119047619052e-06	9.908154761904766e-06	9.919642857142857e-06	9.927440476190482e-06	9.788571428571433e-06	9.773750000000004e-06	9.908333333333336e-06	9.98732142857143e-06	1.0000000000000003e-05	1.0000000000000003e-05	1.0000000000000003e-05	1.0000000000000003e-05	9.998750000000005e-06	9.987678571428578e-06	9.987916666666671e-06	9.998988095238098e-06	1.0000000000000003e-05
1600	9.974285714285721e-06	9.965416666666668e-06	9.949345238095242e-06	9.911011904761909e-06	9.921250000000004e-06	9.919642857142862e-06	9.813809523809525e-06	9.816130952380955e-06	9.930714285714289e-06	9.992083333333335e-06	1.0000000000000003e-05	1.0000000000000003e-05	1.0000000000000003e-05	1.0000000000000003e-05	1.0000000000000003e-05	1.0000000000000003e-05	1.0000000000000003e-05	1.0000000000000003e-05	1.0000000000000003e-05
1700	1.0000000000000004e-05	1.0000000000000004e-05	1.0000000000000004e-05	1.0000000000000004e-05	1.0000000000000004e-05	1.0000000000000004e-05	9.999884792626732e-06	9.9955069124424e-06	9.993663594470051e-06	9.99804147465438e-06	1.0000000000000004e-05	1.0000000000000004e-05	1.0000000000000004e-05	1.0000000000000004e-05	9.999423963133645e-06	9.994585253456224e-06	9.991013824884798e-06	9.995737327188944e-06	9.999884792626732e-06
1800	9.87885944700461e-06	9.899711981566824e-06	9.93231566820277e-06	9.980933179723507e-06	9.971370967741941e-06	9.970276497695854e-06	9.994873271889405e-06	9.94412442396314e-06	9.920852534562214e-06	9.975230414746546e-06	1.0000000000000004e-05	1.0000000000000004e-05	1.0000000000000004e-05	1.0000000000000004e-05	9.991013824884798e-06	9.968317972350234e-06	9.951209677419355e-06	9.96071428571429e-06	9.98680875576037e-06
1900	9.844027093596063e-06	9.866133004926112e-06	9.911514778325124e-06	9.977586206896551e-06	9.993349753694586e-06	9.991133004926108e-06	9.992980295566505e-06	9.996182266009855e-06	9.999876847290643e-06	1.0000000000000003e-05	1.0000000000000003e-05	1.0000000000000003e-05	1.0000000000000003e-05	1.0000000000000003e-05	9.999076354679805e-06	9.990147783251237e-06	9.973460591133009e-06	9.978325123152713e-06	9.992857142857148e-06
2000	9.854575892857146e-06	9.876618303571432e-06	9.917522321428574e-06	9.979185267857146e-06	1.0000000000000004e-05	1.0000000000000004e-05	1.0000000000000004e-05	1.0000000000000004e-05	9.996037946428579e-06	9.993750000000007e-06	9.997712053571433e-06	1.0000000000000004e-05	1.0000000000000004e-05	9.994810267857151e-06	9.993750000000004e-06	9.99893973214286e-06	1.0000000000000004e-05	1.0000000000000004e-05	1.0000000000000004e-05
2100	9.853571428571428e-06	9.883620689655177e-06	9.921674876847293e-06	9.977832512315273e-06	1.0000000000000003e-05	9.995443349753697e-06	9.986453201970447e-06	9.985529556650248e-06	9.947536945812809e-06	9.912192118226605e-06	9.959113300492614e-06	9.999938423645324e-06	1.0000000000000003e-05	9.984667487684736e-06	9.964039408867e-06	9.977401477832515e-06	9.998029556650248e-06	9.999261083743848e-06	9.996182266009857e-06
2200	1.0000000000000004e-05	1.0000000000000004e-05	1.0000000000000004e-05	1.0000000000000004e-05	1.0000000000000004e-05	1.0000000000000004e-05	1.0000000000000004e-05	9.986808755760376e-06	9.980645161290327e-06	9.991013824884796e-06	9.993548387096779e-06	9.99637096774194e-06	1.0000000000000004e-05	1.0000000000000004e-05	1.0000000000000004e-05	1.0000000000000004e-05	1.0000000000000004e-05	1.0000000000000004e-05	1.0000000000000004e-05
2300	1.0000000000000004e-05	1.0000000000000004e-05	1.0000000000000004e-05	1.0000000000000004e-05	1.0000000000000004e-05	1.0000000000000004e-05	9.993614718614725e-06	9.926677489177495e-06	9.906385281385286e-06	9.973322510822514e-06	9.997132034632037e-06	9.993939393939399e-06	9.996807359307363e-06	9.989826839826845e-06	9.90746753246754e-06	9.904112554112557e-06	9.986471861471865e-06	1.0000000000000004e-05	1.0000000000000004e-05
2400	1.0000000000000004e-05	1.0000000000000004e-05	1.0000000000000004e-05	1.0000000000000004e-05	1.0000000000000004e-05	1.0000000000000004e-05	9.990841013824889e-06	9.946082949308762e-06	9.944642857142863e-06	9.989055299539174e-06	9.995103686635948e-06	9.993894009216594e-06	9.998444700460832e-06	9.991877880184337e-06	9.950518433179725e-06	9.929838709677426e-06	9.93559907834102e-06	9.960483870967744e-06	9.987442396313369e-06
2500	1.0000000000000003e-05	1.0000000000000003e-05	1.0000000000000003e-05	1.0000000000000003e-05	1.0000000000000003e-05	9.990595238095244e-06	9.979583333333335e-06	9.947202380952383e-06	9.947083333333338e-06	9.98886904761905e-06	9.990357142857149e-06	9.968333333333338e-06	9.976309523809526e-06	9.995416666666671e-06	9.973452380952386e-06	9.953095238095242e-06	9.94875e-06	9.968988095238095e-06	9.993988095238096e-06
2600	1.0000000000000004e-05	1.0000000000000004e-05	1.0000000000000004e-05	9.992153679653686e-06	9.928571428571432e-06	9.916937229437233e-06	9.970400432900437e-06	9.870616883116888e-06	9.828300865800872e-06	9.94756493506494e-06	9.952326839826847e-06	9.830898268398272e-06	9.865854978354981e-06	9.977976190476195e-06	9.924080086580092e-06	9.91498917748918e-06	9.97895021645022e-06	9.980627705627713e-06	9.942694805194811e-06
2700	9.975000000000005e-06	9.84321428571429e-06	9.825000000000003e-06	9.948214285714288e-06	9.917142857142858e-06	9.908571428571432e-06	9.971428571428576e-06	9.864404761904766e-06	9.811428571428574e-06	9.935595238095239e-06	9.949404761904763e-06	9.81071428571429e-06	9.848095238095243e-06	9.97255952380953e-06	9.912142857142857e-06	9.90625e-06	9.968511904761908e-06	9.96226190476191e-06	9.920059523809528e-06
2800	9.981082589285721e-06	9.856082589285717e-06	9.837667410714291e-06	9.951060267857147e-06	9.86886160714286e-06	9.830357142857149e-06	9.933370535714287e-06	9.869754464285719e-06	9.833928571428576e-06	9.943694196428577e-06	9.956026785714293e-06	9.834988839285717e-06	9.857812500000003e-06	9.982812500000003e-06	1.0000000000000004e-05	1.0000000000000004e-05	1.0000000000000004e-05	1.0000000000000004e-05	1.0000000000000004e-05
2900	9.985602678571433e-06	9.88247767857143e-06	9.858147321428576e-06	9.961272321428574e-06	1.0000000000000004e-05	1.0000000000000004e-05	1.0000000000000004e-05	1.0000000000000004e-05	1.0000000000000004e-05	1.0000000000000004e-05	1.0000000000000004e-05	1.0000000000000004e-05	9.99938616071429e-06	9.99012276785715e-06	9.970703125000005e-06	9.97550223214286e-06	9.995535714285719e-06	9.995926339285718e-06	9.976395089285719e-06
3000	9.978974654377886e-06	9.841647465437794e-06	9.821025345622126e-06	9.958352534562215e-06	9.995449308755764e-06	9.952995391705076e-06	9.940034562211987e-06	9.982488479262675e-06	1.0000000000000004e-05	1.0000000000000004e-05	9.984043778801849e-06	9.914343317972354e-06	9.902937788018435e-06	9.872868663594475e-06	9.775921658986178e-06	9.851497695852539e-06	9.975806451612907e-06	9.986808755760376e-06	9.94072580645162e-06
3100	9.86232142857143e-06	9.82541666666667e-06	9.842916666666672e-06	9.957202380952384e-06	9.953095238095242e-06	9.843928571428573e-06	9.873571428571431e-06	9.982738095238098e-06	1.0000000000000003e-05	1.0000000000000003e-05	9.979761904761909e-06	9.911309523809527e-06	9.906666666666668e-06	9.89369047619048e-06	9.848988095238095e-06	9.921666666666669e-06	9.991250000000002e-06	1.0000000000000003e-05	1.0000000000000003e-05
3200	9.38214285714286e-06	8.06417410714286e-06	8.545982142857148e-06	9.947544642857147e-06	8.421540178571433e-06	7.421651785714287e-06	8.987834821428575e-06	9.995200892857147e-06	9.996875000000008e-06	9.996316964285719e-06	9.990066964285719e-06	9.989062500000008e-06	9.997433035714287e-06	1.0000000000000004e-05	9.998493303571433e-06	9.994308035714293e-06	9.995256696428577e-06	9.999441964285717e-06	1.0000000000000004e-05
3300	9.807421875000003e-06	9.635825892857147e-06	9.673381696428574e-06	9.864899553571432e-06	9.878571428571432e-06	9.827176339285714e-06	9.876060267857147e-06	9.97349330357143e-06	9.993415178571436e-06	9.993415178571431e-06	9.956529017857148e-06	9.913225446428575e-06	9.921595982142864e-06	9.419977678571431e-06	9.113225446428575e-06	9.651618303571433e-06	9.992466517857147e-06	9.985491071428577e-06	9.946428571428576e-06
3400	9.821428571428574e-06	9.848647186147187e-06	9.861850649350654e-06	9.814339826839831e-06	9.813257575757583e-06	9.828733766233773e-06	9.88847402597403e-06	9.982575757575761e-06	1.0000000000000004e-05	9.999567099567101e-06	9.956818181818187e-06	9.907196969696975e-06	9.915151515151519e-06	9.423160173160177e-06	9.119155844155848e-06	9.651893939393944e-06	9.988744588744595e-06	9.996969696969703e-06	9.998917748917753e-06
3500	9.827380952380953e-06	9.84529761904762e-06	9.854940476190478e-06	9.808690476190479e-06	9.802559523809528e-06	9.815e-06	9.863988095238095e-06	9.966190476190478e-06	1.0000000000000003e-05	1.0000000000000003e-05	9.984583333333336e-06	9.939940476190478e-06	9.952083333333334e-06	9.985476190476194e-06	9.936547619047622e-06	9.89375e-06	9.933452380952383e-06	9.982857142857146e-06	9.983452380952388e-06
3600	6.1156682027649785e-06	8.685080645161294e-06	9.754205069124429e-06	9.741820276497699e-06	9.877361751152077e-06	9.858352534562216e-06	9.792338709677422e-06	9.852419354838713e-06	9.868433179723505e-06	9.88341013824885e-06	9.923041474654382e-06	9.903859447004612e-06	9.925864055299541e-06	9.975288018433185e-06	9.895679723502308e-06	9.832834101382493e-06	9.837039170506915e-06	9.865495391705069e-06	9.887154377880188e-06
3700	8.392316017316018e-06	9.341504329004332e-06	7.178409090909091e-06	5.433225108225108e-06	7.941558441558445e-06	8.904004329004333e-06	6.94042207792208e-06	7.890476190476193e-06	9.849134199134202e-06	9.893560606060612e-06	9.908333333333338e-06	9.89166666666667e-06	9.955790043290048e-06	9.987121212121216e-06	9.95032467532468e-06	9.91726190476191e-06	9.895508658008662e-06	9.922835497835504e-06	9.965854978354987e-06
3800	9.949776785714291e-06	9.815345982142861e-06	7.533258928571429e-06	5.650502232142859e-06	7.891852678571428e-06	8.502734375e-06	4.796819196428571e-06	5.6580915178571445e-06	9.448437500000005e-06	9.996875000000008e-06	9.997544642857145e-06	9.996930803571436e-06	9.997154017857148e-06	9.999944196428575e-06	9.997935267857148e-06	9.989006696428577e-06	9.924609375000005e-06	9.887555803571433e-06	9.903794642857145e-06
3900	1.0000000000000004e-05	1.0000000000000004e-05	1.0000000000000004e-05	1.0000000000000004e-05	1.0000000000000004e-05	1.0000000000000004e-05	1.0000000000000004e-05	1.0000000000000004e-05	1.0000000000000004e-05	1.0000000000000004e-05	1.0000000000000004e-05	1.0000000000000004e-05	1.0000000000000004e-05	1.0000000000000004e-05	1.0000000000000004e-05	1.0000000000000004e-05	1.0000000000000004e-05	1.0000000000000004e-05	1.0000000000000004e-05
4000	8.897294372294374e-06	9.521158008658011e-06	9.800595238095246e-06	9.854437229437235e-06	9.975162337662344e-06	9.851569264069266e-06	9.798701298701301e-06	9.859145021645026e-06	9.870779220779227e-06	9.889285714285718e-06	9.923322510822515e-06	9.903463203463209e-06	9.912878787878793e-06	9.87954545454546e-06	9.80708874458875e-06	9.836634199134201e-06	9.86287878787879e-06	9.381277056277057e-06	8.01201298701299e-06
4100	9.999386160714288e-06	9.996875000000008e-06	9.997488839285717e-06	1.0000000000000004e-05	1.0000000000000004e-05	1.0000000000000004e-05	1.0000000000000004e-05	1.0000000000000004e-05	1.0000000000000004e-05	1.0000000000000004e-05	1.0000000000000004e-05	1.0000000000000004e-05	1.0000000000000004e-05	1.0000000000000004e-05	1.0000000000000004e-05	1.0000000000000004e-05	1.0000000000000004e-05	9.998828125000003e-06	9.996037946428577e-06
4200	9.967511520737334e-06	9.904723502304153e-06	9.93571428571429e-06	9.99850230414747e-06	1.0000000000000004e-05	1.0000000000000004e-05	1.0000000000000004e-05	1.0000000000000004e-05	9.954032258064521e-06	9.903341013824888e-06	9.9491935483871e-06	9.999884792626732e-06	9.997292626728114e-06	9.936923963133645e-06	9.909158986175119e-06	9.96952764976959e-06	1.0000000000000004e-05	1.0000000000000004e-05	1.0000000000000004e-05
4300	9.962229437229444e-06	9.901244588744595e-06	9.937770562770565e-06	9.998755411255414e-06	1.0000000000000004e-05	1.0000000000000004e-05	1.0000000000000004e-05	1.0000000000000004e-05	9.947943722943726e-06	9.900000000000003e-06	9.95205627705628e-06	1.0000000000000004e-05	9.99420995670996e-06	9.928084415584422e-06	9.905790043290047e-06	9.971915584415587e-06	9.997673160173168e-06	9.996969696969703e-06	9.99929653679654e-06
4400	9.988839285714291e-06	9.96629464285715e-06	9.976227678571431e-06	9.989006696428577e-06	9.984933035714294e-06	9.99469866071429e-06	9.998158482142862e-06	9.996875000000006e-06	9.998716517857147e-06	9.995256696428577e-06	9.984654017857147e-06	9.989118303571434e-06	9.99972098214286e-06	1.0000000000000004e-05	1.0000000000000004e-05	1.0000000000000004e-05	1.0000000000000004e-05	1.0000000000000004e-05	1.0000000000000004e-05
4500	9.837261904761907e-06	9.824761904761908e-06	9.925654761904764e-06	9.997678571428574e-06	9.999761904761904e-06	9.985595238095242e-06	9.968333333333338e-06	9.98107142857143e-06	9.985476190476196e-06	9.920714285714287e-06	9.913095238095244e-06	9.979285714285717e-06	9.983273809523814e-06	9.94559523809524e-06	9.960059523809526e-06	9.997738095238097e-06	1.0000000000000003e-05	1.0000000000000003e-05	1.0000000000000003e-05
4600	9.849107142857144e-06	9.83515625e-06	9.932087053571431e-06	9.999051339285718e-06	1.0000000000000004e-05	1.0000000000000004e-05	1.0000000000000004e-05	1.0000000000000004e-05	1.0000000000000004e-05	1.0000000000000004e-05	1.0000000000000004e-05	9.985379464285718e-06	9.919642857142862e-06	9.92087053571429e-06	9.986607142857147e-06	1.0000000000000004e-05	1.0000000000000004e-05	1.0000000000000004e-05	1.0000000000000004e-05
4700	9.997235023041479e-06	9.993548387096779e-06	9.996313364055303e-06	1.0000000000000004e-05	1.0000000000000004e-05	1.0000000000000004e-05	1.0000000000000004e-05	1.0000000000000004e-05	1.0000000000000004e-05	1.0000000000000004e-05	9.99907834101383e-06	9.996774193548392e-06	9.997695852534566e-06	1.0000000000000004e-05	1.0000000000000004e-05	1.0000000000000004e-05	1.0000000000000004e-05	1.0000000000000004e-05	1.0000000000000004e-05
4800	9.966013824884794e-06	9.974193548387103e-06	9.99377880184332e-06	1.0000000000000004e-05	1.0000000000000004e-05	1.0000000000000004e-05	1.0000000000000004e-05	1.0000000000000004e-05	1.0000000000000004e-05	1.0000000000000004e-05	1.0000000000000004e-05	1.0000000000000004e-05	1.0000000000000004e-05	9.992281105990792e-06	9.973099078341019e-06	9.978686635944705e-06	9.997868663594475e-06	1.0000000000000004e-05	1.0000000000000004e-05
4900	9.264573732718896e-06	9.54902073732719e-06	9.437615207373271e-06	9.63997695852535e-06	9.89279953917051e-06	8.91935483870968e-06	8.17488479262673e-06	9.063133640552998e-06	9.900864055299542e-06	9.977649769585257e-06	9.97091013824885e-06	9.981797235023044e-06	9.999654377880188e-06	1.0000000000000004e-05	1.0000000000000004e-05	1.0000000000000004e-05	1.0000000000000004e-05	1.0000000000000004e-05	1.0000000000000004e-05
5000	9.939285714285719e-06	9.341125541125543e-06	8.202597402597404e-06	8.816341991341996e-06	9.864935064935072e-06	7.2696969696969704e-06	6.145021645021647e-06	8.626948051948056e-06	9.845454545454547e-06	9.963961038961042e-06	9.999134199134204e-06	1.0000000000000004e-05	1.0000000000000004e-05	1.0000000000000004e-05	1.0000000000000004e-05	9.980140692640697e-06	9.945616883116888e-06	9.959253246753252e-06	9.993777056277058e-06
5100	1.0000000000000003e-05	9.99922619047619e-06	9.987916666666671e-06	9.984047619047622e-06	9.990595238095242e-06	9.993392857142861e-06	9.99529761904762e-06	9.994166666666667e-06	9.996190476190478e-06	9.999166666666669e-06	1.0000000000000003e-05	1.0000000000000003e-05	1.0000000000000003e-05	1.0000000000000003e-05	1.0000000000000003e-05	9.996130952380957e-06	9.98791666666667e-06	9.990535714285718e-06	9.998750000000003e-06
5200	1.0000000000000003e-05	9.99952380952381e-06	9.99654761904762e-06	9.994047619047619e-06	9.991309523809527e-06	9.853154761904767e-06	9.80011904761905e-06	9.939940476190478e-06	9.998690476190478e-06	1.0000000000000003e-05	9.99904761904762e-06	9.996428571428572e-06	9.994404761904762e-06	9.996904761904766e-06	9.999880952380957e-06	9.997857142857143e-06	9.993988095238098e-06	9.987142857142864e-06	9.98208333333334e-06
5300	9.990205627705633e-06	9.976893939393947e-06	9.98290043290044e-06	9.995833333333339e-06	9.999621212121217e-06	1.0000000000000004e-05	1.0000000000000004e-05	1.0000000000000004e-05	9.997132034632037e-06	9.979545454545462e-06	9.975595238095245e-06	9.993181818181822e-06	1.0000000000000004e-05	1.0000000000000004e-05	1.0000000000000004e-05	1.0000000000000004e-05	1.0000000000000004e-05	1.0000000000000004e-05	1.0000000000000004e-05
5400	9.98485023041475e-06	9.987672811059913e-06	9.99706221198157e-06	1.0000000000000004e-05	1.0000000000000004e-05	1.0000000000000004e-05	1.0000000000000004e-05	1.0000000000000004e-05	9.426785714285718e-06	7.5667050691244245e-06	8.099020737327193e-06	9.9580069124424e-06	9.994930875576038e-06	9.982891705069132e-06	9.976036866359453e-06	9.989170506912446e-06	9.997407834101386e-06	9.996774193548392e-06	9.999366359447008e-06
5500	9.864516129032261e-06	9.839055299539174e-06	9.896486175115211e-06	9.979550691244244e-06	1.0000000000000004e-05	1.0000000000000004e-05	1.0000000000000004e-05	1.0000000000000004e-05	9.236232718894012e-06	6.899711981566822e-06	7.365380184331797e-06	9.700288018433183e-06	9.996889400921659e-06	9.952649769585258e-06	9.930529953917055e-06	9.976382488479265e-06	1.0000000000000004e-05	1.0000000000000004e-05	1.0000000000000004e-05
5600	9.889397321428577e-06	9.785491071428576e-06	9.718024553571432e-06	9.850446428571431e-06	9.977790178571436e-06	9.99391741071429e-06	9.992354910714292e-06	9.981975446428576e-06	9.379743303571433e-06	7.5108816964285725e-06	8.03297991071429e-06	9.890680803571433e-06	9.917633928571434e-06	9.892912946428575e-06	9.915234375000004e-06	9.92327008928572e-06	9.921428571428577e-06	9.926450892857146e-06	9.924944196428574e-06
5700	9.736662946428581e-06	8.756194196428576e-06	7.553571428571431e-06	7.050000000000002e-06	8.301841517857144e-06	9.858984375000005e-06	9.886383928571433e-06	9.821093750000001e-06	9.81300223214286e-06	9.770312500000003e-06	9.744642857142863e-06	9.807645089285716e-06	9.821093750000003e-06	9.836049107142862e-06	9.875948660714289e-06	9.877399553571432e-06	9.850000000000002e-06	9.815625000000003e-06	9.823214285714285e-06
5800	9.722673160173165e-06	8.398538961038964e-06	3.8058441558441562e-06	2.027056277056277e-06	6.58138528138528e-06	9.772619047619051e-06	8.674621212121215e-06	6.878300865800866e-06	8.039989177489182e-06	9.724296536796539e-06	9.746158008658013e-06	9.811417748917752e-06	9.826839826839828e-06	9.843614718614724e-06	9.881060606060613e-06	9.882359307359312e-06	9.843181818181822e-06	9.812554112554115e-06	9.850432900432907e-06
5900	9.739413265306124e-06	8.143877551020411e-06	3.4650510204081647e-06	1.6069515306122451e-06	6.265433673469389e-06	9.78112244897959e-06	9.223660714285713e-06	7.369387755102039e-06	7.90044642857143e-06	9.654017857142857e-06	9.747767857142861e-06	9.809693877551022e-06	9.821364795918372e-06	9.857589285714291e-06	9.877678571428579e-06	9.824553571428576e-06	9.881632653061228e-06	9.98686224489796e-06	1e-05
6000	9.688113839285723e-06	7.862053571428576e-06	3.222488839285716e-06	1.7728794642857142e-06	6.406584821428575e-06	9.761495535714291e-06	8.941406250000003e-06	6.76791294642857e-06	7.63337053571429e-06	9.73448660714286e-06	9.793694196428575e-06	9.833761160714289e-06	9.904687500000004e-06	9.908258928571434e-06	9.841741071428576e-06	9.783872767857147e-06	9.815792410714289e-06	9.887053571428574e-06	9.927176339285716e-06
6100	9.707976190476195e-06	8.566190476190478e-06	4.599226190476191e-06	5.4352976190476196e-06	9.559583333333336e-06	9.999226190476195e-06	1.0000000000000003e-05	1.0000000000000003e-05	1.0000000000000003e-05	9.996250000000003e-06	9.939880952380957e-06	9.903750000000003e-06	9.95059523809524e-06	9.915773809523811e-06	9.90952380952381e-06	9.984226190476195e-06	1.0000000000000003e-05	9.993869047619053e-06	9.978988095238097e-06
6200	9.770320197044341e-06	8.825369458128078e-06	5.407142857142857e-06	4.891009852216749e-06	8.418103448275865e-06	9.983866995073894e-06	1.0000000000000003e-05	1.0000000000000003e-05	1.0000000000000003e-05	9.99747536945813e-06	9.951970443349757e-06	9.923214285714288e-06	9.960467980295569e-06	9.932943349753699e-06	9.926724137931037e-06	9.934359605911335e-06	9.92290640394089e-06	9.974076354679806e-06	1.0000000000000003e-05
6300	9.994531250000008e-06	9.997321428571433e-06	1.0000000000000004e-05	1.0000000000000004e-05	1.0000000000000004e-05	1.0000000000000004e-05	1.0000000000000004e-05	1.0000000000000004e-05	1.0000000000000004e-05	1.0000000000000004e-05	1.0000000000000004e-05	1.0000000000000004e-05	1.0000000000000004e-05	1.0000000000000004e-05	1.0000000000000004e-05	1.0000000000000004e-05	1.0000000000000004e-05	9.999330357142861e-06	9.996540178571434e-06
6400	9.912946428571435e-06	9.912109375000006e-06	9.946372767857146e-06	9.903515625000003e-06	9.917075892857147e-06	9.991462053571432e-06	1.0000000000000004e-05	1.0000000000000004e-05	1.0000000000000004e-05	1.0000000000000004e-05	1.0000000000000004e-05	1.0000000000000004e-05	1.0000000000000004e-05	1.0000000000000004e-05	1.0000000000000004e-05	9.998772321428576e-06	9.942131696428576e-06	9.902790178571432e-06	9.953850446428577e-06
6500	9.939804147465441e-06	9.907430875576038e-06	9.923905529953923e-06	9.893836405529956e-06	9.920737327188942e-06	9.994700460829496e-06	1.0000000000000004e-05	9.987788018433185e-06	9.927476958525348e-06	9.918663594470048e-06	9.978974654377883e-06	1.0000000000000004e-05	9.995622119815671e-06	9.976440092165903e-06	9.978168202764981e-06	9.99055299539171e-06	9.920852534562214e-06	9.89752304147466e-06	9.969873271889404e-06
6600	1.0000000000000003e-05	9.973953201970445e-06	9.879741379310348e-06	9.836884236453206e-06	9.912500000000004e-06	9.91274630541872e-06	9.918103448275866e-06	9.965886699507393e-06	9.91428571428572e-06	9.873337438423644e-06	9.892610837438425e-06	9.954433497536948e-06	9.985775862068971e-06	9.915825123152713e-06	9.917672413793106e-06	9.977524630541876e-06	9.918288177339903e-06	9.848399014778324e-06	9.833805418719214e-06
6700	1.0000000000000003e-05	1.0000000000000003e-05	9.969880952380957e-06	9.916250000000004e-06	9.927738095238096e-06	9.91976190476191e-06	9.92904761904762e-06	9.977500000000004e-06	9.931071428571435e-06	9.885773809523812e-06	9.908928571428575e-06	9.967380952380955e-06	9.987916666666671e-06	9.93041666666667e-06	9.92916666666667e-06	9.975892857142862e-06	9.91994047619048e-06	9.820952380952385e-06	9.777142857142865e-06
6800	9.995564516129035e-06	9.996543778801846e-06	9.969873271889406e-06	9.90230414746544e-06	9.914516129032261e-06	9.909965437788023e-06	9.912384792626732e-06	9.956566820276502e-06	9.90230414746544e-06	9.872119815668205e-06	9.891244239631338e-06	9.951267281105992e-06	9.985656682027656e-06	9.914631336405535e-06	9.917569124423966e-06	9.981336405529958e-06	9.911751152073737e-06	9.782142857142859e-06	9.727764976958526e-06
6900	9.959913793103452e-06	9.990701970443352e-06	9.96323891625616e-06	9.821613300492612e-06	9.821798029556651e-06	9.889839901477833e-06	9.908066502463054e-06	9.953509852216752e-06	9.907266009852217e-06	9.876169950738915e-06	9.892733990147784e-06	9.951970443349755e-06	9.977586206896555e-06	9.827955665024635e-06	9.82241379310345e-06	9.964224137931037e-06	8.487376847290642e-06	4.954310344827587e-06	4.150000000000003e-06
7000	1.0000000000000003e-05	1.0000000000000003e-05	9.497413793103453e-06	6.5219211822660125e-06	6.730172413793104e-06	9.705665024630546e-06	9.999199507389166e-06	9.935036945812809e-06	9.861391625615766e-06	9.91668719211823e-06	9.99113300492611e-06	9.999753694581283e-06	9.972783251231531e-06	9.930603448275863e-06	9.951970443349755e-06	9.992918719211825e-06	9.949322660098522e-06	9.925e-06	9.974199507389165e-06
7100	1.0000000000000004e-05	1.0000000000000004e-05	9.419308035714292e-06	6.517075892857145e-06	6.9681919642857175e-06	9.870424107142861e-06	1.0000000000000004e-05	1.0000000000000004e-05	1.0000000000000004e-05	9.998883928571432e-06	9.996875000000008e-06	9.997991071428576e-06	1.0000000000000004e-05	1.0000000000000004e-05	1.0000000000000004e-05	1.0000000000000004e-05	1.0000000000000004e-05	1.0000000000000004e-05	1.0000000000000004e-05
7200	1.0000000000000004e-05	1.0000000000000004e-05	9.671986607142862e-06	6.5321986607142865e-06	6.5498883928571465e-06	9.689676339285717e-06	1.0000000000000004e-05	1.0000000000000004e-05	1.0000000000000004e-05	1.0000000000000004e-05	1.0000000000000004e-05	1.0000000000000004e-05	9.997712053571434e-06	9.996875000000006e-06	9.999162946428574e-06	1.0000000000000004e-05	1.0000000000000004e-05	9.987611607142867e-06	9.965290178571439e-06
7300	9.994419642857149e-06	9.997154017857148e-06	9.597712053571435e-06	7.811718750000003e-06	8.059486607142862e-06	9.839732142857147e-06	9.992745535714292e-06	9.998549107142863e-06	9.997767857142864e-06	9.944866071428578e-06	9.902232142857145e-06	9.955133928571433e-06	1.0000000000000004e-05	1.0000000000000004e-05	1.0000000000000004e-05	1.0000000000000004e-05	1.0000000000000004e-05	1.0000000000000004e-05	1.0000000000000004e-05
7400	1.0000000000000004e-05	9.977361751152079e-06	9.909158986175117e-06	9.92263824884793e-06	9.990841013824889e-06	1.0000000000000004e-05	1.0000000000000004e-05	9.997753456221201e-06	9.981797235023049e-06	9.929032258064522e-06	9.89890552995392e-06	9.95385944700461e-06	9.999942396313369e-06	1.0000000000000004e-05	9.972465437788024e-06	9.904435483870973e-06	9.924308755760371e-06	9.992338709677422e-06	1.0000000000000004e-05
7500	1.0000000000000004e-05	9.978683035714289e-06	9.910044642857148e-06	9.921316964285719e-06	9.98995535714286e-06	1.0000000000000004e-05	1.0000000000000004e-05	9.971540178571436e-06	9.909486607142861e-06	9.880468750000003e-06	9.890736607142858e-06	9.947991071428575e-06	9.99977678571429e-06	1.0000000000000004e-05	9.97561383928572e-06	9.846037946428572e-06	9.823214285714287e-06	9.950837053571435e-06	9.998046875000004e-06
7600	1.0000000000000004e-05	9.978801843317977e-06	9.915898617511524e-06	9.927649769585257e-06	9.990552995391707e-06	9.967223502304154e-06	9.895794930875578e-06	9.903513824884794e-06	9.90956221198157e-06	9.874884792626729e-06	9.881394009216593e-06	9.900748847926272e-06	9.875691244239636e-06	9.872407834101383e-06	9.944354838709683e-06	9.96543778801844e-06	9.954377880184337e-06	9.502880184331802e-06	8.880760368663596e-06
7700	1.0000000000000004e-05	9.98415178571429e-06	9.906808035714289e-06	9.91584821428572e-06	9.99274553571429e-06	9.833203125000005e-06	9.671651785714293e-06	9.809263392857147e-06	9.925000000000007e-06	9.919866071428577e-06	9.919698660714288e-06	9.941852678571434e-06	9.930468750000004e-06	9.93643973214286e-06	9.994252232142863e-06	1.0000000000000004e-05	1.0000000000000004e-05	1.0000000000000004e-05	1.0000000000000004e-05
7800	9.91705069124424e-06	9.88323732718894e-06	8.977246543778803e-06	6.219585253456223e-06	6.99648617511521e-06	9.745564516129037e-06	9.806797235023044e-06	9.843605990783412e-06	9.902534562211986e-06	9.868836405529954e-06	9.890956221198158e-06	9.92776497695853e-06	9.904953917050695e-06	9.870103686635946e-06	9.894758064516132e-06	9.955126728110602e-06	1.0000000000000004e-05	1.0000000000000004e-05	1.0000000000000004e-05
7900	9.91653225806452e-06	9.883352534562215e-06	9.075115207373276e-06	5.926958525345621e-06	6.5514976958525375e-06	9.686405529953924e-06	9.808640552995398e-06	9.868836405529957e-06	9.979377880184336e-06	9.983640552995395e-06	9.98433179723503e-06	9.98513824884793e-06	9.980126728110605e-06	9.972695852534568e-06	9.967396313364057e-06	9.978168202764981e-06	9.996140552995395e-06	9.991186635944707e-06	9.97978110599079e-06
8000	9.921763392857148e-06	9.88297991071429e-06	8.856640625000001e-06	4.8360491071428575e-06	5.555580357142859e-06	9.583258928571434e-06	9.82834821428572e-06	9.864843750000009e-06	9.978236607142861e-06	9.991964285714293e-06	9.993415178571436e-06	9.997209821428574e-06	1.0000000000000004e-05	1.0000000000000004e-05	1.0000000000000004e-05	1.0000000000000004e-05	9.989508928571434e-06	9.87399553571429e-06	9.73102678571429e-06
8100	9.914631336405537e-06	9.88577188940092e-06	8.710541474654378e-06	4.772523041474655e-06	5.505875576036868e-06	9.498444700460832e-06	9.99976958525346e-06	9.974193548387102e-06	9.908294930875578e-06	9.87459677419355e-06	9.891762672811062e-06	9.947983870967744e-06	9.984677419354845e-06	9.987096774193554e-06	9.999135944700465e-06	1.0000000000000004e-05	9.992569124423968e-06	9.870679723502309e-06	9.719700460829498e-06
8200	9.910212053571429e-06	9.882589285714289e-06	9.049888392857149e-06	4.9178013392857165e-06	5.1801339285714305e-06	9.36919642857143e-06	9.987723214285723e-06	9.961662946428573e-06	9.905803571428575e-06	9.600725446428574e-06	9.457142857142861e-06	9.788950892857146e-06	9.999330357142861e-06	1.0000000000000004e-05	1.0000000000000004e-05	1.0000000000000004e-05	9.988337053571434e-06	9.888002232142859e-06	9.762946428571427e-06
8300	8.994066820276502e-06	7.486520737327187e-06	6.993548387096774e-06	4.941071428571428e-06	5.84591013824885e-06	9.522983870967746e-06	9.821774193548394e-06	9.86866359447005e-06	9.991129032258068e-06	9.959216589861755e-06	9.906797235023042e-06	9.947235023041477e-06	9.99965437788019e-06	1.0000000000000004e-05	1.0000000000000004e-05	1.0000000000000004e-05	9.990034562211987e-06	9.872868663594477e-06	9.73882488479263e-06
8400	8.18058755760369e-06	4.692165898617512e-06	3.247983870967742e-06	2.5982142857142864e-06	4.743317972350232e-06	9.14544930875576e-06	9.814055299539177e-06	9.818605990783417e-06	9.85218894009217e-06	9.83214285714286e-06	9.870679723502305e-06	9.940495391705071e-06	9.998559907834106e-06	1.0000000000000004e-05	1.0000000000000004e-05	9.99850230414747e-06	9.989343317972352e-06	9.870449308755763e-06	9.72119815668203e-06
8500	8.322678571428574e-06	5.8989880952380945e-06	3.6765476190476184e-06	2.6017261904761904e-06	5.385595238095241e-06	9.464226190476193e-06	9.80571428571429e-06	9.829642857142863e-06	9.823928571428575e-06	9.800654761904764e-06	9.86779761904762e-06	9.941011904761907e-06	9.985297619047623e-06	9.915238095238098e-06	9.913928571428574e-06	9.984761904761907e-06	9.944583333333338e-06	7.849583333333335e-06	5.657976190476191e-06
8600	4.464062499999999e-06	2.749441964285714e-06	1.0197544642857143e-06	1.1881138392857146e-06	5.2071986607142865e-06	8.100223214285714e-06	8.0875e-06	8.612667410714288e-06	7.027343750000003e-06	7.569363839285715e-06	9.776618303571431e-06	9.939006696428576e-06	9.989453125000004e-06	9.917633928571432e-06	9.840457589285716e-06	9.884486607142862e-06	9.931138392857148e-06	9.838392857142862e-06	9.793973214285716e-06
8700	4.142522321428571e-06	2.5363839285714285e-06	8.157366071428575e-07	1.0809709821428569e-06	5.395870535714287e-06	8.714564732142858e-06	8.753683035714288e-06	8.886439732142859e-06	7.226171875000003e-06	7.642131696428572e-06	9.73794642857143e-06	9.944642857142861e-06	9.984877232142864e-06	9.910044642857146e-06	9.84341517857143e-06	9.90245535714286e-06	9.419084821428577e-06	6.5500558035714305e-06	5.046484375000001e-06
8800	4.364955357142856e-06	3.2530133928571418e-06	2.107924107142857e-06	2.2378906249999996e-06	6.084765625000003e-06	8.649944196428572e-06	8.557421875000005e-06	9.042857142857147e-06	8.050669642857145e-06	8.357756696428574e-06	9.567689732142858e-06	9.70530133928572e-06	9.93761160714286e-06	9.914843750000007e-06	9.857924107142863e-06	9.916406250000003e-06	9.67628348214286e-06	7.1530691964285705e-06	5.098381696428569e-06
8900	8.93232142857143e-06	7.45119047619048e-06	5.84291666666667e-06	3.5635119047619064e-06	5.44886904761905e-06	8.119345238095242e-06	5.9294642857142865e-06	6.126785714285713e-06	7.157619047619048e-06	8.072202380952381e-06	9.768809523809523e-06	9.832023809523812e-06	9.930178571428577e-06	9.960595238095241e-06	9.939880952380954e-06	9.95541666666667e-06	9.631250000000004e-06	8.60767857142857e-06	8.598511904761904e-06
9000	1.0000000000000004e-05	1.0000000000000004e-05	1.0000000000000004e-05	1.0000000000000004e-05	1.0000000000000004e-05	1.0000000000000004e-05	1.0000000000000004e-05	1.0000000000000004e-05	1.0000000000000004e-05	1.0000000000000004e-05	1.0000000000000004e-05	1.0000000000000004e-05	1.0000000000000004e-05	1.0000000000000004e-05	1.0000000000000004e-05	1.0000000000000004e-05	1.0000000000000004e-05	1.0000000000000004e-05	1.0000000000000004e-05
9100	1.0000000000000003e-05	1.0000000000000003e-05	1.0000000000000003e-05	1.0000000000000003e-05	1.0000000000000003e-05	1.0000000000000003e-05	1.0000000000000003e-05	1.0000000000000003e-05	1.0000000000000003e-05	1.0000000000000003e-05	1.0000000000000003e-05	1.0000000000000003e-05	1.0000000000000003e-05	1.0000000000000003e-05	1.0000000000000003e-05	1.0000000000000003e-05	1.0000000000000003e-05	1.0000000000000003e-05	1.0000000000000003e-05
9200	9.997465437788018e-06	9.952476958525347e-06	9.896889400921663e-06	9.941071428571432e-06	9.999193548387102e-06	1.0000000000000004e-05	1.0000000000000004e-05	9.997004608294936e-06	9.888709677419362e-06	9.802995391705074e-06	9.911290322580648e-06	1.0000000000000004e-05	1.0000000000000004e-05	9.98162442396314e-06	9.939112903225812e-06	9.953859447004612e-06	9.99637096774194e-06	1.0000000000000004e-05	1.0000000000000004e-05
9300	9.856071428571432e-06	9.837500000000002e-06	9.81261904761905e-06	9.912261904761908e-06	9.994761904761908e-06	1.0000000000000003e-05	1.0000000000000003e-05	9.998928571428574e-06	7.156904761904762e-06	4.932380952380952e-06	7.77309523809524e-06	9.99869047619048e-06	1.0000000000000003e-05	9.97636904761905e-06	9.907559523809528e-06	9.923630952380954e-06	9.992440476190478e-06	9.994642857142862e-06	9.988690476190479e-06
9400	7.390151515151514e-06	8.709307359307364e-06	9.758820346320352e-06	9.705952380952386e-06	9.143019480519483e-06	5.85021645021645e-06	5.578084415584416e-06	9.004924242424248e-06	7.293452380952384e-06	4.7227813852813865e-06	7.420021645021649e-06	1.0000000000000004e-05	1.0000000000000004e-05	9.965313852813857e-06	9.907575757575763e-06	9.937716450216453e-06	9.992857142857144e-06	9.989339826839832e-06	9.97570346320347e-06
9500	1.0000000000000003e-05	9.970535714285716e-06	9.860476190476193e-06	9.741309523809527e-06	9.242083333333336e-06	6.602440476190478e-06	6.597976190476192e-06	9.365595238095243e-06	7.296726190476196e-06	5.324761904761906e-06	8.005892857142859e-06	9.968988095238097e-06	9.913690476190478e-06	9.934404761904766e-06	9.947202380952386e-06	9.951964285714288e-06	9.995952380952385e-06	9.998273809523813e-06	9.992321428571432e-06
9600	6.7702566964285705e-06	6.5328683035714275e-06	8.673549107142858e-06	9.661439732142859e-06	8.85440848214286e-06	6.072767857142858e-06	6.716406250000003e-06	9.620145089285719e-06	7.021428571428576e-06	5.066183035714289e-06	8.02661830357143e-06	9.95920758928572e-06	9.873102678571436e-06	9.832198660714288e-06	9.839453125000004e-06	9.90797991071429e-06	9.985993303571433e-06	9.816294642857151e-06	9.025390625000007e-06
9700	4.848502304147464e-06	6.327937788018434e-06	9.180472350230417e-06	9.735023041474659e-06	8.67332949308756e-06	5.76607142857143e-06	6.253917050691247e-06	9.284907834101386e-06	7.893605990783414e-06	5.775806451612904e-06	7.86296082949309e-06	9.94706221198157e-06	9.87379032258065e-06	9.851094470046084e-06	9.850115207373273e-06	9.90034562211982e-06	9.97701612903226e-06	9.618260368663599e-06	7.973675115207377e-06
9800	6.021428571428573e-06	6.615841013824888e-06	9.084101382488482e-06	9.74268433179724e-06	8.542338709677419e-06	5.649193548387097e-06	6.387384792626729e-06	9.39354838709678e-06	7.4774193548387145e-06	5.25357142857143e-06	7.749654377880187e-06	9.99735023041475e-06	9.996774193548392e-06	9.99804147465438e-06	1.0000000000000004e-05	1.0000000000000004e-05	1.0000000000000004e-05	1.0000000000000004e-05	1.0000000000000004e-05
9900	6.743136160714285e-06	5.534207589285717e-06	3.991238839285715e-06	5.906863839285717e-06	8.763169642857144e-06	5.682700892857143e-06	5.2988281249999986e-06	8.660937500000001e-06	7.227678571428575e-06	5.233984375e-06	7.942131696428574e-06	9.999386160714288e-06	1.0000000000000004e-05	9.999720982142859e-06	9.996930803571436e-06	9.997154017857148e-06	9.999944196428575e-06	1.0000000000000004e-05	1.0000000000000004e-05
10000	5.413421658986178e-06	5.9696428571428575e-06	4.6441244239631335e-06	5.722350230414749e-06	8.489919354838712e-06	4.479608294930876e-06	2.888767281105991e-06	7.222177419354841e-06	7.834274193548388e-06	5.432834101382491e-06	7.522523041474657e-06	9.999827188940097e-06	1.0000000000000004e-05	1.0000000000000004e-05	1.0000000000000004e-05	1.0000000000000004e-05	9.999251152073736e-06	9.991532258064522e-06	9.986520737327191e-06
