	site
generation	50	100	150	200	250	300	350	400	450	500	550	600	650	700	750	800	850	900	950
0	1.0000000000000003e-05	1.0000000000000003e-05	1.0000000000000003e-05	1.0000000000000003e-05	1.0000000000000003e-05	1.0000000000000003e-05	1.0000000000000003e-05	1.0000000000000003e-05	1.0000000000000003e-05	1.0000000000000003e-05	1.0000000000000003e-05	1.0000000000000003e-05	1.0000000000000003e-05	1.0000000000000003e-05	1.0000000000000003e-05	1.0000000000000003e-05	1.0000000000000003e-05	1.0000000000000003e-05	1.0000000000000003e-05
100	1.0000000000000004e-05	1.0000000000000004e-05	9.995437500000009e-06	9.964750000000007e-06	9.913312500000003e-06	9.898312500000004e-06	9.938312500000002e-06	9.983812500000003e-06	9.999812500000003e-06	1.0000000000000004e-05	1.0000000000000004e-05	9.997812500000007e-06	9.991125000000005e-06	9.967156250000004e-06	9.930281250000008e-06	9.928531250000002e-06	9.966093750000006e-06	9.994000000000003e-06	1.0000000000000004e-05
200	1.0000000000000003e-05	1.0000000000000003e-05	1.0000000000000003e-05	1.0000000000000003e-05	1.0000000000000003e-05	1.0000000000000003e-05	1.0000000000000003e-05	1.0000000000000003e-05	1.0000000000000003e-05	1.0000000000000003e-05	1.0000000000000003e-05	9.999103448275867e-06	9.98293103448276e-06	9.941413793103449e-06	9.922172413793106e-06	9.956172413793104e-06	9.98941379310345e-06	9.987482758620691e-06	9.979310344827587e-06
300	1.0000000000000004e-05	9.992838709677423e-06	9.964096774193553e-06	9.929258064516133e-06	9.933870967741938e-06	9.97180645161291e-06	9.995580645161294e-06	9.999645161290326e-06	1.0000000000000004e-05	9.999483870967749e-06	9.997870967741943e-06	9.994677419354848e-06	9.975645161290326e-06	9.914193548387097e-06	9.858967741935484e-06	9.891903225806455e-06	9.961225806451616e-06	9.980548387096776e-06	9.974193548387097e-06
400	9.996875000000004e-06	9.996437500000006e-06	9.983781250000005e-06	9.957531250000006e-06	9.953156250000002e-06	9.978062500000004e-06	9.996656250000004e-06	1.0000000000000004e-05	1.0000000000000004e-05	1.0000000000000004e-05	1.0000000000000004e-05	9.998781250000004e-06	9.98431250000001e-06	9.945343750000008e-06	9.905468750000003e-06	9.902343750000005e-06	9.935625000000007e-06	9.960187500000008e-06	9.962500000000007e-06
500	9.92666666666667e-06	9.931333333333336e-06	9.929633333333336e-06	9.88766666666667e-06	9.860466666666666e-06	9.911766666666672e-06	9.975966666666669e-06	9.998633333333338e-06	1.0000000000000003e-05	1.0000000000000003e-05	1.0000000000000003e-05	9.998300000000002e-06	9.971700000000001e-06	9.913600000000001e-06	9.862966666666667e-06	9.855e-06	9.900533333333335e-06	9.954966666666672e-06	9.973333333333338e-06
600	9.934482758620692e-06	9.944862068965519e-06	9.96903448275862e-06	9.987965517241382e-06	9.993586206896554e-06	9.99355172413794e-06	9.978931034482766e-06	9.946206896551726e-06	9.94048275862069e-06	9.975000000000004e-06	9.99831034482759e-06	9.999206896551727e-06	9.971103448275868e-06	9.88534482758621e-06	9.821241379310345e-06	9.845068965517241e-06	9.900034482758622e-06	9.936896551724138e-06	9.948275862068969e-06
700	9.915625000000002e-06	9.927718750000003e-06	9.960437500000003e-06	9.985281250000005e-06	9.979437500000006e-06	9.955718750000003e-06	9.935093750000004e-06	9.933125000000005e-06	9.952625000000004e-06	9.963625000000004e-06	9.947000000000005e-06	9.942875000000003e-06	9.942468750000005e-06	9.899125000000005e-06	9.861875000000003e-06	9.880375000000004e-06	9.924343750000004e-06	9.952937500000007e-06	9.959375000000007e-06
800	9.84516129032258e-06	9.850580645161293e-06	9.891451612903228e-06	9.954483870967748e-06	9.98996774193549e-06	9.998935483870972e-06	9.995451612903234e-06	9.980548387096778e-06	9.967064516129035e-06	9.974290322580651e-06	9.992322580645164e-06	1.0000000000000004e-05	1.0000000000000004e-05	9.992935483870972e-06	9.963903225806456e-06	9.932161290322585e-06	9.941838709677425e-06	9.972580645161296e-06	9.983870967741943e-06
900	9.931034482758619e-06	9.921379310344829e-06	9.924965517241382e-06	9.964344827586208e-06	9.988206896551725e-06	9.955655172413796e-06	9.897172413793102e-06	9.874620689655174e-06	9.90837931034483e-06	9.934379310344829e-06	9.921172413793104e-06	9.934758620689657e-06	9.95989655172414e-06	9.933413793103452e-06	9.899793103448277e-06	9.897448275862067e-06	9.92344827586207e-06	9.958758620689659e-06	9.972413793103454e-06
1000	9.916666666666671e-06	9.917500000000005e-06	9.929000000000001e-06	9.928133333333338e-06	9.87836666666667e-06	9.834566666666669e-06	9.824333333333334e-06	9.82096666666667e-06	9.869033333333333e-06	9.929600000000002e-06	9.931700000000002e-06	9.936366666666672e-06	9.952066666666669e-06	9.927733333333335e-06	9.875100000000003e-06	9.843300000000003e-06	9.885333333333339e-06	9.94676666666667e-06	9.963333333333335e-06
1100	9.896774193548391e-06	9.901967741935485e-06	9.917290322580651e-06	9.924129032258069e-06	9.925612903225809e-06	9.95196774193549e-06	9.98677419354839e-06	1.0000000000000004e-05	1.0000000000000004e-05	1.0000000000000004e-05	1.0000000000000004e-05	1.0000000000000004e-05	1.0000000000000004e-05	1.0000000000000004e-05	1.0000000000000004e-05	1.0000000000000004e-05	1.0000000000000004e-05	1.0000000000000004e-05	1.0000000000000004e-05
1200	9.923333333333337e-06	9.924766666666669e-06	9.936033333333334e-06	9.940700000000003e-06	9.913566666666671e-06	9.891666666666669e-06	9.914100000000002e-06	9.955266666666673e-06	9.981633333333338e-06	9.991866666666672e-06	9.990633333333339e-06	9.968666666666668e-06	9.938666666666669e-06	9.939666666666669e-06	9.951366666666668e-06	9.916800000000001e-06	9.876666666666666e-06	9.889933333333335e-06	9.910000000000003e-06
1300	9.913333333333334e-06	9.9117e-06	9.918733333333336e-06	9.924333333333336e-06	9.90043333333334e-06	9.882000000000001e-06	9.916466666666669e-06	9.968833333333339e-06	9.992900000000006e-06	9.99563333333334e-06	9.990933333333338e-06	9.987000000000005e-06	9.987533333333339e-06	9.987e-06	9.982900000000004e-06	9.975500000000005e-06	9.972033333333337e-06	9.976600000000005e-06	9.980000000000004e-06
1400	9.914705882352948e-06	9.8894705882353e-06	9.861176470588237e-06	9.899882352941183e-06	9.948205882352947e-06	9.93361764705883e-06	9.904794117647061e-06	9.899264705882359e-06	9.918029411764711e-06	9.936000000000008e-06	9.917764705882355e-06	9.886000000000007e-06	9.851000000000004e-06	9.796147058823532e-06	9.742294117647064e-06	9.69844117647059e-06	9.695294117647063e-06	9.729147058823533e-06	9.744117647058826e-06
1500	9.906250000000004e-06	9.907937500000005e-06	9.932312500000006e-06	9.975937500000007e-06	9.998437500000003e-06	1.0000000000000004e-05	9.995187500000005e-06	9.965156250000006e-06	9.927406250000005e-06	9.937468750000002e-06	9.976375000000002e-06	9.977250000000005e-06	9.941718750000003e-06	9.929906250000003e-06	9.959312500000007e-06	9.984687500000004e-06	9.955718750000007e-06	9.886250000000002e-06	9.850000000000002e-06
1600	9.843750000000004e-06	9.846437500000005e-06	9.882875000000001e-06	9.950500000000004e-06	9.990625000000004e-06	9.996875000000004e-06	9.992593750000004e-06	9.964750000000007e-06	9.928281250000005e-06	9.931531250000005e-06	9.960375000000004e-06	9.960718750000004e-06	9.915062500000003e-06	9.872781250000005e-06	9.897093750000005e-06	9.952125000000004e-06	9.952656250000004e-06	9.917281250000005e-06	9.903125000000004e-06
1700	9.903333333333336e-06	9.903933333333339e-06	9.923800000000003e-06	9.96573333333334e-06	9.992533333333338e-06	9.995433333333341e-06	9.991700000000005e-06	9.971100000000005e-06	9.940433333333337e-06	9.944900000000004e-06	9.976900000000004e-06	9.976966666666671e-06	9.93336666666667e-06	9.903800000000002e-06	9.933000000000001e-06	9.97546666666667e-06	9.966666666666669e-06	9.922733333333332e-06	9.9e-06
1800	9.856249999999999e-06	9.839687500000003e-06	9.829343750000002e-06	9.875937500000004e-06	9.945281250000005e-06	9.986437500000004e-06	9.999312500000004e-06	1.0000000000000004e-05	1.0000000000000004e-05	9.998437500000007e-06	9.993187500000009e-06	9.990062500000005e-06	9.992187500000008e-06	9.992593750000004e-06	9.991750000000008e-06	9.994062500000006e-06	9.995750000000007e-06	9.994593750000007e-06	9.993750000000009e-06
1900	9.996666666666672e-06	9.996400000000001e-06	9.976833333333336e-06	9.933133333333337e-06	9.900833333333339e-06	9.895800000000003e-06	9.915666666666669e-06	9.932133333333338e-06	9.918200000000003e-06	9.926400000000004e-06	9.971700000000003e-06	9.997700000000003e-06	1.0000000000000003e-05	1.0000000000000003e-05	1.0000000000000003e-05	1.0000000000000003e-05	1.0000000000000003e-05	1.0000000000000003e-05	1.0000000000000003e-05
2000	9.997058823529419e-06	9.996794117647068e-06	9.979235294117654e-06	9.943882352941182e-06	9.920264705882361e-06	9.918911764705888e-06	9.9394705882353e-06	9.947705882352947e-06	9.899352941176476e-06	9.851000000000004e-06	9.877117647058828e-06	9.943117647058829e-06	9.987441176470598e-06	1.000000000000001e-05	1.000000000000001e-05	1.000000000000001e-05	1.000000000000001e-05	1.000000000000001e-05	1.000000000000001e-05
2100	1.0000000000000004e-05	9.997625000000004e-06	9.968156250000004e-06	9.922906250000007e-06	9.900812500000004e-06	9.900500000000001e-06	9.928281250000007e-06	9.929062500000005e-06	9.810218750000001e-06	9.7156875e-06	9.805750000000002e-06	9.931843750000005e-06	9.954937500000006e-06	9.925906250000005e-06	9.934843750000005e-06	9.976468750000005e-06	9.997000000000004e-06	1.0000000000000004e-05	1.0000000000000004e-05
2200	9.980645161290329e-06	9.986354838709684e-06	9.985064516129037e-06	9.95987096774194e-06	9.931806451612904e-06	9.899258064516132e-06	9.853096774193551e-06	9.797225806451612e-06	9.769000000000004e-06	9.82661290322581e-06	9.916258064516133e-06	9.961225806451616e-06	9.956096774193554e-06	9.932032258064522e-06	9.930322580645164e-06	9.959548387096779e-06	9.982774193548391e-06	9.973258064516135e-06	9.961290322580653e-06
2300	1.0000000000000004e-05	1.0000000000000004e-05	1.0000000000000004e-05	1.0000000000000004e-05	1.0000000000000004e-05	1.0000000000000004e-05	1.0000000000000004e-05	1.0000000000000004e-05	1.0000000000000004e-05	1.0000000000000004e-05	1.0000000000000004e-05	1.0000000000000004e-05	1.0000000000000004e-05	1.0000000000000004e-05	1.0000000000000004e-05	1.0000000000000004e-05	1.0000000000000004e-05	1.0000000000000004e-05	1.0000000000000004e-05
2400	9.956666666666669e-06	9.945266666666671e-06	9.9258e-06	9.94026666666667e-06	9.978566666666673e-06	9.995500000000008e-06	9.997366666666672e-06	9.984300000000005e-06	9.946600000000002e-06	9.926066666666668e-06	9.947100000000002e-06	9.94476666666667e-06	9.902100000000001e-06	9.888200000000003e-06	9.922000000000001e-06	9.962466666666673e-06	9.961100000000004e-06	9.923800000000001e-06	9.903333333333336e-06
2500	9.869696969696973e-06	9.879393939393941e-06	9.906696969696974e-06	9.948000000000005e-06	9.98554545454546e-06	9.999696969696973e-06	9.990484848484853e-06	9.958090909090916e-06	9.888757575757581e-06	9.837303030303037e-06	9.860363636363641e-06	9.902333333333342e-06	9.927424242424248e-06	9.944575757575764e-06	9.96678787878788e-06	9.990000000000001e-06	9.982636363636372e-06	9.959909090909097e-06	9.951515151515157e-06
2600	1.0000000000000004e-05	1.0000000000000004e-05	1.0000000000000004e-05	1.0000000000000004e-05	1.0000000000000004e-05	1.0000000000000004e-05	1.0000000000000004e-05	1.0000000000000004e-05	1.0000000000000004e-05	1.0000000000000004e-05	1.0000000000000004e-05	1.0000000000000004e-05	1.0000000000000004e-05	1.0000000000000004e-05	1.0000000000000004e-05	1.0000000000000004e-05	1.0000000000000004e-05	1.0000000000000004e-05	1.0000000000000004e-05
2700	9.931250000000003e-06	9.924093750000003e-06	9.925781250000005e-06	9.958312500000007e-06	9.991000000000003e-06	1.0000000000000004e-05	1.0000000000000004e-05	1.0000000000000004e-05	1.0000000000000004e-05	1.0000000000000004e-05	1.0000000000000004e-05	1.0000000000000004e-05	1.0000000000000004e-05	1.0000000000000004e-05	1.0000000000000004e-05	1.0000000000000004e-05	1.0000000000000004e-05	1.0000000000000004e-05	1.0000000000000004e-05
2800	9.916129032258066e-06	9.912354838709679e-06	9.91883870967742e-06	9.954290322580648e-06	9.989741935483876e-06	1.0000000000000004e-05	1.0000000000000004e-05	1.0000000000000004e-05	1.0000000000000004e-05	1.0000000000000004e-05	1.0000000000000004e-05	1.0000000000000004e-05	1.0000000000000004e-05	9.992096774193555e-06	9.958000000000005e-06	9.904903225806455e-06	9.883193548387099e-06	9.907096774193555e-06	9.925806451612908e-06
2900	1.0000000000000004e-05	1.0000000000000004e-05	1.0000000000000004e-05	1.0000000000000004e-05	1.0000000000000004e-05	1.0000000000000004e-05	1.0000000000000004e-05	1.0000000000000004e-05	1.0000000000000004e-05	1.0000000000000004e-05	1.0000000000000004e-05	1.0000000000000004e-05	1.0000000000000004e-05	1.0000000000000004e-05	1.0000000000000004e-05	1.0000000000000004e-05	1.0000000000000004e-05	1.0000000000000004e-05	1.0000000000000004e-05
3000	1.0000000000000004e-05	1.0000000000000004e-05	1.0000000000000004e-05	1.0000000000000004e-05	1.0000000000000004e-05	1.0000000000000004e-05	9.998454545454549e-06	9.995424242424248e-06	9.995484848484852e-06	9.998515151515157e-06	9.999545454545457e-06	9.998030303030306e-06	9.996333333333336e-06	9.996333333333333e-06	9.998060606060612e-06	9.999575757575763e-06	1.0000000000000004e-05	1.0000000000000004e-05	1.0000000000000004e-05
3100	9.9e-06	9.91861290322581e-06	9.960548387096783e-06	9.990290322580654e-06	9.98612903225807e-06	9.945967741935489e-06	9.896903225806454e-06	9.887741935483874e-06	9.928935483870971e-06	9.979129032258067e-06	9.999225806451617e-06	9.994645161290327e-06	9.970193548387103e-06	9.94087096774194e-06	9.94945161290323e-06	9.983838709677424e-06	9.999709677419358e-06	1.0000000000000004e-05	1.0000000000000004e-05
3200	9.980645161290329e-06	9.96929032258065e-06	9.936322580645163e-06	9.921322580645168e-06	9.90735483870968e-06	9.85745161290323e-06	9.834838709677422e-06	9.865258064516132e-06	9.926548387096778e-06	9.969225806451617e-06	9.947032258064519e-06	9.914161290322583e-06	9.909129032258066e-06	9.912451612903232e-06	9.942903225806455e-06	9.984741935483875e-06	9.999451612903228e-06	1.0000000000000004e-05	1.0000000000000004e-05
3300	1.0000000000000004e-05	1.0000000000000004e-05	9.998593750000006e-06	9.997031250000003e-06	9.996875000000004e-06	9.996875000000004e-06	9.998281250000003e-06	9.999843750000005e-06	1.0000000000000004e-05	1.0000000000000004e-05	9.998593750000006e-06	9.997031250000003e-06	9.996875000000004e-06	9.996875000000004e-06	9.998281250000003e-06	9.999843750000005e-06	1.0000000000000004e-05	1.0000000000000004e-05	1.0000000000000004e-05
3400	1.0000000000000003e-05	9.991533333333338e-06	9.955500000000001e-06	9.922766666666666e-06	9.944833333333335e-06	9.985700000000003e-06	9.999666666666668e-06	1.0000000000000003e-05	1.0000000000000003e-05	1.0000000000000003e-05	1.0000000000000003e-05	1.0000000000000003e-05	1.0000000000000003e-05	9.997666666666669e-06	9.960600000000004e-06	9.886333333333336e-06	9.86046666666667e-06	9.895400000000005e-06	9.916666666666671e-06
3500	1.0000000000000004e-05	9.999806451612909e-06	9.99632258064517e-06	9.986516129032261e-06	9.975483870967743e-06	9.976322580645168e-06	9.989483870967749e-06	9.998645161290326e-06	1.0000000000000004e-05	1.0000000000000004e-05	1.0000000000000004e-05	1.0000000000000004e-05	1.0000000000000004e-05	9.999806451612909e-06	9.994451612903234e-06	9.981419354838715e-06	9.972774193548393e-06	9.97470967741936e-06	9.977419354838718e-06
3600	9.987500000000007e-06	9.992750000000004e-06	9.997468750000003e-06	9.996906250000005e-06	9.996875000000004e-06	9.996875000000004e-06	9.998156250000006e-06	9.989812500000006e-06	9.955125000000006e-06	9.918125000000004e-06	9.930500000000006e-06	9.976406250000005e-06	9.998531250000006e-06	9.996250000000004e-06	9.989500000000007e-06	9.988250000000002e-06	9.995343750000004e-06	9.999875000000004e-06	1.0000000000000004e-05
3700	9.990000000000006e-06	9.993800000000002e-06	9.986866666666673e-06	9.947033333333337e-06	9.902300000000002e-06	9.901333333333335e-06	9.935466666666668e-06	9.948466666666671e-06	9.938000000000004e-06	9.954033333333338e-06	9.98483333333334e-06	9.99543333333334e-06	9.992000000000004e-06	9.971366666666667e-06	9.942333333333335e-06	9.945700000000004e-06	9.969200000000003e-06	9.96883333333334e-06	9.960000000000006e-06
3800	1.0000000000000004e-05	1.0000000000000004e-05	1.0000000000000004e-05	1.0000000000000004e-05	1.0000000000000004e-05	1.0000000000000004e-05	1.0000000000000004e-05	1.0000000000000004e-05	1.0000000000000004e-05	1.0000000000000004e-05	1.0000000000000004e-05	1.0000000000000004e-05	1.0000000000000004e-05	1.0000000000000004e-05	1.0000000000000004e-05	1.0000000000000004e-05	1.0000000000000004e-05	1.0000000000000004e-05	1.0000000000000004e-05
3900	9.893548387096778e-06	9.915451612903226e-06	9.947322580645167e-06	9.915322580645166e-06	9.826000000000004e-06	9.80409677419355e-06	9.871129032258068e-06	9.912645161290322e-06	9.907387096774194e-06	9.90703225806452e-06	9.926709677419355e-06	9.94470967741936e-06	9.953258064516131e-06	9.953580645161297e-06	9.931516129032258e-06	9.917000000000005e-06	9.919677419354843e-06	9.913161290322583e-06	9.906451612903227e-06
4000	1.0000000000000004e-05	1.0000000000000004e-05	9.997625000000006e-06	9.990156250000008e-06	9.987093750000004e-06	9.993500000000004e-06	9.990218750000004e-06	9.975031250000006e-06	9.972156250000005e-06	9.985062500000004e-06	9.996656250000004e-06	1.0000000000000004e-05	1.0000000000000004e-05	1.0000000000000004e-05	9.999218750000005e-06	9.982593750000005e-06	9.945531250000004e-06	9.926218750000003e-06	9.928125000000004e-06
4100	9.867857142857143e-06	9.888178571428573e-06	9.946678571428573e-06	9.992428571428573e-06	1e-05	9.996678571428572e-06	9.970642857142857e-06	9.930357142857146e-06	9.934214285714285e-06	9.976535714285716e-06	9.998714285714286e-06	9.997535714285716e-06	9.986392857142861e-06	9.973785714285715e-06	9.978214285714288e-06	9.992964285714288e-06	9.993964285714285e-06	9.971071428571428e-06	9.953571428571429e-06
4200	9.945161290322583e-06	9.956677419354841e-06	9.973322580645165e-06	9.948451612903231e-06	9.882225806451617e-06	9.855419354838713e-06	9.910354838709681e-06	9.976903225806454e-06	9.998967741935488e-06	1.0000000000000004e-05	9.998774193548393e-06	9.97077419354839e-06	9.900161290322583e-06	9.86451612903226e-06	9.915870967741938e-06	9.977612903225811e-06	9.994774193548392e-06	9.980548387096776e-06	9.967741935483871e-06
4300	9.856666666666672e-06	9.859500000000003e-06	9.836833333333336e-06	9.781733333333335e-06	9.7391e-06	9.754033333333335e-06	9.825933333333335e-06	9.897700000000004e-06	9.951133333333337e-06	9.988366666666669e-06	9.998800000000005e-06	9.974200000000002e-06	9.906066666666665e-06	9.84796666666667e-06	9.854466666666669e-06	9.899466666666669e-06	9.932933333333338e-06	9.928966666666671e-06	9.916666666666671e-06
4400	9.980000000000004e-06	9.976633333333337e-06	9.949200000000005e-06	9.913933333333335e-06	9.91396666666667e-06	9.938300000000006e-06	9.960133333333337e-06	9.976000000000006e-06	9.989333333333338e-06	9.99776666666667e-06	1.0000000000000003e-05	1.0000000000000003e-05	1.0000000000000003e-05	1.0000000000000003e-05	1.0000000000000003e-05	1.0000000000000003e-05	1.0000000000000003e-05	1.0000000000000003e-05	1.0000000000000003e-05
4500	1.0000000000000004e-05	1.0000000000000004e-05	1.0000000000000004e-05	1.0000000000000004e-05	1.0000000000000004e-05	1.0000000000000004e-05	1.0000000000000004e-05	1.0000000000000004e-05	1.0000000000000004e-05	1.0000000000000004e-05	1.0000000000000004e-05	1.0000000000000004e-05	1.0000000000000004e-05	1.0000000000000004e-05	1.0000000000000004e-05	1.0000000000000004e-05	1.0000000000000004e-05	1.0000000000000004e-05	1.0000000000000004e-05
4600	1.0000000000000003e-05	1.0000000000000003e-05	1.0000000000000003e-05	1.0000000000000003e-05	1.0000000000000003e-05	1.0000000000000003e-05	1.0000000000000003e-05	1.0000000000000003e-05	1.0000000000000003e-05	1.0000000000000003e-05	1.0000000000000003e-05	1.0000000000000003e-05	1.0000000000000003e-05	1.0000000000000003e-05	1.0000000000000003e-05	1.0000000000000003e-05	1.0000000000000003e-05	1.0000000000000003e-05	1.0000000000000003e-05
4700	1.0000000000000004e-05	9.999878787878789e-06	9.985181818181823e-06	9.929606060606065e-06	9.889393939393945e-06	9.931212121212123e-06	9.986030303030307e-06	9.999909090909094e-06	9.998363636363642e-06	9.993909090909097e-06	9.992636363636367e-06	9.997000000000004e-06	9.999909090909094e-06	1.0000000000000004e-05	1.0000000000000004e-05	1.0000000000000004e-05	1.0000000000000004e-05	1.0000000000000004e-05	1.0000000000000004e-05
4800	9.996875000000004e-06	9.995656250000005e-06	9.970593750000007e-06	9.906312500000003e-06	9.869062500000001e-06	9.914125000000006e-06	9.973937500000004e-06	9.972562500000002e-06	9.938406250000003e-06	9.941406250000005e-06	9.978031250000004e-06	9.998406250000005e-06	1.0000000000000004e-05	1.0000000000000004e-05	1.0000000000000004e-05	1.0000000000000004e-05	1.0000000000000004e-05	1.0000000000000004e-05	1.0000000000000004e-05
4900	9.956250000000001e-06	9.964187500000004e-06	9.984531250000005e-06	9.998468750000004e-06	1.0000000000000004e-05	1.0000000000000004e-05	9.998593750000006e-06	9.992562500000004e-06	9.982500000000006e-06	9.980500000000005e-06	9.990781250000005e-06	9.998812500000002e-06	1.0000000000000004e-05	9.999812500000003e-06	9.997593750000007e-06	9.994843750000006e-06	9.980812500000005e-06	9.944687500000004e-06	9.921875000000004e-06
5000	1.0000000000000004e-05	1.0000000000000004e-05	9.999545454545457e-06	9.996727272727278e-06	9.991575757575764e-06	9.991151515151521e-06	9.99675757575758e-06	1.0000000000000004e-05	9.999212121212123e-06	9.9969393939394e-06	9.993969696969703e-06	9.993212121212126e-06	9.993151515151522e-06	9.992393939393942e-06	9.995303030303033e-06	9.99372727272728e-06	9.987242424242431e-06	9.98654545454546e-06	9.987878787878793e-06
5100	9.99333333333334e-06	9.995666666666672e-06	9.999000000000004e-06	1.0000000000000003e-05	9.99266666666667e-06	9.936933333333336e-06	9.8524e-06	9.86356666666667e-06	9.952966666666673e-06	9.996166666666673e-06	9.998633333333335e-06	1.0000000000000003e-05	1.0000000000000003e-05	1.0000000000000003e-05	1.0000000000000003e-05	1.0000000000000003e-05	9.984400000000002e-06	9.939400000000005e-06	9.910000000000003e-06
5200	9.951851851851851e-06	9.946259259259263e-06	9.95177777777778e-06	9.976814814814817e-06	9.98937037037037e-06	9.954444444444448e-06	9.872888888888891e-06	9.842000000000002e-06	9.898370370370372e-06	9.952888888888889e-06	9.982888888888888e-06	9.998814814814816e-06	1e-05	1e-05	1e-05	1e-05	1e-05	1e-05	1e-05
5300	9.946428571428576e-06	9.938285714285715e-06	9.929357142857142e-06	9.927392857142857e-06	9.925571428571428e-06	9.89682142857143e-06	9.823892857142857e-06	9.798035714285716e-06	9.85882142857143e-06	9.923321428571428e-06	9.969035714285716e-06	9.99425e-06	9.975142857142862e-06	9.937857142857144e-06	9.93582142857143e-06	9.949892857142862e-06	9.910499999999998e-06	9.856928571428574e-06	9.842857142857144e-06
5400	9.923333333333337e-06	9.91686666666667e-06	9.911633333333334e-06	9.910200000000002e-06	9.913533333333336e-06	9.896300000000002e-06	9.808100000000002e-06	9.754966666666667e-06	9.822866666666667e-06	9.908666666666669e-06	9.96576666666667e-06	9.995133333333334e-06	9.971866666666672e-06	9.930300000000002e-06	9.933133333333337e-06	9.943833333333338e-06	9.862066666666668e-06	9.761033333333332e-06	9.73333333333333e-06
5500	9.987500000000007e-06	9.991562500000007e-06	9.994687500000009e-06	9.995343750000007e-06	9.998468750000004e-06	1.0000000000000004e-05	1.0000000000000004e-05	1.0000000000000004e-05	1.0000000000000004e-05	1.0000000000000004e-05	1.0000000000000004e-05	9.999625000000005e-06	9.985187500000003e-06	9.940562500000003e-06	9.919437500000005e-06	9.959812500000005e-06	9.995000000000003e-06	9.998062500000006e-06	9.996875000000004e-06
5600	9.956250000000001e-06	9.955156250000005e-06	9.962500000000007e-06	9.983812500000005e-06	9.998343750000005e-06	1.0000000000000004e-05	1.0000000000000004e-05	1.0000000000000004e-05	1.0000000000000004e-05	1.0000000000000004e-05	1.0000000000000004e-05	9.997031250000003e-06	9.976093750000004e-06	9.933812500000007e-06	9.922562500000005e-06	9.962906250000005e-06	9.994968750000003e-06	9.996750000000009e-06	9.993750000000009e-06
5700	1.0000000000000004e-05	1.0000000000000004e-05	1.0000000000000004e-05	1.0000000000000004e-05	1.0000000000000004e-05	1.0000000000000004e-05	9.999812500000003e-06	9.997843750000006e-06	9.995093750000007e-06	9.995906250000006e-06	9.998843750000005e-06	1.0000000000000004e-05	9.992656250000004e-06	9.937218750000005e-06	9.857875000000003e-06	9.868750000000003e-06	9.949468750000005e-06	9.994031250000003e-06	1.0000000000000004e-05
5800	9.856250000000007e-06	9.863875000000004e-06	9.885437500000005e-06	9.925156250000005e-06	9.970125000000006e-06	9.994656250000003e-06	1.0000000000000004e-05	1.0000000000000004e-05	1.0000000000000004e-05	1.0000000000000004e-05	1.0000000000000004e-05	9.995468750000004e-06	9.975406250000007e-06	9.927718750000006e-06	9.872250000000002e-06	9.858531250000003e-06	9.893000000000005e-06	9.926125000000008e-06	9.934375000000006e-06
5900	1.0000000000000004e-05	1.0000000000000004e-05	1.0000000000000004e-05	1.0000000000000004e-05	1.0000000000000004e-05	1.0000000000000004e-05	1.0000000000000004e-05	1.0000000000000004e-05	1.0000000000000004e-05	1.0000000000000004e-05	1.0000000000000004e-05	1.0000000000000004e-05	1.0000000000000004e-05	1.0000000000000004e-05	1.0000000000000004e-05	1.0000000000000004e-05	1.0000000000000004e-05	1.0000000000000004e-05	1.0000000000000004e-05
6000	1.0000000000000004e-05	9.99470967741936e-06	9.964967741935491e-06	9.92870967741936e-06	9.938193548387102e-06	9.976580645161295e-06	9.996838709677423e-06	1.0000000000000004e-05	9.992483870967747e-06	9.963419354838714e-06	9.92677419354839e-06	9.911806451612906e-06	9.910322580645164e-06	9.912903225806452e-06	9.915096774193552e-06	9.92351612903226e-06	9.957064516129037e-06	9.985258064516136e-06	9.990322580645168e-06
6100	1.0000000000000004e-05	9.998531250000006e-06	9.968593750000006e-06	9.894031250000001e-06	9.830781250000003e-06	9.844250000000003e-06	9.918406250000002e-06	9.978843750000003e-06	9.987812500000005e-06	9.945250000000004e-06	9.878718750000006e-06	9.852875e-06	9.872656250000003e-06	9.904562500000006e-06	9.944031250000004e-06	9.974000000000005e-06	9.988062500000004e-06	9.992031250000002e-06	9.990625000000004e-06
6200	1.0000000000000003e-05	9.997800000000004e-06	9.964933333333339e-06	9.884200000000003e-06	9.818466666666668e-06	9.836833333333337e-06	9.916900000000002e-06	9.981166666666669e-06	9.989533333333337e-06	9.940700000000003e-06	9.864133333333334e-06	9.834700000000004e-06	9.873400000000001e-06	9.92196666666667e-06	9.934533333333336e-06	9.932233333333336e-06	9.958100000000004e-06	9.990400000000003e-06	1.0000000000000003e-05
6300	1.0000000000000003e-05	9.998896551724142e-06	9.972103448275866e-06	9.924275862068967e-06	9.900862068965515e-06	9.900896551724137e-06	9.92637931034483e-06	9.97248275862069e-06	9.985103448275865e-06	9.95337931034483e-06	9.928206896551726e-06	9.947241379310348e-06	9.983896551724141e-06	9.99937931034483e-06	1.0000000000000003e-05	1.0000000000000003e-05	1.0000000000000003e-05	1.0000000000000003e-05	1.0000000000000003e-05
6400	9.996875000000004e-06	9.994875000000003e-06	9.991750000000003e-06	9.992625000000005e-06	9.994812500000002e-06	9.990437500000004e-06	9.980656250000006e-06	9.979156250000008e-06	9.989031250000004e-06	9.997031250000003e-06	9.999437500000004e-06	1.0000000000000004e-05	1.0000000000000004e-05	1.0000000000000004e-05	1.0000000000000004e-05	1.0000000000000004e-05	9.999062500000006e-06	9.99593750000001e-06	9.993750000000009e-06
6500	9.800000000000004e-06	9.790687500000003e-06	9.758312500000002e-06	9.751343750000002e-06	9.822718750000003e-06	9.915937500000004e-06	9.963843750000004e-06	9.943156250000002e-06	9.882093750000003e-06	9.875468750000005e-06	9.935375000000005e-06	9.979875000000004e-06	9.992687500000004e-06	9.998562500000004e-06	1.0000000000000004e-05	9.997062500000005e-06	9.974218750000007e-06	9.944343750000007e-06	9.934375000000006e-06
6600	9.779310344827584e-06	9.759137931034483e-06	9.711206896551722e-06	9.718379310344828e-06	9.814413793103448e-06	9.894172413793102e-06	9.902620689655173e-06	9.871275862068968e-06	9.843896551724138e-06	9.874827586206898e-06	9.949068965517244e-06	9.992206896551727e-06	9.981517241379313e-06	9.941448275862072e-06	9.926689655172417e-06	9.956206896551726e-06	9.96537931034483e-06	9.944034482758625e-06	9.934482758620692e-06
6700	9.754545454545453e-06	9.742575757575759e-06	9.708454545454545e-06	9.71557575757576e-06	9.808424242424248e-06	9.921090909090916e-06	9.969212121212128e-06	9.927969696969703e-06	9.866393939393945e-06	9.876787878787883e-06	9.944424242424248e-06	9.98975757575758e-06	9.984484848484852e-06	9.943878787878793e-06	9.910363636363644e-06	9.900696969696976e-06	9.888939393939395e-06	9.879030303030306e-06	9.878787878787881e-06
6800	9.783870967741938e-06	9.774451612903229e-06	9.749290322580646e-06	9.754677419354839e-06	9.814903225806456e-06	9.887838709677423e-06	9.926709677419355e-06	9.910516129032262e-06	9.878548387096778e-06	9.89667741935484e-06	9.956322580645166e-06	9.992483870967747e-06	9.979096774193552e-06	9.931645161290323e-06	9.908548387096777e-06	9.93270967741936e-06	9.933032258064519e-06	9.902548387096778e-06	9.890322580645166e-06
6900	9.916129032258066e-06	9.925129032258068e-06	9.95687096774194e-06	9.981322580645167e-06	9.962580645161295e-06	9.924838709677423e-06	9.896677419354843e-06	9.894516129032261e-06	9.931451612903231e-06	9.976483870967746e-06	9.996645161290326e-06	1.0000000000000004e-05	9.997258064516135e-06	9.979451612903231e-06	9.943129032258068e-06	9.918645161290328e-06	9.921612903225812e-06	9.930032258064522e-06	9.932258064516135e-06
7000	9.786206896551723e-06	9.813482758620691e-06	9.870206896551727e-06	9.874620689655174e-06	9.798e-06	9.755551724137931e-06	9.816172413793104e-06	9.88837931034483e-06	9.928655172413796e-06	9.97031034482759e-06	9.996206896551727e-06	1.0000000000000003e-05	1.0000000000000003e-05	1.0000000000000003e-05	1.0000000000000003e-05	1.0000000000000003e-05	1.0000000000000003e-05	1.0000000000000003e-05	1.0000000000000003e-05
7100	9.785294117647062e-06	9.799205882352942e-06	9.846764705882357e-06	9.899647058823536e-06	9.941441176470592e-06	9.978588235294121e-06	9.991088235294125e-06	9.98694117647059e-06	9.989117647058831e-06	9.996235294117656e-06	9.999558823529423e-06	1.000000000000001e-05	1.000000000000001e-05	1.000000000000001e-05	1.000000000000001e-05	1.000000000000001e-05	1.000000000000001e-05	1.000000000000001e-05	1.000000000000001e-05
7200	9.813333333333335e-06	9.84426666666667e-06	9.901800000000002e-06	9.929900000000003e-06	9.939933333333336e-06	9.967700000000006e-06	9.991800000000005e-06	9.998200000000002e-06	9.99986666666667e-06	1.0000000000000003e-05	1.0000000000000003e-05	1.0000000000000003e-05	9.999633333333338e-06	9.980333333333335e-06	9.943866666666671e-06	9.940800000000003e-06	9.973166666666673e-06	9.995533333333336e-06	1.0000000000000003e-05
7300	9.782352941176472e-06	9.804705882352945e-06	9.865382352941181e-06	9.906588235294121e-06	9.906205882352946e-06	9.905235294117651e-06	9.930617647058832e-06	9.97041176470589e-06	9.993558823529422e-06	1.000000000000001e-05	1.000000000000001e-05	9.997911764705891e-06	9.970941176470592e-06	9.918852941176476e-06	9.879882352941181e-06	9.890323529411769e-06	9.949176470588241e-06	9.992911764705892e-06	1.000000000000001e-05
7400	9.790909090909093e-06	9.809212121212126e-06	9.859060606060611e-06	9.887636363636366e-06	9.854727272727278e-06	9.823909090909094e-06	9.849242424242427e-06	9.889787878787881e-06	9.926272727272731e-06	9.970030303030309e-06	9.995818181818186e-06	1.0000000000000004e-05	1.0000000000000004e-05	1.0000000000000004e-05	1.0000000000000004e-05	1.0000000000000004e-05	1.0000000000000004e-05	1.0000000000000004e-05	1.0000000000000004e-05
7500	9.784375000000004e-06	9.809625000000005e-06	9.867062500000003e-06	9.888593750000003e-06	9.850406250000004e-06	9.830656250000003e-06	9.885968750000004e-06	9.962093750000005e-06	9.995343750000004e-06	1.0000000000000004e-05	1.0000000000000004e-05	1.0000000000000004e-05	1.0000000000000004e-05	9.998281250000008e-06	9.995093750000007e-06	9.992500000000006e-06	9.992625000000005e-06	9.995375000000004e-06	9.996875000000004e-06
7600	9.878125000000005e-06	9.884375000000006e-06	9.928937500000003e-06	9.983093750000004e-06	9.999468750000003e-06	1.0000000000000004e-05	1.0000000000000004e-05	1.0000000000000004e-05	1.0000000000000004e-05	1.0000000000000004e-05	1.0000000000000004e-05	1.0000000000000004e-05	1.0000000000000004e-05	9.998343750000005e-06	9.970281250000007e-06	9.927156250000004e-06	9.932312500000006e-06	9.966156250000007e-06	9.978125000000007e-06
7700	9.965714285714293e-06	9.973485714285721e-06	9.976028571428578e-06	9.928657142857149e-06	9.252571428571433e-06	7.1312000000000004e-06	6.190457142857142e-06	8.229771428571432e-06	9.819342857142862e-06	9.954085714285724e-06	9.995942857142868e-06	1.000000000000001e-05	1.000000000000001e-05	1.000000000000001e-05	9.999571428571438e-06	9.986657142857151e-06	9.958057142857148e-06	9.938114285714288e-06	9.934285714285718e-06
7800	9.903333333333336e-06	9.91536666666667e-06	9.935900000000004e-06	9.867866666666669e-06	9.006766666666666e-06	6.450733333333335e-06	5.0657666666666664e-06	7.264466666666667e-06	9.481e-06	9.929433333333337e-06	9.975733333333337e-06	9.97903333333334e-06	9.988633333333338e-06	9.99856666666667e-06	9.998700000000006e-06	9.995300000000004e-06	9.985200000000006e-06	9.975266666666671e-06	9.973333333333338e-06
7900	9.896969696969699e-06	9.895393939393941e-06	9.891969696969698e-06	9.856818181818183e-06	9.009909090909093e-06	5.6976060606060595e-06	3.3604848484848492e-06	5.99290909090909e-06	9.11669696969697e-06	9.853484848484853e-06	9.937636363636368e-06	9.915424242424245e-06	9.912393939393943e-06	9.962333333333338e-06	9.996030303030309e-06	9.986696969696978e-06	9.962212121212126e-06	9.949393939393946e-06	9.948484848484854e-06
8000	9.918750000000006e-06	9.917062500000004e-06	9.907156250000003e-06	9.876843750000001e-06	9.243000000000001e-06	6.8971875e-06	5.40221875e-06	7.353874999999999e-06	9.447343750000005e-06	9.890781250000004e-06	9.956468750000007e-06	9.944062500000004e-06	9.942625000000002e-06	9.974281250000004e-06	9.994062500000006e-06	9.984937500000006e-06	9.944656250000002e-06	9.900062500000004e-06	9.884375000000006e-06
8100	9.903448275862072e-06	9.91096551724138e-06	9.921551724137932e-06	9.838620689655173e-06	8.786241379310345e-06	6.982413793103451e-06	6.948896551724138e-06	8.657137931034484e-06	9.735793103448281e-06	9.942206896551731e-06	9.976206896551731e-06	9.970586206896556e-06	9.97079310344828e-06	9.987689655172416e-06	9.99841379310345e-06	9.989482758620692e-06	9.946862068965523e-06	9.90220689655173e-06	9.889655172413798e-06
8200	9.977419354838718e-06	9.979096774193553e-06	9.969903225806457e-06	9.933064516129035e-06	9.896354838709683e-06	9.856903225806456e-06	9.769903225806454e-06	9.687967741935484e-06	9.719161290322582e-06	9.850935483870971e-06	9.93812903225807e-06	9.913193548387098e-06	9.86970967741936e-06	9.89225806451613e-06	9.949354838709684e-06	9.979387096774198e-06	9.975838709677421e-06	9.966516129032262e-06	9.96451612903226e-06
8300	9.906451612903227e-06	9.919548387096776e-06	9.946000000000004e-06	9.922967741935486e-06	9.856967741935488e-06	9.819870967741939e-06	9.7621935483871e-06	9.702645161290326e-06	9.76267741935484e-06	9.885064516129036e-06	9.941580645161296e-06	9.919419354838714e-06	9.88725806451613e-06	9.902548387096778e-06	9.953387096774198e-06	9.989935483870976e-06	9.99548387096775e-06	9.99354838709678e-06	9.99354838709678e-06
8400	9.812903225806453e-06	9.853677419354842e-06	9.938516129032263e-06	9.934645161290328e-06	9.845387096774195e-06	9.771483870967743e-06	9.673225806451615e-06	9.622741935483874e-06	9.722161290322584e-06	9.866870967741939e-06	9.936612903225811e-06	9.93003225806452e-06	9.928258064516131e-06	9.95351612903226e-06	9.968064516129039e-06	9.962806451612907e-06	9.924645161290328e-06	9.883032258064518e-06	9.870967741935485e-06
8500	9.837500000000002e-06	9.873156250000004e-06	9.930343750000005e-06	9.821812500000007e-06	9.254375000000002e-06	8.488343750000001e-06	8.432999999999997e-06	9.09359375e-06	9.637625e-06	9.867000000000002e-06	9.942906250000005e-06	9.921406250000003e-06	9.903218750000005e-06	9.927906250000004e-06	9.957187500000004e-06	9.963937500000004e-06	9.936812500000002e-06	9.899250000000005e-06	9.884375000000006e-06
8600	9.872413793103448e-06	9.891103448275862e-06	9.926000000000005e-06	9.895551724137936e-06	9.790206896551723e-06	9.708448275862068e-06	9.633068965517237e-06	9.594655172413794e-06	9.716241379310343e-06	9.876551724137932e-06	9.923000000000001e-06	9.88627586206897e-06	9.868068965517241e-06	9.915310344827588e-06	9.974241379310345e-06	9.990275862068971e-06	9.935413793103453e-06	9.866689655172417e-06	9.8448275862069e-06
8700	9.84193548387097e-06	9.877419354838717e-06	9.939354838709682e-06	9.914161290322583e-06	9.795838709677421e-06	9.710483870967742e-06	9.642322580645162e-06	9.599774193548387e-06	9.705870967741938e-06	9.859741935483873e-06	9.910612903225812e-06	9.875838709677422e-06	9.853322580645166e-06	9.898096774193552e-06	9.96370967741936e-06	9.984290322580651e-06	9.930064516129037e-06	9.866451612903229e-06	9.848387096774197e-06
8800	9.86666666666667e-06	9.910300000000004e-06	9.956533333333339e-06	9.888900000000001e-06	9.781700000000002e-06	9.720066666666669e-06	9.658233333333334e-06	9.6268e-06	9.70516666666667e-06	9.863066666666669e-06	9.940400000000002e-06	9.880300000000004e-06	9.844800000000003e-06	9.917533333333338e-06	9.98656666666667e-06	9.983433333333338e-06	9.933400000000004e-06	9.874733333333334e-06	9.850000000000002e-06
8900	9.912121212121214e-06	9.927878787878792e-06	9.944000000000005e-06	9.88424242424243e-06	9.785212121212124e-06	9.726727272727274e-06	9.661909090909091e-06	9.617848484848489e-06	9.708454545454548e-06	9.870212121212123e-06	9.940636363636367e-06	9.9239696969697e-06	9.932575757575763e-06	9.976939393939399e-06	9.998969696969702e-06	1.0000000000000004e-05	1.0000000000000004e-05	1.0000000000000004e-05	1.0000000000000004e-05
9000	9.82727272727273e-06	9.854000000000006e-06	9.89309090909091e-06	9.865787878787883e-06	9.66306060606061e-06	9.444757575757577e-06	9.494272727272734e-06	9.650727272727276e-06	9.739121212121213e-06	9.783787878787884e-06	9.771909090909095e-06	9.716666666666673e-06	9.675181818181822e-06	9.700030303030307e-06	9.761363636363639e-06	9.826060606060611e-06	9.873696969696973e-06	9.872303030303032e-06	9.85757575757576e-06
9100	9.773333333333335e-06	9.800533333333336e-06	9.820966666666668e-06	9.435833333333332e-06	6.701333333333331e-06	2.976766666666667e-06	3.994266666666667e-06	8.104233333333336e-06	9.790900000000001e-06	9.731366666666668e-06	9.6796e-06	9.101566666666666e-06	8.421433333333329e-06	8.827499999999998e-06	9.5477e-06	9.776033333333336e-06	9.824566666666666e-06	9.808600000000001e-06	9.790000000000001e-06
9200	9.759375000000007e-06	9.789781250000004e-06	9.814656250000003e-06	9.22778125e-06	6.434343749999999e-06	3.0926562499999987e-06	4.197593749999999e-06	8.119125000000002e-06	9.777375000000004e-06	9.731812500000005e-06	9.691531250000002e-06	9.086968749999999e-06	8.291437500000001e-06	8.639781250000002e-06	9.447125000000003e-06	9.736250000000004e-06	9.824625e-06	9.887343750000002e-06	9.906250000000002e-06
9300	6.724999999999998e-06	7.853187499999999e-06	9.346437500000002e-06	9.026937500000001e-06	5.977281250000001e-06	3.216375000000001e-06	5.23278125e-06	8.736468750000001e-06	9.800406250000004e-06	9.771437500000002e-06	9.749031250000005e-06	9.172687499999999e-06	8.395e-06	8.722187500000003e-06	9.522000000000001e-06	9.784718750000003e-06	9.81990625e-06	9.85259375e-06	9.862500000000001e-06
9400	9.718181818181825e-06	9.757636363636368e-06	9.818363636363639e-06	8.853757575757577e-06	4.982787878787881e-06	2.4287272727272726e-06	5.679424242424243e-06	9.237515151515157e-06	9.84933333333334e-06	9.79984848484849e-06	9.717121212121217e-06	9.638181818181823e-06	9.611060606060611e-06	9.596878787878793e-06	9.63284848484849e-06	9.699121212121213e-06	9.714242424242426e-06	9.705636363636365e-06	9.706060606060607e-06
9500	9.759375000000007e-06	9.803843750000004e-06	9.858437500000005e-06	9.078156250000004e-06	6.353406249999999e-06	4.6226875e-06	6.782531250000001e-06	9.300125000000003e-06	9.822531250000003e-06	9.746375000000002e-06	9.681000000000001e-06	9.650593750000002e-06	9.647750000000003e-06	9.631781250000005e-06	9.633093750000007e-06	9.721906250000001e-06	9.860718750000005e-06	9.934000000000003e-06	9.940625000000004e-06
9600	7.203333333333333e-06	8.120833333333335e-06	9.477800000000003e-06	9.159866666666667e-06	6.778633333333334e-06	5.593166666666667e-06	7.659666666666667e-06	9.588333333333336e-06	9.870866666666669e-06	9.822766666666668e-06	9.751866666666669e-06	9.704300000000001e-06	9.542566666666666e-06	9.382800000000003e-06	9.542833333333335e-06	9.744766666666667e-06	9.738666666666667e-06	9.6044e-06	9.513333333333334e-06
9700	1.0000000000000003e-05	1.0000000000000003e-05	1.0000000000000003e-05	1.0000000000000003e-05	1.0000000000000003e-05	1.0000000000000003e-05	1.0000000000000003e-05	1.0000000000000003e-05	1.0000000000000003e-05	1.0000000000000003e-05	1.0000000000000003e-05	1.0000000000000003e-05	1.0000000000000003e-05	1.0000000000000003e-05	9.992689655172419e-06	9.951620689655175e-06	9.847827586206898e-06	9.725103448275863e-06	9.672413793103447e-06
9800	1.0000000000000004e-05	1.0000000000000004e-05	9.999093750000005e-06	9.996812500000007e-06	9.995500000000005e-06	9.996218750000004e-06	9.995968750000008e-06	9.995125000000005e-06	9.996937500000003e-06	9.999343750000002e-06	1.0000000000000004e-05	1.0000000000000004e-05	1.0000000000000004e-05	1.0000000000000004e-05	1.0000000000000004e-05	1.0000000000000004e-05	1.0000000000000004e-05	1.0000000000000004e-05	1.0000000000000004e-05
9900	9.958823529411767e-06	9.965441176470592e-06	9.978823529411772e-06	9.967852941176475e-06	9.932970588235302e-06	9.934500000000005e-06	9.973411764705888e-06	9.99664705882354e-06	9.997352941176476e-06	9.978588235294125e-06	9.943529411764715e-06	9.93555882352942e-06	9.952941176470595e-06	9.961088235294125e-06	9.976676470588242e-06	9.995088235294127e-06	9.996764705882361e-06	9.994176470588244e-06	9.994117647058832e-06
10000	9.99333333333334e-06	9.988666666666671e-06	9.982600000000003e-06	9.980600000000004e-06	9.971100000000005e-06	9.967433333333336e-06	9.985966666666667e-06	9.999633333333335e-06	9.998533333333338e-06	9.995200000000007e-06	9.984166666666672e-06	9.975833333333335e-06	9.987300000000003e-06	9.998966666666669e-06	1.0000000000000003e-05	1.0000000000000003e-05	9.910166666666674e-06	9.726833333333342e-06	9.633333333333342e-06
