	site
generation	50	100	150	200	250	300	350	400	450	500	550	600	650	700	750	800	850	900	950
0	1.0000000000000004e-05	1.0000000000000004e-05	1.0000000000000004e-05	1.0000000000000004e-05	1.0000000000000004e-05	1.0000000000000004e-05	1.0000000000000004e-05	1.0000000000000004e-05	1.0000000000000004e-05	1.0000000000000004e-05	1.0000000000000004e-05	1.0000000000000004e-05	1.0000000000000004e-05	1.0000000000000004e-05	1.0000000000000004e-05	1.0000000000000004e-05	1.0000000000000004e-05	1.0000000000000004e-05	1.0000000000000004e-05
100	1.000000000000001e-05	1.000000000000001e-05	1.000000000000001e-05	1.000000000000001e-05	1.000000000000001e-05	1.000000000000001e-05	1.000000000000001e-05	1.000000000000001e-05	1.000000000000001e-05	1.000000000000001e-05	1.000000000000001e-05	1.000000000000001e-05	1.000000000000001e-05	1.000000000000001e-05	1.000000000000001e-05	1.000000000000001e-05	1.000000000000001e-05	1.000000000000001e-05	1.000000000000001e-05
200	1.0000000000000003e-05	1.0000000000000003e-05	1.0000000000000003e-05	1.0000000000000003e-05	1.0000000000000003e-05	1.0000000000000003e-05	1.0000000000000003e-05	1.0000000000000003e-05	1.0000000000000003e-05	1.0000000000000003e-05	9.999633333333338e-06	9.990600000000004e-06	9.964900000000003e-06	9.94796666666667e-06	9.965466666666673e-06	9.98566666666667e-06	9.971133333333335e-06	9.945233333333334e-06	9.936666666666666e-06
300	1.0000000000000004e-05	1.0000000000000004e-05	9.989787878787887e-06	9.937818181818184e-06	9.872484848484854e-06	9.887030303030305e-06	9.958939393939398e-06	9.99636363636364e-06	1.0000000000000004e-05	1.0000000000000004e-05	9.997575757575762e-06	9.97384848484849e-06	9.932606060606066e-06	9.930060606060612e-06	9.969818181818189e-06	9.985848484848491e-06	9.954878787878795e-06	9.91815151515152e-06	9.906060606060612e-06
400	1.0000000000000004e-05	1.0000000000000004e-05	1.0000000000000004e-05	1.0000000000000004e-05	1.0000000000000004e-05	1.0000000000000004e-05	1.0000000000000004e-05	1.0000000000000004e-05	1.0000000000000004e-05	1.0000000000000004e-05	1.0000000000000004e-05	1.0000000000000004e-05	1.0000000000000004e-05	1.0000000000000004e-05	1.0000000000000004e-05	1.0000000000000004e-05	1.0000000000000004e-05	1.0000000000000004e-05	1.0000000000000004e-05
500	1.0000000000000003e-05	1.0000000000000003e-05	1.0000000000000003e-05	1.0000000000000003e-05	9.99993103448276e-06	9.987034482758625e-06	9.949655172413794e-06	9.925448275862073e-06	9.95034482758621e-06	9.974551724137935e-06	9.949655172413794e-06	9.925448275862073e-06	9.95041379310345e-06	9.981655172413799e-06	9.96834482758621e-06	9.936517241379313e-06	9.943206896551728e-06	9.97227586206897e-06	9.982758620689659e-06
600	1.0000000000000004e-05	9.998500000000004e-06	9.996937500000005e-06	9.998250000000004e-06	9.986218750000006e-06	9.948031250000002e-06	9.904781250000003e-06	9.901968750000002e-06	9.949437500000006e-06	9.978687500000006e-06	9.953500000000006e-06	9.935187500000004e-06	9.962250000000006e-06	9.992500000000003e-06	1.0000000000000004e-05	1.0000000000000004e-05	1.0000000000000004e-05	1.0000000000000004e-05	1.0000000000000004e-05
700	9.997058823529419e-06	9.997058823529419e-06	9.997088235294125e-06	9.99829411764707e-06	9.98611764705883e-06	9.939382352941181e-06	9.892764705882356e-06	9.901735294117654e-06	9.950176470588239e-06	9.97400000000001e-06	9.95232352941177e-06	9.938088235294122e-06	9.962735294117654e-06	9.990588235294127e-06	9.994823529411771e-06	9.986029411764711e-06	9.98491176470589e-06	9.991352941176478e-06	9.994117647058832e-06
800	9.960000000000006e-06	9.926533333333336e-06	9.859200000000004e-06	9.863000000000004e-06	9.929333333333337e-06	9.924800000000004e-06	9.865266666666672e-06	9.870133333333337e-06	9.94126666666667e-06	9.988933333333339e-06	9.996666666666672e-06	9.996666666666672e-06	9.997700000000003e-06	9.998900000000005e-06	9.99633333333334e-06	9.993066666666673e-06	9.994466666666674e-06	9.996533333333338e-06	9.996666666666672e-06
900	1.0000000000000004e-05	1.0000000000000004e-05	1.0000000000000004e-05	1.0000000000000004e-05	1.0000000000000004e-05	1.0000000000000004e-05	1.0000000000000004e-05	1.0000000000000004e-05	1.0000000000000004e-05	1.0000000000000004e-05	1.0000000000000004e-05	9.998062500000006e-06	9.991000000000003e-06	9.980437500000006e-06	9.978937500000008e-06	9.990000000000003e-06	9.996093750000007e-06	9.991281250000008e-06	9.987500000000007e-06
1000	9.94193548387097e-06	9.912645161290327e-06	9.862870967741937e-06	9.881709677419357e-06	9.935677419354842e-06	9.928580645161295e-06	9.897677419354844e-06	9.880645161290326e-06	9.86345161290323e-06	9.831322580645162e-06	9.798806451612907e-06	9.832193548387097e-06	9.921967741935488e-06	9.981258064516135e-06	9.974870967741942e-06	9.934548387096777e-06	9.928677419354844e-06	9.954322580645162e-06	9.96451612903226e-06
1100	9.800000000000004e-06	9.783470588235295e-06	9.784647058823531e-06	9.847647058823533e-06	9.883705882352946e-06	9.856294117647063e-06	9.855558823529417e-06	9.876323529411769e-06	9.86673529411765e-06	9.830617647058828e-06	9.804000000000005e-06	9.849441176470592e-06	9.939882352941182e-06	9.988058823529421e-06	9.974970588235301e-06	9.934823529411768e-06	9.929529411764713e-06	9.957647058823536e-06	9.970588235294126e-06
1200	9.810000000000001e-06	9.801366666666669e-06	9.8036e-06	9.842533333333333e-06	9.86346666666667e-06	9.84596666666667e-06	9.856033333333337e-06	9.88146666666667e-06	9.877733333333334e-06	9.84326666666667e-06	9.793066666666668e-06	9.802733333333334e-06	9.90166666666667e-06	9.982700000000004e-06	9.973533333333337e-06	9.911500000000003e-06	9.880566666666672e-06	9.906466666666669e-06	9.92666666666667e-06
1300	9.84193548387097e-06	9.82896774193549e-06	9.82361290322581e-06	9.856645161290323e-06	9.876225806451613e-06	9.86093548387097e-06	9.862322580645165e-06	9.875677419354841e-06	9.870451612903226e-06	9.8351935483871e-06	9.79951612903226e-06	9.840612903225809e-06	9.936935483870972e-06	9.989032258064523e-06	9.957225806451616e-06	9.879225806451618e-06	9.85896774193549e-06	9.896387096774197e-06	9.912903225806456e-06
1400	1.0000000000000003e-05	9.99976666666667e-06	9.997533333333339e-06	9.992266666666671e-06	9.990066666666671e-06	9.994633333333338e-06	9.99906666666667e-06	9.996833333333336e-06	9.976133333333334e-06	9.940800000000005e-06	9.931600000000003e-06	9.939066666666671e-06	9.931133333333336e-06	9.944866666666669e-06	9.981133333333337e-06	9.997900000000005e-06	9.997800000000006e-06	9.996666666666672e-06	9.996666666666672e-06
1500	9.945161290322583e-06	9.930419354838711e-06	9.910354838709681e-06	9.930161290322584e-06	9.971258064516135e-06	9.987161290322587e-06	9.989225806451622e-06	9.995580645161294e-06	9.999903225806455e-06	9.999612903225812e-06	9.971774193548391e-06	9.901322580645164e-06	9.858451612903228e-06	9.900516129032263e-06	9.96664516129033e-06	9.989741935483879e-06	9.981838709677423e-06	9.969774193548387e-06	9.96451612903226e-06
1600	9.970967741935486e-06	9.943387096774198e-06	9.878806451612905e-06	9.863354838709678e-06	9.92687096774194e-06	9.984064516129036e-06	9.999645161290326e-06	1.0000000000000004e-05	9.999967741935488e-06	9.981193548387104e-06	9.911516129032265e-06	9.819419354838713e-06	9.803193548387101e-06	9.88725806451613e-06	9.959806451612908e-06	9.948000000000004e-06	9.919741935483873e-06	9.91803225806452e-06	9.91935483870968e-06
1700	9.84516129032258e-06	9.808612903225808e-06	9.747870967741934e-06	9.790387096774195e-06	9.913709677419357e-06	9.98503225806452e-06	9.99977419354839e-06	9.998290322580655e-06	9.99606451612904e-06	9.967064516129035e-06	9.903322580645162e-06	9.852774193548388e-06	9.854935483870968e-06	9.907580645161294e-06	9.949580645161297e-06	9.935806451612908e-06	9.921354838709682e-06	9.942677419354842e-06	9.958064516129039e-06
1800	9.92e-06	9.910900000000002e-06	9.891433333333338e-06	9.894633333333335e-06	9.920566666666666e-06	9.945833333333334e-06	9.967166666666668e-06	9.963433333333335e-06	9.948900000000002e-06	9.938333333333338e-06	9.899000000000001e-06	9.849766666666668e-06	9.844833333333336e-06	9.894400000000001e-06	9.949266666666671e-06	9.954133333333337e-06	9.935733333333336e-06	9.932133333333336e-06	9.933333333333337e-06
1900	1.0000000000000004e-05	1.0000000000000004e-05	1.0000000000000004e-05	1.0000000000000004e-05	1.0000000000000004e-05	1.0000000000000004e-05	1.0000000000000004e-05	1.0000000000000004e-05	1.0000000000000004e-05	1.0000000000000004e-05	9.999303030303038e-06	9.9869393939394e-06	9.963303030303034e-06	9.960757575757582e-06	9.976818181818189e-06	9.971787878787883e-06	9.957303030303036e-06	9.956030303030307e-06	9.95757575757576e-06
2000	1.0000000000000004e-05	1.0000000000000004e-05	1.0000000000000004e-05	1.0000000000000004e-05	1.0000000000000004e-05	1.0000000000000004e-05	9.990419354838714e-06	9.95670967741936e-06	9.927483870967747e-06	9.945838709677425e-06	9.982548387096784e-06	9.977774193548392e-06	9.937387096774197e-06	9.928322580645164e-06	9.955806451612906e-06	9.95129032258065e-06	9.92309677419355e-06	9.914870967741937e-06	9.916129032258066e-06
2100	9.896774193548391e-06	9.89370967741936e-06	9.878483870967744e-06	9.86541935483871e-06	9.875387096774195e-06	9.905709677419359e-06	9.941354838709682e-06	9.951516129032266e-06	9.946322580645165e-06	9.947838709677423e-06	9.725548387096778e-06	8.82816129032258e-06	7.555161290322583e-06	7.421064516129034e-06	8.696064516129033e-06	9.714483870967744e-06	9.929741935483875e-06	9.939516129032262e-06	9.94193548387097e-06
2200	1.0000000000000004e-05	1.0000000000000004e-05	1.0000000000000004e-05	9.991774193548393e-06	9.931967741935485e-06	9.855000000000003e-06	9.830193548387098e-06	9.858806451612905e-06	9.937838709677424e-06	9.994419354838714e-06	1.0000000000000004e-05	1.0000000000000004e-05	1.0000000000000004e-05	1.0000000000000004e-05	9.983000000000006e-06	9.949870967741941e-06	9.926032258064522e-06	9.920451612903234e-06	9.922580645161297e-06
2300	9.896774193548391e-06	9.904903225806455e-06	9.932580645161293e-06	9.959032258064522e-06	9.92793548387097e-06	9.847322580645165e-06	9.823225806451617e-06	9.883193548387099e-06	9.949903225806457e-06	9.978064516129035e-06	9.961387096774199e-06	9.928903225806453e-06	9.927161290322584e-06	9.959193548387101e-06	9.975935483870972e-06	9.9523870967742e-06	9.936161290322584e-06	9.942258064516133e-06	9.945161290322583e-06
2400	9.9e-06	9.909612903225811e-06	9.934419354838712e-06	9.95154838709678e-06	9.923935483870974e-06	9.86222580645162e-06	9.857419354838714e-06	9.916806451612907e-06	9.936548387096778e-06	9.902870967741938e-06	9.719290322580644e-06	9.123354838709679e-06	8.783709677419353e-06	9.311870967741935e-06	9.819709677419356e-06	9.901129032258067e-06	9.917483870967745e-06	9.942129032258068e-06	9.958064516129039e-06
2500	1.0000000000000004e-05	1.0000000000000004e-05	1.0000000000000004e-05	1.0000000000000004e-05	1.0000000000000004e-05	1.0000000000000004e-05	1.0000000000000004e-05	1.0000000000000004e-05	1.0000000000000004e-05	1.0000000000000004e-05	1.0000000000000004e-05	1.0000000000000004e-05	1.0000000000000004e-05	1.0000000000000004e-05	9.999838709677425e-06	9.998225806451623e-06	9.996774193548395e-06	9.996774193548395e-06	9.996774193548395e-06
2600	1.0000000000000003e-05	9.999700000000004e-06	9.997433333333339e-06	9.99323333333334e-06	9.988466666666671e-06	9.963600000000004e-06	9.915900000000003e-06	9.8885e-06	9.897466666666668e-06	9.935033333333337e-06	9.978933333333339e-06	9.996600000000005e-06	9.99176666666667e-06	9.96236666666667e-06	9.925966666666668e-06	9.937833333333338e-06	9.980733333333336e-06	9.999800000000004e-06	1.0000000000000003e-05
2700	1.0000000000000004e-05	1.0000000000000004e-05	1.0000000000000004e-05	1.0000000000000004e-05	9.996281250000007e-06	9.970812500000004e-06	9.931937500000005e-06	9.912093750000006e-06	9.919843750000004e-06	9.954687500000002e-06	9.989437500000004e-06	9.999906250000004e-06	9.992906250000006e-06	9.961062500000004e-06	9.931593750000005e-06	9.940593750000006e-06	9.931812500000001e-06	9.892156250000004e-06	9.875000000000005e-06
2800	1.0000000000000003e-05	1.0000000000000003e-05	1.0000000000000003e-05	1.0000000000000003e-05	9.997233333333337e-06	9.976333333333338e-06	9.929200000000005e-06	9.897100000000004e-06	9.905033333333334e-06	9.936933333333336e-06	9.978533333333335e-06	9.997800000000003e-06	9.969233333333336e-06	9.902666666666668e-06	9.858500000000004e-06	9.888666666666669e-06	9.925833333333338e-06	9.902400000000004e-06	9.876666666666668e-06
2900	9.91935483870968e-06	9.922935483870973e-06	9.948161290322585e-06	9.984322580645163e-06	9.993967741935485e-06	9.966322580645166e-06	9.923645161290322e-06	9.901870967741938e-06	9.903838709677423e-06	9.906741935483872e-06	9.888225806451614e-06	9.802096774193551e-06	9.669290322580648e-06	9.621483870967745e-06	9.679806451612907e-06	9.757741935483872e-06	9.830258064516131e-06	9.878516129032263e-06	9.890322580645166e-06
3000	9.871875000000003e-06	9.870531250000002e-06	9.908906250000005e-06	9.972125000000006e-06	9.995156250000004e-06	9.973750000000006e-06	9.922875000000004e-06	9.887687500000004e-06	9.884281250000002e-06	9.880562500000004e-06	9.854781250000003e-06	9.627656250000003e-06	9.364562500000001e-06	9.481468750000004e-06	9.7001875e-06	9.782656250000002e-06	9.858250000000003e-06	9.901625000000002e-06	9.906250000000002e-06
3100	9.810714285714288e-06	9.822107142857143e-06	9.858392857142858e-06	9.90839285714286e-06	9.958964285714288e-06	9.963428571428577e-06	9.900535714285717e-06	9.860535714285716e-06	9.881571428571428e-06	9.899500000000002e-06	9.867142857142859e-06	9.685857142857142e-06	9.05282142857143e-06	8.668214285714282e-06	9.235321428571424e-06	9.745857142857143e-06	9.824392857142858e-06	9.86810714285714e-06	9.875e-06
3200	9.800000000000004e-06	9.819787878787882e-06	9.859272727272732e-06	9.910303030303034e-06	9.966030303030309e-06	9.995212121212124e-06	9.9999696969697e-06	9.98154545454546e-06	9.939545454545459e-06	9.904939393939397e-06	9.894939393939395e-06	9.918272727272734e-06	9.961363636363642e-06	9.989181818181821e-06	9.998121212121217e-06	1.0000000000000004e-05	1.0000000000000004e-05	1.0000000000000004e-05	1.0000000000000004e-05
3300	9.806451612903225e-06	9.807064516129031e-06	9.804225806451612e-06	9.839516129032261e-06	9.927225806451616e-06	9.988096774193553e-06	1.0000000000000004e-05	9.985935483870974e-06	9.945709677419358e-06	9.90654838709678e-06	9.894645161290328e-06	9.915161290322582e-06	9.959645161290328e-06	9.989741935483877e-06	9.976645161290328e-06	9.93509677419355e-06	9.904741935483872e-06	9.898903225806452e-06	9.9e-06
3400	9.881818181818189e-06	9.881333333333338e-06	9.885151515151524e-06	9.929696969696975e-06	9.983909090909096e-06	9.998939393939398e-06	9.999848484848488e-06	9.985818181818188e-06	9.9569393939394e-06	9.925090909090915e-06	9.9139696969697e-06	9.947030303030311e-06	9.983787878787886e-06	9.996606060606064e-06	1.0000000000000004e-05	1.0000000000000004e-05	9.999848484848488e-06	9.996818181818187e-06	9.993939393939399e-06
3500	9.805882352941178e-06	9.805617647058824e-06	9.803470588235298e-06	9.835882352941181e-06	9.91682352941177e-06	9.98135294117648e-06	9.999294117647067e-06	9.98576470588236e-06	9.925088235294123e-06	9.845470588235299e-06	9.833941176470593e-06	9.890794117647065e-06	9.95305882352942e-06	9.989735294117657e-06	1.000000000000001e-05	1.000000000000001e-05	9.99976470588236e-06	9.995352941176475e-06	9.991176470588239e-06
3600	9.815625000000007e-06	9.817656250000003e-06	9.817968750000003e-06	9.849250000000004e-06	9.930750000000007e-06	9.989625000000003e-06	9.999937500000003e-06	9.985968750000007e-06	9.928031250000006e-06	9.857156250000003e-06	9.840718750000002e-06	9.86546875e-06	9.890656250000004e-06	9.925281250000005e-06	9.971906250000006e-06	9.996656250000004e-06	9.997718750000004e-06	9.996875000000004e-06	9.996875000000004e-06
3700	9.655172413793107e-06	9.644172413793105e-06	9.662172413793105e-06	9.777965517241382e-06	9.902965517241383e-06	9.931310344827589e-06	9.923620689655172e-06	9.950655172413798e-06	9.96624137931035e-06	9.933620689655175e-06	9.924241379310349e-06	9.943448275862071e-06	9.933517241379312e-06	9.92844827586207e-06	9.941620689655176e-06	9.925551724137936e-06	9.915482758620691e-06	9.943310344827586e-06	9.962068965517242e-06
3800	9.690625000000003e-06	9.664843749999999e-06	9.666218750000002e-06	9.767468750000004e-06	9.905343750000006e-06	9.964625000000005e-06	9.942937500000007e-06	9.922031250000005e-06	9.907500000000005e-06	9.903468750000004e-06	9.942968750000006e-06	9.976687500000006e-06	9.957187500000004e-06	9.934312500000005e-06	9.921625000000003e-06	9.905375000000003e-06	9.922593750000003e-06	9.954125000000005e-06	9.962500000000007e-06
3900	9.703333333333336e-06	9.706433333333336e-06	9.714266666666668e-06	9.762033333333336e-06	9.853433333333335e-06	9.908066666666671e-06	9.897566666666672e-06	9.880600000000002e-06	9.888333333333335e-06	9.897733333333339e-06	9.916566666666667e-06	9.937300000000002e-06	9.929533333333337e-06	9.925800000000002e-06	9.919800000000005e-06	9.884999999999998e-06	9.886400000000004e-06	9.932933333333334e-06	9.956666666666669e-06
4000	9.727586206896552e-06	9.732482758620688e-06	9.742758620689656e-06	9.78410344827586e-06	9.86155172413793e-06	9.908827586206898e-06	9.89751724137931e-06	9.88444827586207e-06	9.899137931034486e-06	9.911068965517244e-06	9.929620689655176e-06	9.968344827586209e-06	9.99489655172414e-06	1.0000000000000003e-05	1.0000000000000003e-05	1.0000000000000003e-05	1.0000000000000003e-05	1.0000000000000003e-05	1.0000000000000003e-05
4100	9.771875e-06	9.769656250000001e-06	9.761750000000004e-06	9.773718750000007e-06	9.839468750000002e-06	9.901812500000005e-06	9.905093750000006e-06	9.894906250000005e-06	9.902437500000008e-06	9.910250000000006e-06	9.936125000000005e-06	9.979781250000004e-06	9.998156250000004e-06	9.997281250000004e-06	9.996875000000004e-06	9.996875000000004e-06	9.998031250000004e-06	9.999593750000003e-06	1.0000000000000004e-05
4200	9.715625000000002e-06	9.685781250000002e-06	9.633281250000002e-06	9.670875e-06	9.798875000000004e-06	9.890500000000005e-06	9.905968750000003e-06	9.901593750000005e-06	9.913750000000003e-06	9.922875000000003e-06	9.939218750000006e-06	9.957531250000006e-06	9.946468750000005e-06	9.929718750000007e-06	9.919281250000004e-06	9.919375000000002e-06	9.950031250000003e-06	9.983312500000006e-06	9.993750000000009e-06
4300	9.71935483870968e-06	9.70132258064516e-06	9.664612903225808e-06	9.694580645161293e-06	9.803709677419358e-06	9.885387096774195e-06	9.896903225806454e-06	9.887225806451615e-06	9.891967741935489e-06	9.900774193548391e-06	9.9241935483871e-06	9.94487096774194e-06	9.930516129032262e-06	9.929387096774195e-06	9.961677419354842e-06	9.985193548387102e-06	9.99206451612904e-06	9.993354838709685e-06	9.99354838709678e-06
4400	9.806250000000001e-06	9.843281250000003e-06	9.922781250000005e-06	9.982312500000004e-06	9.999687500000004e-06	1.0000000000000004e-05	1.0000000000000004e-05	1.0000000000000004e-05	1.0000000000000004e-05	1.0000000000000004e-05	1.0000000000000004e-05	1.0000000000000004e-05	1.0000000000000004e-05	9.998500000000008e-06	9.993718750000005e-06	9.988906250000006e-06	9.990656250000004e-06	9.996968750000002e-06	1.0000000000000004e-05
4500	9.825806451612907e-06	9.849000000000002e-06	9.914064516129037e-06	9.974516129032267e-06	9.974419354838713e-06	9.932645161290323e-06	9.9261935483871e-06	9.966000000000008e-06	9.992967741935493e-06	9.99754838709678e-06	9.999161290322585e-06	1.0000000000000004e-05	1.0000000000000004e-05	1.0000000000000004e-05	1.0000000000000004e-05	1.0000000000000004e-05	9.998258064516139e-06	9.995032258064524e-06	9.99354838709678e-06
4600	9.73333333333333e-06	9.772e-06	9.859866666666667e-06	9.92606666666667e-06	9.947733333333336e-06	9.937333333333336e-06	9.904533333333335e-06	9.886533333333333e-06	9.877666666666669e-06	9.84626666666667e-06	9.847600000000005e-06	9.919733333333336e-06	9.983833333333336e-06	9.98833333333334e-06	9.950700000000003e-06	9.922300000000002e-06	9.94596666666667e-06	9.986000000000002e-06	1.0000000000000003e-05
4700	9.625806451612904e-06	9.388999999999996e-06	9.069645161290318e-06	9.253354838709676e-06	9.688258064516133e-06	9.877516129032263e-06	9.88012903225807e-06	9.86661290322581e-06	9.872580645161294e-06	9.85661290322581e-06	9.840612903225809e-06	9.860225806451615e-06	9.904903225806455e-06	9.951870967741942e-06	9.986064516129036e-06	9.999903225806455e-06	9.999677419354844e-06	9.998064516129042e-06	9.996774193548395e-06
4800	9.31e-06	8.517633333333333e-06	7.542366666666662e-06	8.361433333333333e-06	9.603799999999998e-06	9.869800000000002e-06	9.882533333333337e-06	9.865466666666672e-06	9.861800000000001e-06	9.842233333333335e-06	9.828733333333336e-06	9.863266666666671e-06	9.907766666666669e-06	9.954600000000003e-06	9.992433333333335e-06	1.0000000000000003e-05	9.997900000000001e-06	9.984566666666673e-06	9.973333333333338e-06
4900	9.815625000000007e-06	9.677250000000006e-06	9.529281250000008e-06	9.689187500000005e-06	9.886843750000005e-06	9.936687500000003e-06	9.966218750000003e-06	9.986875000000004e-06	9.999843750000005e-06	1.0000000000000004e-05	1.0000000000000004e-05	1.0000000000000004e-05	1.0000000000000004e-05	1.0000000000000004e-05	1.0000000000000004e-05	1.0000000000000004e-05	1.0000000000000004e-05	1.0000000000000004e-05	1.0000000000000004e-05
5000	9.658064516129033e-06	9.22922580645161e-06	8.753451612903226e-06	9.170290322580647e-06	9.741129032258067e-06	9.877064516129036e-06	9.93161290322581e-06	9.954354838709683e-06	9.936354838709684e-06	9.92793548387097e-06	9.925516129032261e-06	9.913000000000005e-06	9.938096774193551e-06	9.982838709677423e-06	9.999516129032263e-06	1.0000000000000004e-05	1.0000000000000004e-05	1.0000000000000004e-05	1.0000000000000004e-05
5100	9.668750000000001e-06	8.697999999999997e-06	7.477406249999997e-06	8.25090625e-06	9.618812500000003e-06	9.981687500000002e-06	1.0000000000000004e-05	1.0000000000000004e-05	9.999906250000001e-06	9.982687500000006e-06	9.938812500000003e-06	9.923250000000007e-06	9.961281250000006e-06	9.988812500000004e-06	9.982375000000005e-06	9.965437500000004e-06	9.938875000000006e-06	9.915750000000006e-06	9.909375000000005e-06
5200	9.63125e-06	9.513000000000002e-06	9.369218750000003e-06	9.510093750000004e-06	9.802968750000005e-06	9.964718750000003e-06	1.0000000000000004e-05	1.0000000000000004e-05	1.0000000000000004e-05	1.0000000000000004e-05	1.0000000000000004e-05	9.995937500000006e-06	9.966000000000004e-06	9.925781250000005e-06	9.935656250000004e-06	9.974843750000006e-06	9.977781250000007e-06	9.957875000000005e-06	9.950000000000005e-06
5300	9.546875000000005e-06	8.905406250000005e-06	8.188531250000002e-06	8.856593750000002e-06	9.784750000000003e-06	9.984718750000002e-06	9.999031250000004e-06	9.997468750000003e-06	9.997843750000006e-06	9.999406250000003e-06	1.0000000000000004e-05	9.996468750000008e-06	9.973718750000004e-06	9.935156250000005e-06	9.930656250000005e-06	9.967812500000002e-06	9.993500000000004e-06	9.996875000000004e-06	9.996875000000004e-06
5400	9.623333333333333e-06	9.114433333333337e-06	8.490233333333332e-06	8.976133333333332e-06	9.76886666666667e-06	9.980200000000003e-06	1.0000000000000003e-05	1.0000000000000003e-05	9.995666666666672e-06	9.965933333333339e-06	9.928000000000002e-06	9.930700000000005e-06	9.954100000000002e-06	9.958400000000003e-06	9.961066666666672e-06	9.981633333333336e-06	9.997833333333336e-06	1.0000000000000003e-05	1.0000000000000003e-05
5500	5.0750000000000005e-06	4.5940625e-06	5.105375000000001e-06	7.84409375e-06	9.769562500000005e-06	9.972343750000006e-06	9.988187500000008e-06	9.956187500000007e-06	9.917843750000002e-06	9.889343750000002e-06	9.856281250000003e-06	9.861218750000004e-06	9.908750000000002e-06	9.928375000000005e-06	9.940125000000007e-06	9.976375000000003e-06	9.998375000000004e-06	1.0000000000000004e-05	1.0000000000000004e-05
5600	6.073333333333332e-06	4.902566666666666e-06	5.0119e-06	7.812100000000001e-06	9.64446666666667e-06	9.97836666666667e-06	9.991833333333337e-06	9.960966666666672e-06	9.921733333333334e-06	9.886700000000003e-06	9.842000000000002e-06	9.843633333333333e-06	9.897633333333337e-06	9.916933333333335e-06	9.932466666666668e-06	9.975100000000002e-06	9.997666666666669e-06	1.0000000000000003e-05	1.0000000000000003e-05
5700	6.157575757575758e-06	5.367121212121213e-06	5.515545454545454e-06	7.972333333333335e-06	9.71806060606061e-06	9.969333333333338e-06	9.996393939393944e-06	1.0000000000000004e-05	1.0000000000000004e-05	1.0000000000000004e-05	1.0000000000000004e-05	1.0000000000000004e-05	1.0000000000000004e-05	1.0000000000000004e-05	1.0000000000000004e-05	1.0000000000000004e-05	9.99763636363637e-06	9.994606060606063e-06	9.993939393939399e-06
5800	5.587878787878788e-06	5.229545454545457e-06	5.8519090909090895e-06	8.249030303030303e-06	9.787939393939398e-06	9.949303030303034e-06	9.992090909090914e-06	9.991969696969702e-06	9.985636363636372e-06	9.985575757575763e-06	9.989242424242432e-06	9.992303030303036e-06	9.993939393939399e-06	9.993939393939399e-06	9.996666666666672e-06	9.992969696969703e-06	9.95115151515152e-06	9.877575757575761e-06	9.839393939393942e-06
5900	1.0000000000000004e-05	1.0000000000000004e-05	1.0000000000000004e-05	9.999125000000004e-06	9.996468750000008e-06	9.995093750000007e-06	9.997281250000004e-06	9.999531250000002e-06	1.0000000000000004e-05	1.0000000000000004e-05	1.0000000000000004e-05	9.999125000000004e-06	9.996468750000008e-06	9.995093750000007e-06	9.997281250000004e-06	9.999531250000002e-06	1.0000000000000004e-05	1.0000000000000004e-05	1.0000000000000004e-05
6000	1.0000000000000004e-05	1.0000000000000004e-05	1.0000000000000004e-05	1.0000000000000004e-05	1.0000000000000004e-05	1.0000000000000004e-05	1.0000000000000004e-05	1.0000000000000004e-05	1.0000000000000004e-05	1.0000000000000004e-05	1.0000000000000004e-05	1.0000000000000004e-05	1.0000000000000004e-05	1.0000000000000004e-05	1.0000000000000004e-05	1.0000000000000004e-05	1.0000000000000004e-05	1.0000000000000004e-05	1.0000000000000004e-05
6100	1.0000000000000004e-05	1.0000000000000004e-05	9.998666666666673e-06	9.987030303030307e-06	9.95054545454546e-06	9.922303030303034e-06	9.947757575757582e-06	9.987636363636366e-06	1.0000000000000004e-05	1.0000000000000004e-05	1.0000000000000004e-05	1.0000000000000004e-05	9.999333333333336e-06	9.997818181818184e-06	9.991787878787883e-06	9.976121212121216e-06	9.962909090909099e-06	9.969484848484854e-06	9.978787878787885e-06
6200	1.0000000000000004e-05	1.0000000000000004e-05	1.0000000000000004e-05	1.0000000000000004e-05	1.0000000000000004e-05	1.0000000000000004e-05	1.0000000000000004e-05	1.0000000000000004e-05	1.0000000000000004e-05	1.0000000000000004e-05	1.0000000000000004e-05	1.0000000000000004e-05	1.0000000000000004e-05	1.0000000000000004e-05	1.0000000000000004e-05	1.0000000000000004e-05	1.0000000000000004e-05	1.0000000000000004e-05	1.0000000000000004e-05
6300	9.829032258064521e-06	9.838580645161296e-06	9.895419354838712e-06	9.956741935483876e-06	9.947225806451618e-06	9.922903225806454e-06	9.949225806451619e-06	9.988000000000005e-06	9.999838709677423e-06	1.0000000000000004e-05	1.0000000000000004e-05	1.0000000000000004e-05	1.0000000000000004e-05	1.0000000000000004e-05	9.99087096774194e-06	9.959225806451615e-06	9.929096774193554e-06	9.930096774193552e-06	9.938709677419356e-06
6400	9.787096774193549e-06	9.779064516129034e-06	9.81961290322581e-06	9.906774193548392e-06	9.933354838709681e-06	9.9261935483871e-06	9.954838709677424e-06	9.989129032258069e-06	9.999806451612906e-06	1.0000000000000004e-05	1.0000000000000004e-05	1.0000000000000004e-05	1.0000000000000004e-05	1.0000000000000004e-05	9.98970967741936e-06	9.95361290322581e-06	9.9241935483871e-06	9.928032258064518e-06	9.935483870967745e-06
6500	9.931250000000003e-06	9.922250000000001e-06	9.920468750000004e-06	9.917031250000002e-06	9.877062500000001e-06	9.865750000000001e-06	9.922687500000003e-06	9.962218750000007e-06	9.941593750000003e-06	9.928750000000002e-06	9.958968750000004e-06	9.989937500000003e-06	9.997968750000004e-06	9.991437500000005e-06	9.956281250000005e-06	9.883281250000005e-06	9.856750000000005e-06	9.903937500000006e-06	9.934375000000006e-06
6600	1.0000000000000004e-05	1.0000000000000004e-05	1.0000000000000004e-05	1.0000000000000004e-05	1.0000000000000004e-05	9.999437500000004e-06	9.997875000000005e-06	9.997437500000006e-06	9.999000000000004e-06	9.994250000000007e-06	9.967906250000004e-06	9.935875000000006e-06	9.937781250000002e-06	9.963093750000006e-06	9.968875000000005e-06	9.961343750000005e-06	9.964843750000005e-06	9.970781250000005e-06	9.971875000000007e-06
6700	1.0000000000000004e-05	1.0000000000000004e-05	1.0000000000000004e-05	1.0000000000000004e-05	1.0000000000000004e-05	1.0000000000000004e-05	1.0000000000000004e-05	1.0000000000000004e-05	1.0000000000000004e-05	9.998774193548396e-06	9.9925806451613e-06	9.985354838709685e-06	9.987838709677429e-06	9.994387096774202e-06	9.992516129032264e-06	9.988935483870975e-06	9.991451612903234e-06	9.987258064516137e-06	9.98064516129033e-06
6800	1.0000000000000003e-05	1.0000000000000003e-05	1.0000000000000003e-05	1.0000000000000003e-05	1.0000000000000003e-05	1.0000000000000003e-05	1.0000000000000003e-05	1.0000000000000003e-05	9.998448275862073e-06	9.975068965517245e-06	9.908655172413793e-06	9.854034482758621e-06	9.888068965517243e-06	9.964000000000002e-06	9.993827586206905e-06	9.990724137931043e-06	9.992689655172419e-06	9.996137931034487e-06	9.996551724137936e-06
6900	9.903225806451614e-06	9.915870967741938e-06	9.954000000000005e-06	9.989741935483876e-06	1.0000000000000004e-05	1.0000000000000004e-05	1.0000000000000004e-05	1.0000000000000004e-05	9.997612903225813e-06	9.97054838709678e-06	9.900580645161293e-06	9.854709677419357e-06	9.898580645161293e-06	9.967419354838718e-06	9.994290322580653e-06	9.997645161290327e-06	9.999258064516132e-06	1.0000000000000004e-05	1.0000000000000004e-05
7000	9.879310344827585e-06	9.879793103448277e-06	9.902689655172415e-06	9.921103448275864e-06	9.895724137931035e-06	9.90137931034483e-06	9.958068965517242e-06	9.975551724137936e-06	9.948793103448277e-06	9.950896551724142e-06	9.982448275862072e-06	9.998655172413797e-06	1.0000000000000003e-05	9.991103448275865e-06	9.959344827586211e-06	9.866862068965515e-06	9.644793103448273e-06	9.273758620689651e-06	9.055172413793099e-06
7100	9.909090909090913e-06	9.925727272727276e-06	9.962090909090914e-06	9.95133333333334e-06	9.880000000000002e-06	9.857090909090913e-06	9.916000000000006e-06	9.964848484848494e-06	9.966060606060612e-06	9.968121212121219e-06	9.986090909090913e-06	9.995484848484854e-06	9.991909090909096e-06	9.987878787878793e-06	9.986363636363644e-06	9.97427272727273e-06	9.870787878787884e-06	9.572424242424247e-06	9.366666666666671e-06
7200	9.834375000000004e-06	9.844750000000003e-06	9.901906250000005e-06	9.937937500000004e-06	9.875687500000004e-06	9.83178125e-06	9.890281250000003e-06	9.960593750000005e-06	9.968656250000005e-06	9.958875000000004e-06	9.976562500000004e-06	9.989718750000003e-06	9.963625000000006e-06	9.937312500000007e-06	9.939593750000007e-06	9.932156250000005e-06	9.480281250000002e-06	8.840968749999998e-06	8.640624999999997e-06
7300	9.786206896551723e-06	9.792241379310344e-06	9.806862068965516e-06	9.807724137931035e-06	9.796000000000002e-06	9.827620689655175e-06	9.914310344827587e-06	9.982689655172416e-06	1.0000000000000003e-05	1.0000000000000003e-05	1.0000000000000003e-05	1.0000000000000003e-05	9.99989655172414e-06	9.997655172413796e-06	9.994413793103451e-06	9.995448275862075e-06	9.998793103448279e-06	1.0000000000000003e-05	1.0000000000000003e-05
7400	9.767741935483875e-06	9.773741935483871e-06	9.78693548387097e-06	9.79629032258065e-06	9.80229032258065e-06	9.84061290322581e-06	9.900225806451618e-06	9.921193548387099e-06	9.921903225806455e-06	9.95487096774194e-06	9.991483870967746e-06	1.0000000000000004e-05	1.0000000000000004e-05	1.0000000000000004e-05	1.0000000000000004e-05	9.997451612903233e-06	9.98151612903226e-06	9.958258064516132e-06	9.948387096774198e-06
7500	9.760606060606065e-06	9.781303030303036e-06	9.811848484848489e-06	9.806484848484856e-06	9.788181818181823e-06	9.830818181818187e-06	9.905393939393944e-06	9.926121212121216e-06	9.921696969696975e-06	9.954303030303036e-06	9.991606060606065e-06	1.0000000000000004e-05	9.999636363636364e-06	9.998121212121213e-06	9.996848484848493e-06	9.991969696969702e-06	9.985000000000009e-06	9.986848484848493e-06	9.9909090909091e-06
7600	9.774193548387102e-06	9.769903225806452e-06	9.750612903225808e-06	9.731612903225809e-06	9.745774193548392e-06	9.813483870967746e-06	9.902935483870972e-06	9.932322580645165e-06	9.902838709677424e-06	9.888645161290323e-06	9.916677419354841e-06	9.962225806451617e-06	9.992258064516132e-06	1.0000000000000004e-05	1.0000000000000004e-05	1.0000000000000004e-05	1.0000000000000004e-05	1.0000000000000004e-05	1.0000000000000004e-05
7700	9.780000000000003e-06	9.783033333333336e-06	9.776433333333334e-06	9.746666666666666e-06	9.736266666666669e-06	9.798766666666667e-06	9.89176666666667e-06	9.888566666666667e-06	9.786366666666667e-06	9.754366666666668e-06	9.846100000000006e-06	9.887866666666667e-06	9.808200000000004e-06	9.792333333333335e-06	9.870400000000003e-06	9.676600000000003e-06	8.130533333333336e-06	6.292866666666665e-06	5.769999999999999e-06
7800	9.696875e-06	9.713062500000004e-06	9.740656250000003e-06	9.728500000000002e-06	9.714875000000006e-06	9.782906250000003e-06	9.877500000000003e-06	9.888062500000004e-06	9.822875e-06	9.791687500000004e-06	9.858687500000002e-06	9.950562500000003e-06	9.975812500000005e-06	9.952812500000003e-06	9.925250000000005e-06	9.915156250000007e-06	9.655593750000006e-06	9.378187500000005e-06	9.362500000000004e-06
7900	9.678787878787883e-06	9.705757575757576e-06	9.771818181818185e-06	9.849818181818185e-06	9.924363636363642e-06	9.968060606060613e-06	9.978848484848493e-06	9.986242424242433e-06	9.991606060606065e-06	9.994969696969702e-06	9.998818181818184e-06	9.999666666666668e-06	9.996757575757583e-06	9.989181818181823e-06	9.981515151515157e-06	9.93912121212122e-06	9.714696969696975e-06	9.307424242424247e-06	9.084848484848487e-06
8000	9.662499999999998e-06	9.696343750000002e-06	9.751125000000004e-06	9.787656250000003e-06	9.849093750000005e-06	9.938000000000004e-06	9.990531250000003e-06	9.998812500000006e-06	9.997250000000003e-06	9.996062500000007e-06	9.992000000000009e-06	9.990125000000006e-06	9.995125000000005e-06	9.999375000000005e-06	9.998593750000002e-06	9.986093750000004e-06	9.921718750000005e-06	9.762343750000006e-06	9.656250000000006e-06
8100	8.346875000000003e-06	8.359218750000004e-06	8.727843750000003e-06	9.464562499999998e-06	9.845500000000004e-06	9.797062500000004e-06	9.759531250000003e-06	9.8016875e-06	9.838125000000003e-06	9.868812500000004e-06	9.934343750000004e-06	9.975468750000006e-06	9.945000000000006e-06	9.888000000000004e-06	9.823250000000001e-06	9.110968750000003e-06	6.3117499999999985e-06	3.1320625000000004e-06	2.078125e-06
8200	8.629032258064519e-06	8.635290322580646e-06	8.93741935483871e-06	9.550612903225805e-06	9.864064516129036e-06	9.796612903225807e-06	9.74625806451613e-06	9.809677419354839e-06	9.867032258064516e-06	9.891612903225809e-06	9.933903225806456e-06	9.970419354838713e-06	9.961645161290326e-06	9.929580645161295e-06	9.938354838709682e-06	9.979387096774196e-06	1.0000000000000004e-05	1.0000000000000004e-05	1.0000000000000004e-05
8300	7.690322580645163e-06	7.75109677419355e-06	8.361258064516129e-06	9.382677419354838e-06	9.842677419354842e-06	9.780903225806452e-06	9.737483870967743e-06	9.76925806451613e-06	9.819645161290325e-06	9.879806451612908e-06	9.925258064516131e-06	9.919193548387103e-06	9.890612903225809e-06	9.889741935483875e-06	9.898032258064522e-06	9.871870967741938e-06	9.334290322580649e-06	8.595354838709678e-06	8.370967741935484e-06
8400	6.884374999999998e-06	7.078093749999997e-06	8.296500000000001e-06	9.587468750000004e-06	9.849281250000004e-06	9.796468750000003e-06	9.743718750000001e-06	9.772125000000001e-06	9.824250000000002e-06	9.855968750000003e-06	9.871656250000003e-06	9.872968750000003e-06	9.867687500000003e-06	9.857031250000005e-06	9.649437500000002e-06	7.417812500000001e-06	3.5963437500000007e-06	1.5281250000000003e-06	1.25e-06
8500	2.5909090909090906e-06	2.6885454545454546e-06	4.856939393939394e-06	8.300181818181823e-06	9.771424242424246e-06	9.805848484848491e-06	9.718939393939395e-06	9.725515151515153e-06	9.784424242424241e-06	9.83039393939394e-06	9.849606060606064e-06	9.852424242424243e-06	9.848303030303034e-06	9.837121212121216e-06	9.50548484848485e-06	6.750333333333334e-06	2.3386666666666668e-06	1.788787878787879e-07	0.0
8600	8.636363636363638e-07	1.3575151515151516e-06	4.127939393939394e-06	7.889848484848486e-06	9.616303030303035e-06	9.803878787878791e-06	9.723454545454547e-06	9.720515151515154e-06	9.783212121212123e-06	9.84066666666667e-06	9.85906060606061e-06	9.851333333333339e-06	9.841090909090912e-06	9.835818181818188e-06	9.762818181818185e-06	7.93339393939394e-06	3.569151515151515e-06	4.818787878787879e-07	0.0
8700	1.4843749999999999e-06	1.994375e-06	4.42259375e-06	7.874843750000003e-06	9.632937500000005e-06	9.794000000000003e-06	9.717218750000002e-06	9.73271875e-06	9.789500000000002e-06	9.835125000000002e-06	9.853531250000004e-06	9.848093750000001e-06	9.839593750000004e-06	9.829187500000005e-06	9.528031250000001e-06	7.057093750000001e-06	2.8237812499999995e-06	3.839375e-07	0.0
8800	1.6764705882352947e-06	2.295441176470588e-06	4.662205882352942e-06	7.951264705882351e-06	9.650764705882356e-06	9.731441176470594e-06	9.65352941176471e-06	9.70494117647059e-06	9.781764705882355e-06	9.823823529411769e-06	9.848558823529415e-06	9.858588235294123e-06	9.850941176470593e-06	9.816500000000003e-06	9.627029411764709e-06	7.202617647058825e-06	3.051088235294117e-06	5.795e-07	0.0
8900	1.7812499999999993e-06	1.7571249999999997e-06	3.46428125e-06	7.141156250000001e-06	9.46953125e-06	9.762531250000002e-06	9.634437500000001e-06	9.63359375e-06	9.715593750000002e-06	9.794156250000002e-06	9.842312500000001e-06	9.853531250000004e-06	9.839937500000003e-06	9.794812500000002e-06	9.459156250000001e-06	7.0805625e-06	2.88084375e-06	3.7925e-07	0.0
9000	8.906249999999996e-07	1.1546562499999998e-06	3.871812499999999e-06	7.9075625e-06	9.635875000000002e-06	9.727718750000001e-06	9.674375000000002e-06	9.714156250000001e-06	9.788468750000004e-06	9.833156250000003e-06	9.851000000000001e-06	9.861843750000004e-06	9.846593750000001e-06	9.790093750000001e-06	9.50328125e-06	7.626281249999998e-06	3.490468749999999e-06	4.9171875e-07	0.0
9100	2.9687499999999996e-07	8.012187500000003e-07	3.5988437499999986e-06	7.516281249999999e-06	9.474718750000002e-06	9.745000000000002e-06	9.662656249999998e-06	9.6830625e-06	9.768687500000001e-06	9.835875000000003e-06	9.865406250000003e-06	9.883750000000003e-06	9.890656250000004e-06	9.850718750000002e-06	9.61684375e-06	8.2403125e-06	5.801656250000002e-06	4.423249999999999e-06	4.303124999999999e-06
9200	0.0	4.0127272727272723e-07	3.060727272727273e-06	7.230848484848485e-06	9.499151515151518e-06	9.772151515151519e-06	9.63015151515152e-06	9.58266666666667e-06	9.632424242424243e-06	9.722424242424246e-06	9.825818181818184e-06	9.912272727272734e-06	9.969909090909094e-06	9.986181818181823e-06	9.938181818181825e-06	9.832181818181821e-06	9.734666666666668e-06	9.71618181818182e-06	9.73030303030303e-06
9300	0.0	4.79516129032258e-07	3.2403870967741937e-06	7.411903225806451e-06	9.579290322580647e-06	9.770645161290324e-06	9.626709677419357e-06	9.58441935483871e-06	9.638354838709678e-06	9.71945161290323e-06	9.816161290322582e-06	9.913000000000003e-06	9.976516129032261e-06	9.988064516129037e-06	9.94054838709678e-06	9.853741935483874e-06	9.804387096774193e-06	9.82903225806452e-06	9.854838709677422e-06
9400	0.0	4.2603333333333333e-07	3.3673666666666655e-06	7.671833333333333e-06	9.649433333333335e-06	9.763733333333334e-06	9.634533333333336e-06	9.587566666666668e-06	9.638033333333335e-06	9.7205e-06	9.812633333333337e-06	9.905933333333336e-06	9.967733333333338e-06	9.984500000000006e-06	9.943400000000004e-06	9.855233333333337e-06	9.800866666666668e-06	9.822000000000002e-06	9.846666666666668e-06
9500	0.0	2.936000000000001e-07	2.374366666666667e-06	6.652833333333332e-06	9.502766666666668e-06	9.761500000000005e-06	9.616266666666666e-06	9.59066666666667e-06	9.638566666666664e-06	9.712233333333332e-06	9.80566666666667e-06	9.904666666666669e-06	9.968666666666668e-06	9.973466666666672e-06	9.934833333333337e-06	9.858066666666668e-06	9.808433333333334e-06	9.825866666666667e-06	9.846666666666668e-06
9600	0.0	2.400645161290323e-07	2.664580645161289e-06	7.176709677419356e-06	9.607580645161292e-06	9.20745161290323e-06	8.362322580645161e-06	8.174193548387095e-06	8.675419354838707e-06	9.365032258064519e-06	9.778354838709678e-06	9.887258064516136e-06	9.91029032258065e-06	9.882161290322582e-06	9.843548387096777e-06	9.771000000000004e-06	9.73109677419355e-06	9.770935483870973e-06	9.803225806451617e-06
9700	0.0	2.3575000000000003e-07	2.764375e-06	7.1152812500000015e-06	9.44025e-06	8.937593750000004e-06	5.949593750000002e-06	4.05540625e-06	6.625906250000001e-06	9.309156250000003e-06	9.795187500000001e-06	9.868562500000003e-06	9.877843750000005e-06	9.858000000000005e-06	9.845031250000004e-06	9.808374999999999e-06	9.777843750000003e-06	9.805093750000005e-06	9.834375000000005e-06
9800	0.0	1.9327586206896555e-07	1.99e-06	6.138068965517241e-06	9.214137931034482e-06	8.511965517241383e-06	5.579137931034483e-06	4.916724137931034e-06	7.705206896551723e-06	9.705482758620691e-06	9.977034482758623e-06	9.999241379310347e-06	9.997517241379316e-06	9.997310344827591e-06	9.999034482758624e-06	1.0000000000000003e-05	1.0000000000000003e-05	1.0000000000000003e-05	1.0000000000000003e-05
9900	0.0	3.67741935483871e-08	2.176774193548387e-06	6.466838709677418e-06	9.177806451612904e-06	8.850580645161292e-06	5.589451612903226e-06	3.6191612903225806e-06	6.558193548387099e-06	9.512451612903232e-06	9.981967741935491e-06	9.998064516129035e-06	9.999677419354842e-06	9.998709677419364e-06	9.997096774193557e-06	9.996774193548395e-06	9.996774193548395e-06	9.996774193548395e-06	9.996774193548395e-06
10000	0.0	0.0	1.155090909090909e-06	5.137969696969696e-06	8.728848484848486e-06	8.090363636363636e-06	5.265939393939395e-06	4.961060606060606e-06	7.680181818181819e-06	9.617818181818184e-06	9.97154545454546e-06	9.99287878787879e-06	9.998393939393943e-06	9.999909090909094e-06	9.996303030303037e-06	9.98254545454546e-06	9.971272727272733e-06	9.9759393939394e-06	9.981818181818188e-06
