	site
generation	50	100	150	200	250	300	350	400	450	500	550	600	650	700	750	800	850	900	950
0	1.0000000000000004e-05	1.0000000000000004e-05	1.0000000000000004e-05	1.0000000000000004e-05	1.0000000000000004e-05	1.0000000000000004e-05	1.0000000000000004e-05	1.0000000000000004e-05	1.0000000000000004e-05	1.0000000000000004e-05	1.0000000000000004e-05	1.0000000000000004e-05	1.0000000000000004e-05	1.0000000000000004e-05	1.0000000000000004e-05	1.0000000000000004e-05	1.0000000000000004e-05	1.0000000000000004e-05	1.0000000000000004e-05
100	9.875000000000003e-06	9.906000000000003e-06	9.964468750000004e-06	9.995968750000003e-06	1.0000000000000004e-05	1.0000000000000004e-05	1.0000000000000004e-05	1.0000000000000004e-05	1.0000000000000004e-05	1.0000000000000004e-05	1.0000000000000004e-05	1.0000000000000004e-05	1.0000000000000004e-05	9.999031250000004e-06	9.991031250000002e-06	9.977000000000005e-06	9.966468750000003e-06	9.962718750000005e-06	9.962500000000007e-06
200	9.943750000000006e-06	9.951906250000004e-06	9.974031250000005e-06	9.994000000000006e-06	1.0000000000000004e-05	9.996656250000006e-06	9.970687500000003e-06	9.910093750000003e-06	9.868218750000001e-06	9.902562500000001e-06	9.967343750000005e-06	9.996937500000005e-06	1.0000000000000004e-05	1.0000000000000004e-05	1.0000000000000004e-05	1.0000000000000004e-05	1.0000000000000004e-05	1.0000000000000004e-05	1.0000000000000004e-05
300	9.993750000000009e-06	9.98159375000001e-06	9.942625000000002e-06	9.923187500000001e-06	9.957468750000004e-06	9.992187500000003e-06	9.999000000000004e-06	9.979031250000006e-06	9.935062500000005e-06	9.922937500000002e-06	9.959187500000004e-06	9.987250000000005e-06	9.990375000000005e-06	9.967375000000004e-06	9.926250000000005e-06	9.928593750000005e-06	9.973750000000004e-06	9.996875000000004e-06	9.996875000000004e-06
400	9.99032258064517e-06	9.981516129032262e-06	9.934870967741939e-06	9.875935483870972e-06	9.879451612903229e-06	9.938258064516132e-06	9.983838709677427e-06	9.977516129032264e-06	9.921129032258067e-06	9.870258064516132e-06	9.889870967741937e-06	9.951903225806458e-06	9.985096774193553e-06	9.96587096774194e-06	9.929741935483875e-06	9.935806451612908e-06	9.955806451612909e-06	9.942419354838717e-06	9.929032258064522e-06
500	9.953125000000005e-06	9.953125000000005e-06	9.932093750000006e-06	9.885218750000008e-06	9.877843750000002e-06	9.935843750000002e-06	9.982187500000003e-06	9.963562500000006e-06	9.910250000000004e-06	9.862375000000002e-06	9.838562500000003e-06	9.8425625e-06	9.86721875e-06	9.880906250000001e-06	9.861906250000003e-06	9.872656250000005e-06	9.921187500000007e-06	9.943437500000005e-06	9.943750000000006e-06
600	9.92857142857143e-06	9.938321428571433e-06	9.969928571428575e-06	9.995892857142856e-06	1e-05	1e-05	9.999107142857144e-06	9.97864285714286e-06	9.923678571428571e-06	9.859392857142855e-06	9.818892857142856e-06	9.820535714285714e-06	9.868107142857142e-06	9.935964285714289e-06	9.982964285714288e-06	9.996428571428575e-06	9.996535714285719e-06	9.99832142857143e-06	1e-05
700	9.751612903225807e-06	9.784000000000002e-06	9.866483870967745e-06	9.944451612903229e-06	9.960806451612908e-06	9.905709677419359e-06	9.856161290322583e-06	9.880741935483874e-06	9.902322580645163e-06	9.882161290322582e-06	9.897806451612907e-06	9.951838709677426e-06	9.989516129032261e-06	1.0000000000000004e-05	9.999645161290328e-06	9.982290322580652e-06	9.94012903225807e-06	9.910709677419356e-06	9.90645161290323e-06
800	9.838709677419354e-06	9.849129032258065e-06	9.879483870967741e-06	9.91012903225807e-06	9.949677419354843e-06	9.989258064516132e-06	9.995741935483874e-06	9.972419354838717e-06	9.933032258064519e-06	9.929677419354841e-06	9.971225806451618e-06	9.997903225806456e-06	9.999354838709685e-06	9.983645161290328e-06	9.906032258064517e-06	9.797967741935488e-06	9.754129032258069e-06	9.774677419354843e-06	9.79354838709678e-06
900	9.859375000000004e-06	9.868812500000004e-06	9.89228125e-06	9.924625000000003e-06	9.967062500000006e-06	9.995593750000004e-06	9.997750000000004e-06	9.970750000000004e-06	9.908062500000003e-06	9.872562500000007e-06	9.904687500000004e-06	9.955093750000005e-06	9.981656250000008e-06	9.971468750000006e-06	9.931156250000004e-06	9.874875000000001e-06	9.821343750000003e-06	9.81084375e-06	9.821875000000002e-06
1000	9.85757575757576e-06	9.869666666666673e-06	9.875272727272731e-06	9.854787878787884e-06	9.850393939393944e-06	9.875454545454549e-06	9.904696969696973e-06	9.920757575757585e-06	9.919242424242428e-06	9.924393939393942e-06	9.91515151515152e-06	9.862030303030306e-06	9.83148484848485e-06	9.844454545454547e-06	9.834393939393941e-06	9.773121212121218e-06	9.748606060606064e-06	9.810636363636366e-06	9.854545454545457e-06
1100	9.73103448275862e-06	9.74789655172414e-06	9.801931034482759e-06	9.854103448275863e-06	9.87044827586207e-06	9.859103448275862e-06	9.860275862068966e-06	9.89151724137931e-06	9.907827586206899e-06	9.910275862068963e-06	9.899655172413793e-06	9.842896551724139e-06	9.773517241379308e-06	9.769137931034484e-06	9.800689655172415e-06	9.783758620689653e-06	9.769724137931035e-06	9.808137931034482e-06	9.83448275862069e-06
1200	9.696874999999997e-06	9.71109375e-06	9.76090625e-06	9.812031250000002e-06	9.826093750000007e-06	9.81965625e-06	9.822843750000002e-06	9.807562500000003e-06	9.770468750000005e-06	9.813156250000003e-06	9.877281250000002e-06	9.829562500000004e-06	9.74015625e-06	9.700937500000003e-06	9.713343750000004e-06	9.752218750000001e-06	9.787125000000002e-06	9.822312500000003e-06	9.843750000000004e-06
1300	9.637499999999999e-06	9.6783125e-06	9.763875000000003e-06	9.822781250000004e-06	9.83878125e-06	9.833093750000004e-06	9.829718750000001e-06	9.801531250000005e-06	9.7456875e-06	9.784750000000003e-06	9.871656250000004e-06	9.813187500000002e-06	9.67746875e-06	9.666749999999999e-06	9.757843750000005e-06	9.818625000000001e-06	9.828093750000001e-06	9.83315625e-06	9.840625000000002e-06
1400	9.7e-06	9.715290322580644e-06	9.767419354838711e-06	9.818483870967743e-06	9.840322580645164e-06	9.841129032258068e-06	9.839774193548388e-06	9.817064516129034e-06	9.758225806451615e-06	9.77687096774194e-06	9.853032258064518e-06	9.808387096774195e-06	9.655451612903225e-06	9.606161290322582e-06	9.736709677419357e-06	9.897483870967745e-06	9.97993548387097e-06	1.0000000000000004e-05	1.0000000000000004e-05
1500	9.738709677419355e-06	9.751225806451615e-06	9.795225806451615e-06	9.834967741935486e-06	9.83925806451613e-06	9.820225806451614e-06	9.816451612903231e-06	9.812516129032261e-06	9.776741935483876e-06	9.808741935483872e-06	9.868967741935487e-06	9.789032258064518e-06	9.493838709677418e-06	9.31006451612903e-06	9.569419354838709e-06	9.883258064516134e-06	9.97774193548388e-06	9.995354838709685e-06	9.996774193548395e-06
1600	1.0000000000000004e-05	1.0000000000000004e-05	9.991193548387102e-06	9.955838709677422e-06	9.893612903225812e-06	9.808129032258067e-06	9.749096774193552e-06	9.766645161290322e-06	9.808709677419356e-06	9.85625806451613e-06	9.887580645161295e-06	9.169612903225812e-06	6.205387096774194e-06	3.7184516129032246e-06	5.7406451612903235e-06	8.97667741935484e-06	9.975387096774197e-06	1.0000000000000004e-05	1.0000000000000004e-05
1700	1.0000000000000004e-05	1.0000000000000004e-05	9.986903225806459e-06	9.952000000000004e-06	9.885032258064519e-06	9.799741935483874e-06	9.760354838709678e-06	9.783387096774197e-06	9.816967741935485e-06	9.85258064516129e-06	9.867645161290323e-06	9.363129032258069e-06	6.129032258064516e-06	2.7559677419354832e-06	4.884225806451614e-06	8.769903225806455e-06	9.90393548387097e-06	9.923516129032266e-06	9.932258064516135e-06
1800	1.0000000000000004e-05	1.0000000000000004e-05	9.986000000000002e-06	9.915562500000005e-06	9.663468750000003e-06	9.40028125e-06	9.489218750000004e-06	9.726031250000004e-06	9.815218750000003e-06	9.847781250000005e-06	9.865062500000004e-06	9.466187500000002e-06	6.5840312500000005e-06	3.1294062499999992e-06	4.6704374999999994e-06	8.521656250000002e-06	9.852906250000004e-06	9.836625000000005e-06	9.834375000000005e-06
1900	9.993750000000009e-06	9.995750000000007e-06	9.987218750000006e-06	9.915718750000007e-06	9.779750000000002e-06	9.665062500000002e-06	9.661031250000003e-06	9.745343750000004e-06	9.809531250000002e-06	9.842218750000005e-06	9.832125000000004e-06	9.124375000000002e-06	6.3475937499999996e-06	3.4944062499999995e-06	4.864156250000001e-06	8.423468750000001e-06	9.850250000000003e-06	9.844062500000005e-06	9.843750000000004e-06
2000	9.962500000000007e-06	9.962500000000007e-06	9.954000000000005e-06	9.899343750000005e-06	9.770875000000005e-06	9.641718750000003e-06	9.654812500000004e-06	9.767406250000006e-06	9.829062500000005e-06	9.854968750000004e-06	9.8275e-06	9.133906250000003e-06	6.036093750000002e-06	2.6672500000000006e-06	4.2431875e-06	8.303843750000003e-06	9.865156250000002e-06	9.862250000000004e-06	9.862500000000004e-06
2100	9.99032258064517e-06	9.977838709677427e-06	9.925612903225807e-06	9.843483870967747e-06	9.734935483870969e-06	9.652580645161293e-06	9.682806451612907e-06	9.762161290322582e-06	9.795419354838713e-06	9.804838709677422e-06	9.807290322580647e-06	8.913548387096776e-06	5.3590645161290324e-06	2.6536774193548395e-06	5.301322580645162e-06	8.89061290322581e-06	9.776354838709679e-06	9.759870967741936e-06	9.761290322580646e-06
2200	9.993750000000009e-06	9.986968750000007e-06	9.948437500000005e-06	9.894281250000003e-06	9.811875000000005e-06	9.739812500000004e-06	9.767687500000002e-06	9.789968750000002e-06	9.718125000000003e-06	9.69184375e-06	9.777718750000003e-06	9.24940625e-06	5.911437500000002e-06	3.179531250000001e-06	5.938375e-06	9.224125000000002e-06	9.76840625e-06	9.770500000000004e-06	9.775000000000002e-06
2300	1.0000000000000004e-05	1.0000000000000004e-05	9.997969696969702e-06	9.983333333333342e-06	9.966545454545459e-06	9.974606060606065e-06	9.984666666666671e-06	9.903818181818188e-06	9.776212121212125e-06	9.800090909090915e-06	9.929696969696972e-06	9.992696969696973e-06	9.99945454545455e-06	1.0000000000000004e-05	9.988606060606067e-06	9.907969696969703e-06	9.79657575757576e-06	9.760545454545458e-06	9.766666666666671e-06
2400	9.963333333333335e-06	9.975700000000003e-06	9.985733333333338e-06	9.957900000000003e-06	9.919966666666666e-06	9.92456666666667e-06	9.936133333333338e-06	9.849033333333335e-06	9.716033333333333e-06	9.7383e-06	9.889500000000004e-06	9.983533333333335e-06	1.0000000000000003e-05	1.0000000000000003e-05	9.98073333333334e-06	9.896000000000001e-06	9.797166666666668e-06	9.775233333333334e-06	9.786666666666669e-06
2500	9.748484848484853e-06	9.768757575757579e-06	9.790818181818187e-06	9.788515151515157e-06	9.836606060606066e-06	9.929030303030307e-06	9.969636363636367e-06	9.919666666666671e-06	9.813636363636366e-06	9.788757575757579e-06	9.865909090909096e-06	9.913212121212125e-06	9.933727272727277e-06	9.972060606060608e-06	9.96833333333334e-06	9.889212121212125e-06	9.77948484848485e-06	9.72530303030303e-06	9.724242424242424e-06
2600	9.76551724137931e-06	9.790068965517243e-06	9.81262068965517e-06	9.801724137931039e-06	9.837551724137933e-06	9.930551724137933e-06	9.975034482758622e-06	9.908655172413796e-06	9.805379310344827e-06	9.807827586206898e-06	9.886137931034482e-06	9.915551724137931e-06	9.92579310344828e-06	9.967103448275865e-06	9.98079310344828e-06	9.944241379310347e-06	9.9158275862069e-06	9.918241379310346e-06	9.924137931034484e-06
2700	9.694117647058827e-06	9.708588235294122e-06	9.71664705882353e-06	9.725000000000001e-06	9.807000000000001e-06	9.912588235294122e-06	9.970411764705892e-06	9.934000000000007e-06	9.80088235294118e-06	9.749558823529415e-06	9.802794117647063e-06	9.838058823529414e-06	9.892117647058829e-06	9.959029411764713e-06	9.981970588235301e-06	9.96141176470589e-06	9.897882352941182e-06	9.856470588235297e-06	9.855882352941181e-06
2800	1.0000000000000003e-05	1.0000000000000003e-05	1.0000000000000003e-05	1.0000000000000003e-05	1.0000000000000003e-05	1.0000000000000003e-05	9.992600000000005e-06	9.92856666666667e-06	9.802400000000003e-06	9.761066666666667e-06	9.812000000000002e-06	9.835666666666666e-06	9.88366666666667e-06	9.958133333333339e-06	9.989100000000009e-06	9.989300000000001e-06	9.988200000000005e-06	9.993566666666672e-06	9.996666666666672e-06
2900	9.990625000000004e-06	9.989406250000005e-06	9.967687500000005e-06	9.923250000000004e-06	9.910187500000003e-06	9.948343750000002e-06	9.980625000000004e-06	9.927406250000008e-06	9.802406250000002e-06	9.761968750000004e-06	9.811906250000004e-06	9.842687500000004e-06	9.896437500000003e-06	9.960843750000006e-06	9.932750000000008e-06	9.830187500000005e-06	9.769312500000002e-06	9.77315625e-06	9.78125e-06
3000	9.996774193548395e-06	9.99809677419355e-06	9.999709677419358e-06	1.0000000000000004e-05	9.991903225806456e-06	9.973193548387103e-06	9.949870967741938e-06	9.891870967741938e-06	9.793677419354843e-06	9.753419354838713e-06	9.760129032258063e-06	9.75241935483871e-06	9.812193548387099e-06	9.884967741935487e-06	9.839516129032261e-06	9.752516129032258e-06	9.752e-06	9.811870967741937e-06	9.84193548387097e-06
3100	9.923333333333337e-06	9.919700000000003e-06	9.922933333333338e-06	9.928000000000002e-06	9.908300000000003e-06	9.889366666666669e-06	9.90056666666667e-06	9.881766666666666e-06	9.791200000000002e-06	9.748233333333334e-06	9.763233333333335e-06	9.761733333333335e-06	9.83096666666667e-06	9.91556666666667e-06	9.910700000000003e-06	9.890200000000002e-06	9.909233333333335e-06	9.939233333333335e-06	9.950000000000003e-06
3200	9.977419354838718e-06	9.973064516129036e-06	9.958032258064521e-06	9.932225806451617e-06	9.91203225806452e-06	9.919193548387103e-06	9.939645161290327e-06	9.88993548387097e-06	9.76058064516129e-06	9.693838709677418e-06	9.710806451612904e-06	9.738677419354839e-06	9.820161290322582e-06	9.936225806451617e-06	9.9931935483871e-06	1.0000000000000004e-05	1.0000000000000004e-05	1.0000000000000004e-05	1.0000000000000004e-05
3300	9.910344827586209e-06	9.905068965517244e-06	9.877068965517242e-06	9.805620689655172e-06	9.750310344827585e-06	9.792793103448278e-06	9.867241379310344e-06	9.850689655172416e-06	9.752275862068964e-06	9.715827586206898e-06	9.773689655172411e-06	9.827758620689655e-06	9.885448275862071e-06	9.961275862068969e-06	9.9978275862069e-06	9.996862068965521e-06	9.980206896551726e-06	9.95575862068966e-06	9.9448275862069e-06
3400	1.0000000000000004e-05	1.0000000000000004e-05	1.0000000000000004e-05	1.0000000000000004e-05	1.0000000000000004e-05	9.99954838709678e-06	9.981451612903234e-06	9.889290322580651e-06	9.72293548387097e-06	9.633645161290323e-06	9.699741935483873e-06	9.82483870967742e-06	9.931838709677425e-06	9.988161290322584e-06	9.999516129032263e-06	9.997193548387105e-06	9.982161290322583e-06	9.964000000000003e-06	9.958064516129037e-06
3500	9.990625000000004e-06	9.989875000000006e-06	9.992562500000006e-06	9.997812500000005e-06	9.999812500000003e-06	9.999093750000005e-06	9.968312500000007e-06	9.857031250000005e-06	9.703312500000003e-06	9.658250000000002e-06	9.708187499999999e-06	9.740500000000003e-06	9.826468750000001e-06	9.948250000000004e-06	9.996843750000005e-06	9.994093750000006e-06	9.958437500000004e-06	9.906531250000003e-06	9.884375000000003e-06
3600	9.921875000000004e-06	9.906500000000002e-06	9.869281250000006e-06	9.8085625e-06	9.758281250000001e-06	9.78446875e-06	9.849500000000003e-06	9.816218750000002e-06	9.695593750000002e-06	9.66234375e-06	9.683750000000002e-06	9.666812500000003e-06	9.723625000000003e-06	9.844031250000001e-06	9.917718750000006e-06	9.965125000000004e-06	9.995375000000004e-06	1.0000000000000004e-05	1.0000000000000004e-05
3700	9.925806451612908e-06	9.913193548387098e-06	9.883580645161294e-06	9.823677419354842e-06	9.759741935483871e-06	9.778870967741937e-06	9.849516129032262e-06	9.808193548387099e-06	9.68251612903226e-06	9.661258064516132e-06	9.691709677419353e-06	9.686161290322583e-06	9.744483870967743e-06	9.855387096774197e-06	9.91577419354839e-06	9.955000000000005e-06	9.991516129032262e-06	1.0000000000000004e-05	1.0000000000000004e-05
3800	9.835483870967743e-06	9.835548387096776e-06	9.83967741935484e-06	9.817032258064517e-06	9.772580645161291e-06	9.782322580645168e-06	9.835387096774194e-06	9.809903225806453e-06	9.701838709677422e-06	9.666806451612904e-06	9.677645161290325e-06	9.652419354838712e-06	9.716193548387095e-06	9.848354838709681e-06	9.923225806451616e-06	9.967935483870972e-06	9.994516129032262e-06	9.99687096774194e-06	9.996774193548388e-06
3900	9.906666666666668e-06	9.90306666666667e-06	9.885366666666669e-06	9.844533333333335e-06	9.769200000000003e-06	9.7263e-06	9.78203333333333e-06	9.805833333333334e-06	9.710966666666666e-06	9.661499999999999e-06	9.6709e-06	9.646833333333332e-06	9.715933333333331e-06	9.824933333333335e-06	9.860200000000003e-06	9.90336666666667e-06	9.933466666666669e-06	9.918366666666666e-06	9.906666666666668e-06
4000	9.959375000000007e-06	9.962375000000005e-06	9.970937500000004e-06	9.979343750000004e-06	9.981718750000001e-06	9.983562500000005e-06	9.979312500000005e-06	9.830750000000006e-06	9.540562500000002e-06	9.4610625e-06	9.602124999999999e-06	9.672312500000003e-06	9.732375000000002e-06	9.822718750000003e-06	9.855781250000002e-06	9.898031250000005e-06	9.936062500000005e-06	9.927781250000006e-06	9.918750000000006e-06
4100	9.99333333333334e-06	9.99380000000001e-06	9.995466666666673e-06	9.99533333333334e-06	9.992000000000007e-06	9.992000000000004e-06	9.988133333333337e-06	9.853800000000004e-06	9.54846666666667e-06	9.434966666666669e-06	9.585566666666665e-06	9.669666666666668e-06	9.735333333333335e-06	9.825366666666667e-06	9.8491e-06	9.886133333333335e-06	9.921300000000001e-06	9.909300000000004e-06	9.89666666666667e-06
4200	9.94193548387097e-06	9.960322580645165e-06	9.98935483870968e-06	1.0000000000000004e-05	1.0000000000000004e-05	1.0000000000000004e-05	9.989741935483877e-06	9.914806451612907e-06	9.777322580645164e-06	9.698709677419355e-06	9.682967741935483e-06	9.67825806451613e-06	9.74109677419355e-06	9.813612903225809e-06	9.832645161290324e-06	9.848870967741942e-06	9.809870967741934e-06	9.731000000000002e-06	9.703225806451613e-06
4300	9.96129032258065e-06	9.973580645161295e-06	9.99293548387097e-06	1.0000000000000004e-05	1.0000000000000004e-05	9.996548387096777e-06	9.953064516129038e-06	9.817483870967746e-06	9.695741935483871e-06	9.698967741935484e-06	9.708516129032262e-06	9.648419354838708e-06	9.645451612903227e-06	9.732419354838714e-06	9.811225806451616e-06	9.89845161290323e-06	9.976322580645168e-06	9.998032258064519e-06	1.0000000000000004e-05
4400	9.978787878787885e-06	9.983696969696977e-06	9.994303030303032e-06	1.0000000000000004e-05	1.0000000000000004e-05	9.996212121212126e-06	9.943454545454549e-06	9.820515151515158e-06	9.713181818181821e-06	9.695818181818182e-06	9.68578787878788e-06	9.629696969696972e-06	9.65518181818182e-06	9.754393939393945e-06	9.82736363636364e-06	9.904090909090913e-06	9.975030303030308e-06	9.999272727272732e-06	1.0000000000000004e-05
4500	9.956666666666669e-06	9.97196666666667e-06	9.993633333333337e-06	1.0000000000000003e-05	1.0000000000000003e-05	9.998333333333337e-06	9.961800000000003e-06	9.826500000000003e-06	9.695133333333333e-06	9.693566666666668e-06	9.707933333333334e-06	9.655199999999999e-06	9.6482e-06	9.7271e-06	9.805300000000002e-06	9.896800000000002e-06	9.978300000000004e-06	9.999166666666669e-06	1.0000000000000003e-05
4600	9.951724137931039e-06	9.961931034482762e-06	9.980551724137935e-06	9.98996551724138e-06	9.971068965517245e-06	9.900137931034485e-06	9.804862068965518e-06	9.71751724137931e-06	9.660689655172413e-06	9.67651724137931e-06	9.366068965517241e-06	8.311551724137933e-06	7.957034482758622e-06	9.047103448275863e-06	9.808620689655172e-06	9.891068965517244e-06	9.961206896551727e-06	9.967758620689658e-06	9.955172413793104e-06
4700	9.972727272727278e-06	9.98124242424243e-06	9.994878787878793e-06	9.998272727272733e-06	9.964272727272731e-06	9.872212121212127e-06	9.786545454545457e-06	9.726242424242425e-06	9.677363636363638e-06	9.686969696969698e-06	9.304545454545456e-06	7.779545454545456e-06	7.085484848484848e-06	8.641606060606065e-06	9.809848484848491e-06	9.904606060606064e-06	9.969575757575763e-06	9.957878787878797e-06	9.939393939393946e-06
4800	9.956666666666669e-06	9.966733333333337e-06	9.986066666666674e-06	9.996233333333338e-06	9.96236666666667e-06	9.880166666666669e-06	9.807433333333337e-06	9.2462e-06	8.2048e-06	8.200900000000001e-06	9.045200000000001e-06	9.157633333333332e-06	9.084233333333335e-06	9.503766666666667e-06	9.805733333333333e-06	9.89436666666667e-06	9.953133333333338e-06	9.941300000000003e-06	9.92e-06
4900	9.967741935483871e-06	9.979096774193553e-06	9.99487096774194e-06	9.98312903225807e-06	9.918064516129036e-06	9.813387096774195e-06	9.75625806451613e-06	9.60125806451613e-06	9.233967741935482e-06	9.15009677419355e-06	9.186645161290322e-06	7.384870967741937e-06	5.892096774193548e-06	7.842677419354839e-06	9.702483870967744e-06	9.896129032258068e-06	9.96135483870968e-06	9.927354838709683e-06	9.896774193548391e-06
5000	9.980000000000004e-06	9.986733333333339e-06	9.996233333333336e-06	9.983566666666669e-06	9.929366666666672e-06	9.857433333333335e-06	9.81246666666667e-06	9.691233333333333e-06	9.445966666666666e-06	9.325633333333333e-06	7.822033333333332e-06	3.9309e-06	2.9197666666666674e-06	6.734499999999998e-06	9.511833333333333e-06	9.894733333333337e-06	9.975733333333337e-06	9.99866666666667e-06	1.0000000000000003e-05
5100	9.996666666666672e-06	9.996833333333339e-06	9.998500000000003e-06	1.0000000000000003e-05	1.0000000000000003e-05	9.998900000000002e-06	9.975733333333335e-06	9.879666666666668e-06	9.734700000000002e-06	9.654466666666665e-06	8.869733333333333e-06	5.921999999999999e-06	4.251133333333333e-06	6.974733333333333e-06	9.556366666666667e-06	9.950233333333339e-06	9.992333333333336e-06	1.0000000000000003e-05	1.0000000000000003e-05
5200	1.0000000000000004e-05	1.0000000000000004e-05	1.0000000000000004e-05	1.0000000000000004e-05	1.0000000000000004e-05	9.999225806451618e-06	9.976580645161295e-06	9.840193548387103e-06	9.527903225806452e-06	9.369967741935483e-06	8.61816129032258e-06	6.388032258064513e-06	5.748838709677419e-06	8.038709677419356e-06	9.73651612903226e-06	9.966838709677427e-06	9.984000000000005e-06	9.968064516129035e-06	9.958064516129039e-06
5300	9.913793103448275e-06	9.927655172413794e-06	9.965551724137934e-06	9.994793103448278e-06	9.9978275862069e-06	9.971896551724142e-06	9.925517241379313e-06	9.86837931034483e-06	9.76455172413793e-06	9.627034482758618e-06	8.210103448275863e-06	5.180241379310344e-06	4.783413793103448e-06	7.82341379310345e-06	9.710172413793102e-06	9.89193103448276e-06	9.956137931034484e-06	9.958965517241382e-06	9.948275862068965e-06
5400	9.968750000000009e-06	9.980656250000003e-06	9.994718750000004e-06	9.993843750000007e-06	9.967187500000004e-06	9.900968750000002e-06	9.8565625e-06	9.849437500000005e-06	9.778437500000004e-06	9.61846875e-06	7.983125000000002e-06	4.8166250000000015e-06	4.700875000000001e-06	7.97453125e-06	9.862406250000004e-06	9.992843750000005e-06	9.990218750000008e-06	9.976468750000006e-06	9.971875000000007e-06
5500	9.953125000000005e-06	9.967750000000005e-06	9.991187500000004e-06	9.992812500000005e-06	9.960062500000006e-06	9.900000000000002e-06	9.863843750000002e-06	9.846843750000002e-06	9.764031250000004e-06	9.61209375e-06	8.195312499999997e-06	5.375937499999998e-06	5.144656249999999e-06	8.02428125e-06	9.816187500000003e-06	9.988812500000004e-06	9.993718750000005e-06	9.99390625000001e-06	9.993750000000009e-06
5600	9.980645161290329e-06	9.986096774193553e-06	9.99577419354839e-06	9.993838709677424e-06	9.956354838709682e-06	9.895000000000001e-06	9.861741935483876e-06	9.84577419354839e-06	9.755645161290323e-06	9.610870967741936e-06	8.011806451612902e-06	5.17032258064516e-06	5.388903225806452e-06	8.338000000000004e-06	9.872935483870974e-06	9.98696774193549e-06	9.983870967741943e-06	9.982419354838715e-06	9.983870967741943e-06
5700	9.973333333333338e-06	9.97796666666667e-06	9.965933333333339e-06	9.927333333333334e-06	9.896933333333333e-06	9.865566666666667e-06	9.825066666666668e-06	9.782766666666667e-06	9.6186e-06	9.328766666666664e-06	7.768699999999997e-06	4.668233333333334e-06	4.513099999999999e-06	7.959200000000003e-06	9.928533333333337e-06	9.97506666666667e-06	9.93406666666667e-06	9.9027e-06	9.9e-06
5800	9.950000000000005e-06	9.965937500000007e-06	9.967937500000004e-06	9.930125000000002e-06	9.900281250000001e-06	9.869312500000005e-06	9.823250000000003e-06	9.75625e-06	9.643031250000005e-06	9.047000000000005e-06	6.527250000000006e-06	3.17365625e-06	3.7542499999999997e-06	7.683031250000001e-06	9.829531250000005e-06	9.965562500000002e-06	9.898906250000003e-06	9.848875e-06	9.840625000000002e-06
5900	9.953125000000005e-06	9.965843750000007e-06	9.962843750000004e-06	9.930187500000004e-06	9.908468750000003e-06	9.885781250000003e-06	9.843375000000003e-06	9.776906250000002e-06	9.565750000000002e-06	8.819968750000005e-06	5.968250000000007e-06	2.6919687500000006e-06	4.071499999999999e-06	8.097906250000003e-06	9.849812500000006e-06	9.945875000000006e-06	9.893687500000002e-06	9.839875000000002e-06	9.828125000000002e-06
6000	9.940000000000001e-06	9.945200000000001e-06	9.937033333333337e-06	9.910000000000002e-06	9.889333333333334e-06	9.867966666666668e-06	9.804466666666667e-06	9.224233333333332e-06	8.007466666666667e-06	7.213900000000004e-06	4.819733333333335e-06	2.047866666666667e-06	4.540833333333332e-06	8.637933333333332e-06	9.765933333333334e-06	9.76076666666667e-06	9.7348e-06	9.728399999999998e-06	9.73333333333333e-06
6100	9.963333333333335e-06	9.970000000000003e-06	9.95236666666667e-06	9.888000000000004e-06	9.82316666666667e-06	9.80016666666667e-06	9.784233333333334e-06	9.082300000000001e-06	7.70406666666667e-06	7.080200000000003e-06	5.564033333333336e-06	3.834733333333334e-06	6.006799999999999e-06	9.070366666666669e-06	9.816466666666668e-06	9.864733333333332e-06	9.956366666666668e-06	9.998666666666668e-06	1.0000000000000003e-05
6200	9.968750000000009e-06	9.973625000000009e-06	9.947937500000004e-06	9.859312500000001e-06	9.783343750000001e-06	9.77575e-06	9.77403125e-06	9.366937500000003e-06	8.515875000000003e-06	7.975406250000005e-06	6.249218750000005e-06	3.90890625e-06	5.330500000000001e-06	8.606125000000004e-06	9.765562500000004e-06	9.844781250000003e-06	9.957843750000005e-06	9.997843750000002e-06	1.0000000000000004e-05
6300	9.963333333333335e-06	9.965333333333336e-06	9.948366666666668e-06	9.914933333333336e-06	9.893e-06	9.86986666666667e-06	9.801199999999999e-06	9.539066666666668e-06	8.9635e-06	8.139700000000004e-06	4.959000000000004e-06	1.7512999999999996e-06	4.395666666666667e-06	8.659366666666665e-06	9.796400000000002e-06	9.848600000000001e-06	9.947933333333337e-06	9.998566666666671e-06	1.0000000000000003e-05
6400	9.96129032258065e-06	9.972064516129036e-06	9.960451612903232e-06	9.911645161290326e-06	9.884161290322583e-06	9.869000000000003e-06	9.797806451612905e-06	9.454709677419354e-06	8.646645161290327e-06	7.428064516129037e-06	4.750935483870971e-06	3.1730322580645162e-06	6.119032258064517e-06	9.213064516129033e-06	9.757451612903226e-06	9.823032258064518e-06	9.946258064516133e-06	9.99877419354839e-06	1.0000000000000004e-05
6500	9.884375000000003e-06	9.889843750000003e-06	9.90078125e-06	9.902875000000003e-06	9.889843750000004e-06	9.8365625e-06	9.73690625e-06	9.396e-06	8.73103125e-06	7.797343750000005e-06	5.352656250000003e-06	3.1286875e-06	5.11271875e-06	8.5951875e-06	9.760187500000003e-06	9.815250000000002e-06	9.892406250000004e-06	9.919468750000007e-06	9.925000000000007e-06
6600	1.0000000000000004e-05	9.998687500000004e-06	9.991562500000007e-06	9.962843750000005e-06	9.913531250000005e-06	9.826468750000006e-06	9.724593750000001e-06	9.286812500000001e-06	8.476062500000004e-06	7.552375000000003e-06	5.442218750000003e-06	3.838093750000002e-06	5.8888124999999994e-06	8.853718750000003e-06	9.757343750000002e-06	9.817968750000003e-06	9.912812500000004e-06	9.948093750000003e-06	9.956250000000001e-06
6700	9.996774193548395e-06	9.995419354838718e-06	9.970258064516133e-06	9.9101935483871e-06	9.840645161290327e-06	9.780032258064517e-06	9.73516129032258e-06	9.704225806451615e-06	9.090838709677422e-06	7.319967741935485e-06	4.26051612903226e-06	2.267483870967742e-06	4.676096774193548e-06	8.476000000000002e-06	9.773161290322582e-06	9.848483870967743e-06	9.952258064516136e-06	9.992290322580653e-06	9.99354838709678e-06
6800	9.970000000000003e-06	9.969600000000005e-06	9.954300000000002e-06	9.902433333333335e-06	9.83236666666667e-06	9.771633333333335e-06	9.725200000000001e-06	9.684200000000001e-06	9.6111e-06	8.685866666666673e-06	5.5429333333333375e-06	3.3072333333333337e-06	5.693099999999998e-06	8.909466666666668e-06	9.7625e-06	9.800866666666668e-06	9.87716666666667e-06	9.909033333333336e-06	9.913333333333334e-06
6900	1.0000000000000004e-05	9.995875000000005e-06	9.970250000000003e-06	9.908625000000004e-06	9.835593750000004e-06	9.770750000000001e-06	9.721875e-06	9.689500000000001e-06	9.54165625e-06	8.414312500000001e-06	5.297968750000003e-06	3.1036875000000013e-06	5.3110625000000015e-06	8.676000000000003e-06	9.762281250000002e-06	9.818531250000005e-06	9.896500000000003e-06	9.923968750000005e-06	9.928125000000004e-06
7000	9.985185185185188e-06	9.991333333333335e-06	9.998740740740742e-06	9.996e-06	9.960814814814817e-06	9.872222222222223e-06	9.745814814814813e-06	9.380925925925925e-06	8.779666666666667e-06	8.079370370370374e-06	5.506481481481486e-06	2.845740740740741e-06	4.8987777777777784e-06	8.600037037037036e-06	9.774592592592593e-06	9.850592592592593e-06	9.95077777777778e-06	9.975370370370375e-06	9.966666666666669e-06
7100	9.978787878787885e-06	9.985121212121215e-06	9.992636363636372e-06	9.985272727272733e-06	9.939000000000008e-06	9.829696969696975e-06	9.553606060606062e-06	8.896515151515153e-06	7.939909090909088e-06	7.023393939393945e-06	4.8571212121212146e-06	2.867696969696969e-06	5.086212121212122e-06	8.652090909090912e-06	9.771878787878792e-06	9.848696969696974e-06	9.957666666666671e-06	9.998939393939398e-06	1.0000000000000004e-05
7200	9.973333333333338e-06	9.983666666666669e-06	9.996166666666673e-06	9.992900000000006e-06	9.95406666666667e-06	9.826666666666669e-06	8.801333333333333e-06	6.174933333333332e-06	3.117100000000002e-06	2.143833333333333e-06	2.5491666666666663e-06	3.038666666666667e-06	5.774199999999998e-06	8.894233333333334e-06	9.760733333333333e-06	9.840500000000002e-06	9.954233333333337e-06	9.99826666666667e-06	1.0000000000000003e-05
7300	9.896774193548391e-06	9.905806451612904e-06	9.912935483870971e-06	9.898741935483874e-06	9.872548387096776e-06	9.751903225806453e-06	8.346354838709679e-06	4.940774193548388e-06	1.941032258064516e-06	1.2104838709677415e-06	1.3545161290322578e-06	2.164451612903226e-06	5.196193548387097e-06	8.575064516129032e-06	9.757225806451616e-06	9.841612903225808e-06	9.948096774193553e-06	9.962645161290326e-06	9.948387096774198e-06
7400	9.838709677419356e-06	9.863516129032261e-06	9.905935483870973e-06	9.915129032258066e-06	9.885161290322584e-06	9.782677419354839e-06	8.351870967741937e-06	4.146612903225806e-06	8.75451612903226e-07	1.7406451612903228e-06	3.0767741935483876e-06	2.306096774193548e-06	3.0480322580645157e-06	7.036870967741936e-06	9.612806451612906e-06	9.857161290322583e-06	9.971354838709681e-06	9.991580645161296e-06	9.987096774193556e-06
7500	9.887096774193551e-06	9.901741935483876e-06	9.930290322580648e-06	9.939935483870973e-06	9.919580645161295e-06	9.798967741935485e-06	8.343032258064514e-06	4.50041935483871e-06	1.3018709677419359e-06	1.6793548387096773e-06	2.8316129032258063e-06	2.16758064516129e-06	3.2496451612903227e-06	7.2413870967741945e-06	9.59735483870968e-06	9.856612903225807e-06	9.965677419354845e-06	9.990161290322587e-06	9.987096774193556e-06
7600	9.96129032258065e-06	9.976129032258068e-06	9.995483870967747e-06	9.981096774193558e-06	9.87154838709678e-06	9.538354838709679e-06	7.71390322580645e-06	3.838612903225806e-06	8.737419354838712e-07	1.4801612903225809e-06	2.81016129032258e-06	1.7444193548387099e-06	2.39941935483871e-06	6.479548387096775e-06	9.241483870967743e-06	9.762032258064517e-06	9.887129032258067e-06	9.957032258064517e-06	9.967741935483871e-06
7700	9.969696969696973e-06	9.981181818181824e-06	9.996333333333338e-06	9.982575757575761e-06	9.909787878787883e-06	9.727030303030307e-06	8.184727272727272e-06	4.5434242424242424e-06	1.4780606060606064e-06	1.209090909090909e-06	1.8942424242424246e-06	1.5161515151515155e-06	2.925787878787878e-06	7.034212121212121e-06	9.456e-06	9.70948484848485e-06	9.810515151515156e-06	9.897757575757582e-06	9.921212121212131e-06
7800	9.72258064516129e-06	9.755064516129034e-06	9.843290322580648e-06	9.932129032258068e-06	9.914967741935488e-06	9.703516129032259e-06	8.157193548387097e-06	4.033451612903226e-06	7.516129032258065e-07	9.377419354838713e-07	1.7529032258064515e-06	1.1383225806451614e-06	1.8529354838709677e-06	6.0202580645161295e-06	9.199064516129033e-06	9.704419354838709e-06	9.826645161290326e-06	9.88983870967742e-06	9.909677419354841e-06
7900	8.511764705882356e-06	8.87420588235294e-06	9.57288235294118e-06	9.930529411764708e-06	9.895941176470594e-06	9.556529411764708e-06	7.617470588235295e-06	3.5856764705882354e-06	6.047647058823529e-07	0.0	0.0	2.1014705882352948e-07	1.4717647058823532e-06	4.549882352941178e-06	7.765852941176472e-06	9.346794117647063e-06	9.807941176470594e-06	9.907852941176476e-06	9.938235294117652e-06
8000	9.650000000000002e-06	9.6915e-06	9.778233333333332e-06	9.857066666666667e-06	9.870400000000005e-06	9.491233333333337e-06	7.991766666666667e-06	4.055766666666668e-06	6.301666666666667e-07	0.0	0.0	1.3080000000000003e-07	1.0176333333333336e-06	4.494733333333334e-06	8.213866666666668e-06	9.489633333333337e-06	9.815866666666667e-06	9.897200000000006e-06	9.930000000000007e-06
8100	9.887500000000005e-06	9.891906250000003e-06	9.901500000000003e-06	9.899437500000001e-06	9.773406250000002e-06	8.173874999999998e-06	4.1551875e-06	9.362812500000003e-07	1.2765625e-07	0.0	0.0	0.0	0.0	9.125625000000004e-07	4.49778125e-06	8.38984375e-06	9.735031250000003e-06	9.886656250000007e-06	9.912500000000005e-06
8200	9.860000000000004e-06	9.879733333333335e-06	9.913966666666669e-06	9.910366666666666e-06	9.570633333333333e-06	7.071966666666665e-06	3.201266666666666e-06	8.867999999999998e-07	1.3299999999999999e-07	0.0	0.0	8.563333333333333e-08	1.8537666666666667e-06	6.238066666666667e-06	9.425933333333336e-06	9.941666666666673e-06	9.961600000000005e-06	9.954266666666669e-06	9.956666666666669e-06
8300	1.0000000000000003e-05	1.0000000000000003e-05	1.0000000000000003e-05	9.975137931034489e-06	9.360034482758624e-06	6.856310344827588e-06	2.764103448275862e-06	2.9268965517241385e-07	0.0	0.0	0.0	2.637241379310345e-07	2.930931034482758e-06	7.2519655172413785e-06	9.525206896551723e-06	9.89637931034483e-06	9.857275862068964e-06	9.790999999999998e-06	9.779310344827584e-06
8400	1.0000000000000004e-05	9.99764516129033e-06	9.966645161290325e-06	9.882838709677424e-06	8.857096774193548e-06	6.078709677419356e-06	2.3990000000000007e-06	3.2790322580645156e-07	6.435483870967741e-08	0.0	0.0	2.9835483870967744e-07	3.2045806451612918e-06	7.531516129032261e-06	9.572290322580649e-06	9.933483870967743e-06	9.964645161290327e-06	9.953967741935489e-06	9.951612903225812e-06
8500	1.0000000000000004e-05	9.997818181818184e-06	9.976878787878795e-06	9.898000000000006e-06	8.991545454545455e-06	5.771000000000001e-06	1.7588484848484853e-06	6.045454545454546e-08	0.0	0.0	0.0	4.1612121212121227e-07	2.854030303030303e-06	6.908363636363638e-06	9.398484848484853e-06	9.858727272727275e-06	9.849363636363642e-06	9.847454545454548e-06	9.85757575757576e-06
8600	1.0000000000000004e-05	9.997258064516135e-06	9.970064516129036e-06	9.883677419354842e-06	8.073548387096772e-06	4.07067741935484e-06	9.080000000000001e-07	0.0	0.0	0.0	0.0	2.623225806451613e-07	2.8586451612903212e-06	7.197451612903226e-06	9.54351612903226e-06	9.935064516129039e-06	9.989451612903236e-06	9.99354838709678e-06	9.99354838709678e-06
8700	9.959375000000007e-06	9.970531250000008e-06	9.968906250000004e-06	9.862406250000003e-06	8.37971875e-06	4.5428437500000005e-06	1.04746875e-06	0.0	0.0	0.0	0.0	7.670625000000002e-07	3.830781249999999e-06	7.888718750000003e-06	9.786437500000004e-06	9.920187500000003e-06	9.926687500000004e-06	9.941375000000006e-06	9.946875000000003e-06
8800	9.437500000000004e-06	9.642812500000005e-06	9.897625000000005e-06	9.913906250000006e-06	9.357156250000005e-06	6.4149374999999994e-06	2.25075e-06	2.5262500000000003e-07	0.0	0.0	0.0	4.2409375000000014e-07	2.9426249999999996e-06	7.2740624999999994e-06	9.648062500000002e-06	9.761156250000001e-06	9.758750000000004e-06	9.816687500000005e-06	9.853125000000006e-06
8900	9.918750000000006e-06	9.930281250000006e-06	9.944250000000006e-06	9.908968750000004e-06	9.49996875e-06	7.0586250000000005e-06	2.7275937499999995e-06	2.333125e-07	0.0	0.0	0.0	6.637500000000001e-07	3.661406249999999e-06	7.65753125e-06	9.590656250000007e-06	9.787281250000002e-06	9.676968750000004e-06	9.664218750000001e-06	9.687500000000002e-06
9000	9.928125000000004e-06	9.937218750000003e-06	9.946281250000005e-06	9.912312500000003e-06	9.413468750000003e-06	6.67978125e-06	2.49340625e-06	2.8790625000000004e-07	0.0	0.0	0.0	3.83125e-07	2.9575e-06	7.3401875e-06	9.462500000000005e-06	7.830124999999998e-06	6.370343750000001e-06	7.361906249999999e-06	8.249999999999999e-06
9100	9.92424242424243e-06	9.93863636363637e-06	9.953151515151523e-06	9.90815151515152e-06	9.307212121212125e-06	6.227000000000003e-06	2.058454545454546e-06	2.0715151515151518e-07	0.0	0.0	0.0	4.0063636363636374e-07	2.63e-06	6.8137878787878806e-06	9.439303030303033e-06	8.491969696969695e-06	7.201969696969695e-06	7.545181818181818e-06	7.960606060606062e-06
9200	9.893548387096778e-06	9.887322580645164e-06	9.875806451612905e-06	9.831806451612905e-06	9.35193548387097e-06	6.521290322580647e-06	2.3903225806451617e-06	3.244193548387097e-07	0.0	0.0	0.0	1.7319354838709682e-07	2.2991935483870973e-06	6.849580645161291e-06	9.692548387096776e-06	9.87809677419355e-06	9.783032258064519e-06	9.759387096774193e-06	9.770967741935484e-06
9300	9.869696969696973e-06	9.868727272727277e-06	9.865909090909096e-06	9.827333333333338e-06	9.304181818181819e-06	6.55912121212121e-06	2.385363636363636e-06	2.351212121212122e-07	0.0	0.0	0.0	4.866969696969696e-07	3.2218787878787876e-06	7.543575757575758e-06	9.806424242424247e-06	9.985484848484856e-06	9.952393939393946e-06	9.924030303030313e-06	9.918181818181827e-06
9400	9.819999999999997e-06	9.8162e-06	9.817000000000001e-06	9.687066666666669e-06	7.096366666666668e-06	2.7119333333333336e-06	3.918333333333333e-07	0.0	0.0	0.0	0.0	1.6333333333333334e-07	2.873466666666666e-06	7.3134e-06	9.511566666666669e-06	9.840666666666667e-06	9.915600000000002e-06	9.978233333333339e-06	9.990000000000006e-06
9500	1.0000000000000004e-05	9.997562500000006e-06	9.957125000000005e-06	9.782593750000001e-06	7.627531249999998e-06	3.32921875e-06	5.247187500000001e-07	0.0	0.0	0.0	0.0	2.3821875000000002e-07	2.74909375e-06	7.13671875e-06	9.497187500000002e-06	9.785875000000004e-06	9.886875000000003e-06	9.958281250000006e-06	9.971875000000007e-06
9600	9.903225806451614e-06	9.92345161290323e-06	9.926000000000001e-06	9.785129032258069e-06	8.643935483870969e-06	4.953967741935483e-06	1.2490322580645163e-06	1.0803225806451612e-07	0.0	0.0	0.0	2.3974193548387094e-07	2.256096774193548e-06	6.649741935483869e-06	9.53116129032258e-06	9.827870967741938e-06	9.886806451612905e-06	9.91477419354839e-06	9.916129032258066e-06
9700	9.931250000000003e-06	9.931187500000008e-06	9.888500000000004e-06	9.797031250000003e-06	9.4641875e-06	7.546062499999999e-06	3.6043125e-06	6.483437500000002e-07	0.0	0.0	0.0	5.753125e-07	3.6898125000000007e-06	8.003250000000002e-06	9.887625000000003e-06	9.978437500000005e-06	9.908375000000005e-06	9.838187500000004e-06	9.818750000000003e-06
9800	9.967741935483871e-06	9.951580645161296e-06	9.892064516129036e-06	9.794903225806453e-06	9.220354838709678e-06	6.298645161290324e-06	2.0440322580645157e-06	9.51935483870968e-08	0.0	0.0	0.0	3.4409677419354837e-07	2.8042580645161297e-06	7.153161290322581e-06	9.69151612903226e-06	9.97403225806452e-06	9.904548387096779e-06	9.837096774193548e-06	9.816129032258066e-06
9900	9.963333333333335e-06	9.952166666666671e-06	9.897400000000003e-06	9.778766666666669e-06	9.222733333333332e-06	6.363500000000002e-06	2.340966666666667e-06	3.483333333333333e-07	0.0	0.0	0.0	4.6843333333333334e-07	3.0107e-06	7.442166666666668e-06	9.896366666666669e-06	9.965133333333334e-06	9.893666666666668e-06	9.82166666666667e-06	9.793333333333335e-06
10000	9.976470588235305e-06	9.961264705882363e-06	9.889941176470594e-06	9.776029411764708e-06	9.296411764705885e-06	6.99044117647059e-06	2.7878529411764716e-06	2.3470588235294117e-07	0.0	0.0	0.0	5.232941176470587e-07	3.693323529411764e-06	8.015852941176473e-06	9.843852941176478e-06	9.975441176470593e-06	9.89861764705883e-06	9.82267647058824e-06	9.802941176470593e-06
