	site
generation	50	100	150	200	250	300	350	400	450	500	550	600	650	700	750	800	850	900	950
0	1.0000000000000004e-05	1.0000000000000004e-05	1.0000000000000004e-05	1.0000000000000004e-05	1.0000000000000004e-05	1.0000000000000004e-05	1.0000000000000004e-05	1.0000000000000004e-05	1.0000000000000004e-05	1.0000000000000004e-05	1.0000000000000004e-05	1.0000000000000004e-05	1.0000000000000004e-05	1.0000000000000004e-05	1.0000000000000004e-05	1.0000000000000004e-05	1.0000000000000004e-05	1.0000000000000004e-05	1.0000000000000004e-05
100	9.956250000000001e-06	9.966781250000006e-06	9.988656250000003e-06	9.999937500000003e-06	9.995125000000007e-06	9.989000000000005e-06	9.992375000000006e-06	9.998562500000002e-06	1.0000000000000004e-05	1.0000000000000004e-05	1.0000000000000004e-05	1.0000000000000004e-05	9.995718750000008e-06	9.971062500000004e-06	9.934812500000006e-06	9.937250000000004e-06	9.974750000000003e-06	9.995406250000003e-06	9.996875000000004e-06
200	9.948387096774198e-06	9.958580645161291e-06	9.95861290322581e-06	9.931290322580647e-06	9.913967741935486e-06	9.915741935483874e-06	9.935774193548388e-06	9.974064516129037e-06	9.99712903225807e-06	1.0000000000000004e-05	1.0000000000000004e-05	1.0000000000000004e-05	9.996838709677427e-06	9.97254838709678e-06	9.935741935483874e-06	9.939161290322585e-06	9.974193548387103e-06	9.991838709677426e-06	9.99354838709678e-06
300	9.96451612903226e-06	9.968741935483872e-06	9.951000000000005e-06	9.898741935483871e-06	9.869096774193553e-06	9.886e-06	9.92593548387097e-06	9.970935483870972e-06	9.99554838709678e-06	9.997096774193557e-06	9.995032258064524e-06	9.996451612903231e-06	9.998516129032264e-06	9.997096774193557e-06	9.995032258064524e-06	9.992967741935488e-06	9.988612903225815e-06	9.981709677419361e-06	9.977419354838718e-06
400	9.9e-06	9.921200000000006e-06	9.93016666666667e-06	9.87836666666667e-06	9.835333333333336e-06	9.857366666666668e-06	9.913733333333336e-06	9.96746666666667e-06	9.99486666666667e-06	9.999700000000002e-06	1.0000000000000003e-05	1.0000000000000003e-05	9.98606666666667e-06	9.940366666666667e-06	9.892766666666668e-06	9.88746666666667e-06	9.92446666666667e-06	9.96213333333334e-06	9.973333333333338e-06
500	9.775000000000002e-06	9.809406250000003e-06	9.838656250000003e-06	9.790031250000003e-06	9.738906250000001e-06	9.780500000000002e-06	9.874250000000003e-06	9.924906250000004e-06	9.920093750000003e-06	9.931218750000002e-06	9.971031250000007e-06	9.990093750000006e-06	9.969406250000005e-06	9.893562500000005e-06	9.845500000000003e-06	9.906906250000004e-06	9.981281250000004e-06	1.0000000000000004e-05	1.0000000000000004e-05
600	9.809375000000005e-06	9.829125000000004e-06	9.80996875e-06	9.70753125e-06	9.64309375e-06	9.682750000000005e-06	9.791375000000002e-06	9.918156250000003e-06	9.983750000000004e-06	9.992156250000006e-06	9.975500000000005e-06	9.934875000000005e-06	9.893093750000003e-06	9.844625e-06	9.844687500000003e-06	9.927125000000005e-06	9.989437500000002e-06	9.997687500000005e-06	9.996875000000004e-06
700	9.800000000000004e-06	9.820300000000003e-06	9.849333333333334e-06	9.825500000000003e-06	9.778966666666669e-06	9.796933333333336e-06	9.883900000000002e-06	9.95873333333334e-06	9.984666666666671e-06	9.995400000000001e-06	1.0000000000000003e-05	1.0000000000000003e-05	9.999733333333337e-06	9.996400000000008e-06	9.993600000000007e-06	9.996933333333336e-06	1.0000000000000003e-05	1.0000000000000003e-05	1.0000000000000003e-05
800	9.974193548387098e-06	9.974516129032266e-06	9.978806451612912e-06	9.982838709677423e-06	9.977064516129035e-06	9.971903225806456e-06	9.985774193548391e-06	9.999483870967747e-06	1.0000000000000004e-05	1.0000000000000004e-05	1.0000000000000004e-05	9.999838709677425e-06	9.995258064516135e-06	9.990580645161298e-06	9.993290322580654e-06	9.996677419354846e-06	9.996419354838717e-06	9.994645161290332e-06	9.99354838709678e-06
900	7.789999999999997e-06	8.273666666666665e-06	9.2581e-06	9.693733333333335e-06	9.614166666666668e-06	9.653333333333336e-06	9.78846666666667e-06	9.916733333333338e-06	9.94746666666667e-06	9.921366666666668e-06	9.938233333333336e-06	9.980866666666668e-06	9.959733333333336e-06	9.878133333333335e-06	9.855200000000003e-06	9.923600000000004e-06	9.9843e-06	9.990900000000003e-06	9.983333333333335e-06
1000	7.838709677419358e-06	8.213967741935484e-06	9.182290322580646e-06	9.691129032258066e-06	9.593419354838714e-06	9.651774193548387e-06	9.791225806451616e-06	9.915322580645161e-06	9.961419354838711e-06	9.930548387096778e-06	9.929516129032262e-06	9.971193548387104e-06	9.96387096774194e-06	9.881935483870973e-06	9.846967741935487e-06	9.914096774193551e-06	9.972838709677422e-06	9.973193548387098e-06	9.96451612903226e-06
1100	9.899999999999998e-06	9.89132142857143e-06	9.81892857142857e-06	9.672107142857142e-06	9.581249999999997e-06	9.636821428571427e-06	9.78332142857143e-06	9.913928571428574e-06	9.945214285714289e-06	9.869357142857146e-06	9.793642857142859e-06	9.837678571428571e-06	9.912642857142857e-06	9.885785714285715e-06	9.854999999999998e-06	9.913500000000003e-06	9.980357142857144e-06	9.999857142857144e-06	1e-05
1200	9.84137931034483e-06	9.872724137931035e-06	9.930517241379313e-06	9.945758620689656e-06	9.94896551724138e-06	9.980758620689658e-06	9.999068965517244e-06	1.0000000000000003e-05	9.999206896551727e-06	9.997482758620695e-06	9.997344827586213e-06	9.999068965517244e-06	1.0000000000000003e-05	1.0000000000000003e-05	1.0000000000000003e-05	1.0000000000000003e-05	1.0000000000000003e-05	1.0000000000000003e-05	1.0000000000000003e-05
1300	9.900000000000007e-06	9.908264705882357e-06	9.930882352941183e-06	9.95491176470589e-06	9.941294117647063e-06	9.893000000000007e-06	9.877470588235298e-06	9.894058823529417e-06	9.919176470588238e-06	9.941647058823533e-06	9.929705882352948e-06	9.913823529411771e-06	9.914705882352946e-06	9.926500000000007e-06	9.96226470588236e-06	9.99320588235295e-06	9.971735294117653e-06	9.915941176470595e-06	9.888235294117653e-06
1400	9.851724137931036e-06	9.856827586206897e-06	9.88103448275862e-06	9.917310344827589e-06	9.906758620689658e-06	9.853241379310345e-06	9.846000000000002e-06	9.87896551724138e-06	9.918034482758622e-06	9.947310344827588e-06	9.93696551724138e-06	9.923068965517243e-06	9.922448275862073e-06	9.925241379310348e-06	9.95786206896552e-06	9.992827586206899e-06	9.957758620689658e-06	9.875172413793105e-06	9.83448275862069e-06
1500	9.819354838709682e-06	9.841032258064517e-06	9.886129032258067e-06	9.920838709677421e-06	9.897645161290328e-06	9.820387096774195e-06	9.804032258064516e-06	9.863580645161296e-06	9.903709677419356e-06	9.894580645161293e-06	9.866774193548393e-06	9.8721935483871e-06	9.9e-06	9.926354838709683e-06	9.965580645161294e-06	9.994580645161294e-06	9.986129032258071e-06	9.950645161290329e-06	9.929032258064522e-06
1600	9.800000000000004e-06	9.823709677419358e-06	9.874322580645163e-06	9.912161290322582e-06	9.88377419354839e-06	9.802806451612907e-06	9.792387096774196e-06	9.856838709677421e-06	9.896774193548391e-06	9.865645161290325e-06	9.786903225806455e-06	9.783258064516131e-06	9.862000000000001e-06	9.920580645161296e-06	9.963580645161293e-06	9.994741935483873e-06	1.0000000000000004e-05	1.0000000000000004e-05	1.0000000000000004e-05
1700	9.821212121212129e-06	9.845878787878794e-06	9.893909090909097e-06	9.937393939393943e-06	9.97236363636364e-06	9.984303030303036e-06	9.979181818181825e-06	9.979878787878794e-06	9.985333333333341e-06	9.992363636363642e-06	9.998424242424246e-06	9.993424242424247e-06	9.965969696969701e-06	9.929303030303032e-06	9.931181818181823e-06	9.967727272727279e-06	9.988757575757584e-06	9.9909090909091e-06	9.990909090909098e-06
1800	9.812500000000003e-06	9.852562500000007e-06	9.939031250000003e-06	9.968468750000004e-06	9.932187500000002e-06	9.922187500000006e-06	9.950968750000006e-06	9.981218750000007e-06	9.992750000000009e-06	9.990500000000009e-06	9.989812500000006e-06	9.985812500000006e-06	9.924000000000005e-06	9.817250000000005e-06	9.783625000000006e-06	9.820812500000003e-06	9.869031250000005e-06	9.926968750000003e-06	9.956250000000005e-06
1900	9.768750000000004e-06	9.816218750000004e-06	9.903125000000004e-06	9.905406250000004e-06	9.86125e-06	9.893250000000006e-06	9.961593750000006e-06	9.982656250000007e-06	9.946906250000005e-06	9.919406250000002e-06	9.946468750000005e-06	9.967468750000005e-06	9.892531250000004e-06	9.78196875e-06	9.76090625e-06	9.799562500000004e-06	9.835781250000004e-06	9.866062500000004e-06	9.878125000000005e-06
2000	9.973333333333338e-06	9.978400000000004e-06	9.987100000000003e-06	9.984500000000004e-06	9.979733333333339e-06	9.988133333333339e-06	9.997300000000003e-06	9.998500000000004e-06	9.997066666666673e-06	9.997933333333336e-06	9.999600000000003e-06	9.998733333333338e-06	9.996800000000006e-06	9.988866666666672e-06	9.973400000000003e-06	9.970533333333339e-06	9.981e-06	9.984733333333335e-06	9.983333333333335e-06
2100	9.98125e-06	9.972406250000007e-06	9.942687500000006e-06	9.929125000000005e-06	9.958125000000006e-06	9.989906250000003e-06	1.0000000000000004e-05	1.0000000000000004e-05	1.0000000000000004e-05	1.0000000000000004e-05	9.991781250000007e-06	9.940781250000004e-06	9.828875000000003e-06	9.681125000000001e-06	9.596656250000001e-06	9.656093749999998e-06	9.792062500000003e-06	9.904812500000005e-06	9.946875000000003e-06
2200	1.0000000000000004e-05	1.0000000000000004e-05	1.0000000000000004e-05	1.0000000000000004e-05	1.0000000000000004e-05	1.0000000000000004e-05	1.0000000000000004e-05	1.0000000000000004e-05	1.0000000000000004e-05	1.0000000000000004e-05	1.0000000000000004e-05	1.0000000000000004e-05	1.0000000000000004e-05	1.0000000000000004e-05	1.0000000000000004e-05	1.0000000000000004e-05	1.0000000000000004e-05	1.0000000000000004e-05	1.0000000000000004e-05
2300	9.734482758620689e-06	9.752310344827586e-06	9.793999999999998e-06	9.813827586206898e-06	9.842586206896554e-06	9.908793103448278e-06	9.968103448275865e-06	9.987103448275865e-06	9.95089655172414e-06	9.920689655172415e-06	9.949103448275866e-06	9.984620689655175e-06	9.962689655172414e-06	9.924551724137936e-06	9.929689655172418e-06	9.941137931034489e-06	9.935931034482761e-06	9.944793103448277e-06	9.955172413793104e-06
2400	9.80689655172414e-06	9.844000000000003e-06	9.926068965517245e-06	9.985517241379314e-06	1.0000000000000003e-05	1.0000000000000003e-05	1.0000000000000003e-05	9.987275862068971e-06	9.951689655172417e-06	9.927137931034482e-06	9.948310344827589e-06	9.985586206896554e-06	1.0000000000000003e-05	1.0000000000000003e-05	1.0000000000000003e-05	1.0000000000000003e-05	1.0000000000000003e-05	1.0000000000000003e-05	1.0000000000000003e-05
2500	9.876666666666668e-06	9.901266666666668e-06	9.953566666666669e-06	9.990633333333336e-06	1.0000000000000003e-05	1.0000000000000003e-05	1.0000000000000003e-05	9.994666666666671e-06	9.975133333333336e-06	9.954266666666669e-06	9.961300000000007e-06	9.980700000000003e-06	9.985233333333339e-06	9.99036666666667e-06	9.998333333333337e-06	1.0000000000000003e-05	1.0000000000000003e-05	1.0000000000000003e-05	1.0000000000000003e-05
2600	9.784848484848487e-06	9.820666666666669e-06	9.913515151515155e-06	9.985272727272732e-06	1.0000000000000004e-05	1.0000000000000004e-05	1.0000000000000004e-05	1.0000000000000004e-05	9.985121212121217e-06	9.934909090909097e-06	9.893212121212126e-06	9.920393939393945e-06	9.974181818181819e-06	9.996212121212126e-06	9.998181818181823e-06	9.989515151515159e-06	9.967909090909095e-06	9.954848484848486e-06	9.954545454545456e-06
2700	9.790322580645163e-06	9.832838709677423e-06	9.922935483870973e-06	9.985258064516132e-06	9.99293548387097e-06	9.959000000000006e-06	9.923677419354843e-06	9.940967741935488e-06	9.964935483870972e-06	9.909451612903232e-06	9.827870967741941e-06	9.800000000000004e-06	9.816258064516133e-06	9.88735483870968e-06	9.971096774193551e-06	1.0000000000000004e-05	1.0000000000000004e-05	1.0000000000000004e-05	1.0000000000000004e-05
2800	9.809375000000005e-06	9.837718750000004e-06	9.914593750000006e-06	9.981562500000004e-06	1.0000000000000004e-05	1.0000000000000004e-05	9.998875000000005e-06	9.996031250000008e-06	9.994468750000009e-06	9.995468750000004e-06	9.997281250000004e-06	9.999125000000004e-06	1.0000000000000004e-05	9.996937500000005e-06	9.975062500000005e-06	9.942750000000004e-06	9.947437500000005e-06	9.978125000000002e-06	9.990625000000004e-06
2900	9.793939393939397e-06	9.830696969696975e-06	9.921424242424247e-06	9.987696969696972e-06	1.0000000000000004e-05	1.0000000000000004e-05	1.0000000000000004e-05	9.999909090909092e-06	9.994515151515156e-06	9.959393939393946e-06	9.909030303030308e-06	9.90863636363637e-06	9.953363636363641e-06	9.987151515151516e-06	9.996606060606068e-06	9.992060606060613e-06	9.987090909090917e-06	9.990424242424247e-06	9.993939393939399e-06
3000	1.0000000000000003e-05	1.0000000000000003e-05	1.0000000000000003e-05	1.0000000000000003e-05	1.0000000000000003e-05	1.0000000000000003e-05	1.0000000000000003e-05	1.0000000000000003e-05	9.998300000000004e-06	9.993300000000005e-06	9.990566666666672e-06	9.99223333333334e-06	9.994466666666672e-06	9.997800000000003e-06	9.99943333333334e-06	9.997766666666674e-06	9.997233333333337e-06	9.998900000000002e-06	1.0000000000000003e-05
3100	1.0000000000000004e-05	1.0000000000000004e-05	9.999483870967749e-06	9.985548387096782e-06	9.950774193548389e-06	9.93509677419355e-06	9.961741935483877e-06	9.989741935483879e-06	9.997677419354843e-06	9.995483870967743e-06	9.973225806451619e-06	9.94203225806452e-06	9.947645161290327e-06	9.981129032258068e-06	9.998483870967746e-06	1.0000000000000004e-05	1.0000000000000004e-05	1.0000000000000004e-05	1.0000000000000004e-05
3200	1.0000000000000004e-05	9.985606060606066e-06	9.92554545454546e-06	9.856303030303035e-06	9.876303030303033e-06	9.944939393939398e-06	9.948393939393945e-06	9.926424242424247e-06	9.920484848484855e-06	9.838606060606062e-06	9.702424242424244e-06	9.690787878787884e-06	9.827515151515154e-06	9.956121212121214e-06	9.992545454545458e-06	9.971030303030308e-06	9.92215151515152e-06	9.880393939393944e-06	9.869696969696973e-06
3300	9.996666666666672e-06	9.980400000000004e-06	9.919400000000002e-06	9.844900000000001e-06	9.834433333333335e-06	9.879300000000004e-06	9.910566666666671e-06	9.929833333333338e-06	9.945700000000004e-06	9.867833333333336e-06	9.710500000000003e-06	9.691500000000004e-06	9.843433333333338e-06	9.950766666666668e-06	9.939200000000003e-06	9.908033333333336e-06	9.903900000000004e-06	9.90956666666667e-06	9.913333333333337e-06
3400	1.0000000000000004e-05	9.983709677419362e-06	9.9201935483871e-06	9.83951612903226e-06	9.826774193548388e-06	9.871774193548387e-06	9.898129032258064e-06	9.915322580645165e-06	9.936612903225811e-06	9.860129032258067e-06	9.692580645161292e-06	9.665193548387098e-06	9.82409677419355e-06	9.943741935483875e-06	9.935580645161295e-06	9.89370967741936e-06	9.869000000000003e-06	9.86374193548387e-06	9.86774193548387e-06
3500	1.0000000000000004e-05	9.981593750000006e-06	9.924906250000003e-06	9.844875000000003e-06	9.820656250000004e-06	9.8679375e-06	9.89909375e-06	9.918250000000005e-06	9.955343750000004e-06	9.986968750000002e-06	9.998062500000006e-06	9.997250000000005e-06	9.998812500000002e-06	1.0000000000000004e-05	1.0000000000000004e-05	1.0000000000000004e-05	1.0000000000000004e-05	1.0000000000000004e-05	1.0000000000000004e-05
3600	1.0000000000000004e-05	1.0000000000000004e-05	1.0000000000000004e-05	1.0000000000000004e-05	1.0000000000000004e-05	1.0000000000000004e-05	1.0000000000000004e-05	1.0000000000000004e-05	9.998454545454552e-06	9.986181818181823e-06	9.961424242424248e-06	9.955666666666674e-06	9.979000000000004e-06	9.992424242424248e-06	9.9839393939394e-06	9.97645454545455e-06	9.976909090909094e-06	9.979909090909097e-06	9.981818181818188e-06
3700	9.990000000000006e-06	9.954800000000003e-06	9.824800000000005e-06	9.708066666666668e-06	9.778333333333334e-06	9.932400000000005e-06	9.994966666666673e-06	9.994500000000009e-06	9.991166666666672e-06	9.987833333333338e-06	9.974800000000005e-06	9.92906666666667e-06	9.878000000000004e-06	9.879066666666672e-06	9.90956666666667e-06	9.922533333333339e-06	9.914400000000001e-06	9.902766666666666e-06	9.9e-06
3800	9.967741935483871e-06	9.922225806451619e-06	8.896225806451614e-06	7.219612903225806e-06	7.491967741935483e-06	9.214000000000002e-06	9.982870967741939e-06	9.999096774193551e-06	9.973774193548395e-06	9.889903225806453e-06	9.801612903225808e-06	9.751419354838712e-06	9.715387096774195e-06	9.72109677419355e-06	9.78661290322581e-06	9.868096774193552e-06	9.928741935483872e-06	9.962709677419356e-06	9.974193548387097e-06
3900	9.970967741935486e-06	9.925774193548393e-06	9.209903225806452e-06	8.141290322580647e-06	8.396451612903228e-06	9.503129032258067e-06	9.977129032258068e-06	9.998516129032264e-06	9.956935483870975e-06	9.34503225806452e-06	7.937903225806448e-06	7.575129032258063e-06	8.834741935483872e-06	9.647322580645161e-06	9.718290322580647e-06	9.79709677419355e-06	9.846419354838715e-06	9.86222580645162e-06	9.864516129032263e-06
4000	9.98125e-06	9.964968750000003e-06	9.929281250000005e-06	9.930593750000006e-06	9.969312500000004e-06	9.964875000000005e-06	9.925750000000002e-06	9.924281250000005e-06	9.899218750000003e-06	7.757250000000001e-06	4.311750000000001e-06	4.82471875e-06	7.98184375e-06	9.4555625e-06	9.682718750000001e-06	9.76015625e-06	9.783968750000003e-06	9.793625000000002e-06	9.803125000000003e-06
4100	9.984375000000006e-06	9.964875000000005e-06	9.897187500000003e-06	9.853500000000003e-06	9.901968750000004e-06	9.947531250000005e-06	9.934187500000005e-06	9.921593750000003e-06	9.732281250000005e-06	7.755531250000003e-06	4.44453125e-06	4.47103125e-06	7.642812500000003e-06	9.433187500000004e-06	9.669531250000005e-06	9.777375000000004e-06	9.818812500000002e-06	9.818250000000004e-06	9.818750000000003e-06
4200	9.974193548387097e-06	9.9581935483871e-06	9.897096774193555e-06	9.84177419354839e-06	9.854483870967744e-06	9.88277419354839e-06	9.89293548387097e-06	9.916967741935488e-06	9.615419354838712e-06	7.3402258064516145e-06	4.075870967741936e-06	4.6317096774193545e-06	8.125129032258066e-06	9.850903225806457e-06	9.97164516129033e-06	9.996451612903231e-06	9.999322580645164e-06	1.0000000000000004e-05	1.0000000000000004e-05
4300	1.0000000000000003e-05	9.999333333333338e-06	9.997600000000006e-06	9.994666666666673e-06	9.988733333333338e-06	9.98233333333334e-06	9.984133333333342e-06	9.98453333333334e-06	9.960233333333338e-06	9.829433333333336e-06	9.392600000000002e-06	9.117933333333333e-06	9.515700000000003e-06	9.92843333333334e-06	9.997666666666669e-06	1.0000000000000003e-05	1.0000000000000003e-05	1.0000000000000003e-05	1.0000000000000003e-05
4400	1.0000000000000004e-05	1.0000000000000004e-05	1.0000000000000004e-05	1.0000000000000004e-05	1.0000000000000004e-05	9.998774193548396e-06	9.996903225806462e-06	9.980290322580652e-06	9.566161290322584e-06	6.898225806451616e-06	3.2801935483870977e-06	3.843451612903225e-06	7.487516129032258e-06	9.59545161290323e-06	9.985354838709681e-06	9.999935483870972e-06	1.0000000000000004e-05	1.0000000000000004e-05	1.0000000000000004e-05
4500	9.996666666666672e-06	9.994000000000006e-06	9.991866666666673e-06	9.995533333333336e-06	9.999333333333338e-06	1.0000000000000003e-05	1.0000000000000003e-05	1.0000000000000003e-05	1.0000000000000003e-05	1.0000000000000003e-05	9.998800000000005e-06	9.994466666666672e-06	9.991866666666673e-06	9.995533333333336e-06	9.996933333333341e-06	9.988933333333337e-06	9.983733333333339e-06	9.985733333333335e-06	9.98666666666667e-06
4600	9.93793103448276e-06	9.950344827586212e-06	9.980689655172416e-06	9.99931034482759e-06	1.0000000000000003e-05	1.0000000000000003e-05	1.0000000000000003e-05	1.0000000000000003e-05	9.988310344827592e-06	9.953068965517244e-06	9.925482758620693e-06	9.943931034482762e-06	9.980724137931038e-06	9.996103448275867e-06	9.998586206896555e-06	1.0000000000000003e-05	1.0000000000000003e-05	1.0000000000000003e-05	1.0000000000000003e-05
4700	1.0000000000000004e-05	1.0000000000000004e-05	1.0000000000000004e-05	1.0000000000000004e-05	9.997903225806459e-06	9.994677419354848e-06	9.995645161290326e-06	9.998870967741939e-06	1.0000000000000004e-05	1.0000000000000004e-05	1.0000000000000004e-05	1.0000000000000004e-05	1.0000000000000004e-05	1.0000000000000004e-05	1.0000000000000004e-05	1.0000000000000004e-05	9.997903225806459e-06	9.994677419354848e-06	9.99354838709678e-06
4800	9.951515151515157e-06	9.939121212121218e-06	9.902636363636366e-06	9.878757575757578e-06	9.904090909090913e-06	9.958727272727278e-06	9.994121212121216e-06	1.0000000000000004e-05	1.0000000000000004e-05	1.0000000000000004e-05	1.0000000000000004e-05	1.0000000000000004e-05	1.0000000000000004e-05	9.988909090909097e-06	9.956424242424247e-06	9.928303030303035e-06	9.926636363636366e-06	9.927969696969703e-06	9.92424242424243e-06
4900	9.832258064516132e-06	9.844935483870966e-06	9.864741935483871e-06	9.881419354838712e-06	9.914870967741937e-06	9.962709677419362e-06	9.990129032258071e-06	9.983387096774196e-06	9.959806451612908e-06	9.921677419354844e-06	9.588774193548391e-06	9.179645161290324e-06	9.314580645161292e-06	9.570096774193546e-06	9.610645161290325e-06	9.699129032258065e-06	9.792870967741937e-06	9.809548387096779e-06	9.800000000000004e-06
5000	9.853125000000006e-06	9.824093750000003e-06	9.786750000000004e-06	9.830531250000002e-06	9.920093750000003e-06	9.978250000000004e-06	9.985531250000005e-06	9.898437500000003e-06	9.198687500000003e-06	6.241749999999998e-06	3.0121249999999987e-06	4.1169375000000004e-06	7.64684375e-06	9.553937500000004e-06	9.910187500000005e-06	9.864937500000002e-06	9.877656250000004e-06	9.939937500000005e-06	9.968750000000009e-06
5100	9.731428571428572e-06	9.722228571428579e-06	9.724200000000003e-06	9.793342857142861e-06	9.895857142857148e-06	9.96362857142858e-06	9.98262857142858e-06	9.94085714285715e-06	9.887028571428577e-06	9.875171428571435e-06	9.862971428571432e-06	9.844685714285718e-06	9.873828571428576e-06	9.922714285714293e-06	9.918857142857148e-06	9.870428571428573e-06	9.857028571428573e-06	9.883628571428575e-06	9.897142857142862e-06
5200	9.880000000000005e-06	9.851000000000003e-06	9.764266666666669e-06	9.701000000000002e-06	9.7605e-06	9.896833333333337e-06	9.980733333333341e-06	9.995333333333337e-06	9.995633333333336e-06	9.987500000000006e-06	9.98356666666667e-06	9.992500000000003e-06	9.99946666666667e-06	9.999200000000004e-06	9.997533333333339e-06	9.995466666666673e-06	9.99380000000001e-06	9.99333333333334e-06	9.99333333333334e-06
5300	9.68787878787879e-06	9.680939393939395e-06	9.666363636363639e-06	9.689454545454547e-06	9.797272727272731e-06	9.90624242424243e-06	9.925424242424249e-06	9.922545454545459e-06	9.937000000000008e-06	9.927515151515157e-06	9.929909090909096e-06	9.968181818181825e-06	9.994969696969702e-06	9.996060606060611e-06	9.968303030303035e-06	9.92215151515152e-06	9.895363636363641e-06	9.890909090909095e-06	9.890909090909095e-06
5400	9.903225806451614e-06	9.876548387096778e-06	9.765322580645164e-06	9.654903225806452e-06	9.681935483870968e-06	9.796419354838712e-06	9.885677419354843e-06	9.934580645161296e-06	9.956645161290329e-06	9.940064516129037e-06	9.938000000000005e-06	9.974129032258068e-06	9.997451612903228e-06	9.986580645161298e-06	9.933225806451616e-06	9.87393548387097e-06	9.893548387096778e-06	9.959806451612908e-06	9.987096774193556e-06
5500	1.0000000000000004e-05	1.0000000000000004e-05	1.0000000000000004e-05	1.0000000000000004e-05	1.0000000000000004e-05	1.0000000000000004e-05	1.0000000000000004e-05	1.0000000000000004e-05	1.0000000000000004e-05	1.0000000000000004e-05	1.0000000000000004e-05	1.0000000000000004e-05	9.998187500000006e-06	9.995062500000008e-06	9.995562500000007e-06	9.998687500000004e-06	1.0000000000000004e-05	1.0000000000000004e-05	1.0000000000000004e-05
5600	9.975757575757579e-06	9.969757575757583e-06	9.951545454545456e-06	9.946878787878793e-06	9.969909090909094e-06	9.99118181818182e-06	9.995424242424248e-06	9.993909090909096e-06	9.99548484848485e-06	9.997000000000003e-06	9.997242424242428e-06	9.998757575757578e-06	1.0000000000000004e-05	1.0000000000000004e-05	1.0000000000000004e-05	9.999121212121219e-06	9.98303030303031e-06	9.959666666666674e-06	9.951515151515157e-06
5700	9.927272727272732e-06	9.897606060606066e-06	9.573272727272735e-06	9.145000000000003e-06	9.252545454545459e-06	9.630878787878791e-06	9.793454545454548e-06	9.843121212121216e-06	9.86727272727273e-06	9.857030303030305e-06	9.884666666666669e-06	9.957636363636368e-06	9.996424242424247e-06	1.0000000000000004e-05	1.0000000000000004e-05	9.998878787878792e-06	9.978878787878794e-06	9.946666666666669e-06	9.933333333333337e-06
5800	9.94193548387097e-06	9.909709677419357e-06	9.546806451612905e-06	9.078612903225805e-06	9.185516129032258e-06	9.563129032258065e-06	9.73925806451613e-06	9.81661290322581e-06	9.849419354838713e-06	9.82235483870968e-06	9.821741935483873e-06	9.888645161290323e-06	9.960032258064522e-06	9.994677419354841e-06	1.0000000000000004e-05	1.0000000000000004e-05	1.0000000000000004e-05	1.0000000000000004e-05	1.0000000000000004e-05
5900	9.913333333333337e-06	9.882033333333336e-06	9.658833333333335e-06	8.370100000000003e-06	6.768366666666668e-06	7.356766666666667e-06	9.110800000000001e-06	9.806933333333338e-06	9.845033333333335e-06	9.825200000000002e-06	9.8199e-06	9.884033333333336e-06	9.959033333333336e-06	9.988966666666669e-06	9.976433333333338e-06	9.927200000000004e-06	9.883500000000001e-06	9.89566666666667e-06	9.916666666666671e-06
6000	9.98125e-06	9.976375000000003e-06	9.978250000000007e-06	9.991468750000004e-06	9.997687500000005e-06	9.994781250000002e-06	9.991375000000004e-06	9.991812500000007e-06	9.992093750000003e-06	9.988968750000008e-06	9.972750000000005e-06	9.942468750000005e-06	9.938156250000003e-06	9.969781250000003e-06	9.994375000000004e-06	9.996562500000008e-06	9.977218750000006e-06	9.958437500000004e-06	9.956250000000001e-06
6100	9.990000000000006e-06	9.989300000000004e-06	9.985833333333337e-06	9.980333333333337e-06	9.97416666666667e-06	9.961366666666671e-06	9.956166666666666e-06	9.974400000000002e-06	9.988733333333338e-06	9.980366666666674e-06	9.959300000000001e-06	9.935400000000001e-06	9.936666666666668e-06	9.970900000000003e-06	9.99366666666667e-06	9.969766666666672e-06	9.919800000000006e-06	9.89083333333334e-06	9.886666666666671e-06
6200	9.9e-06	9.887656250000002e-06	9.850437500000004e-06	9.842406250000003e-06	9.863062500000003e-06	9.824031250000003e-06	9.796593750000003e-06	9.856312500000003e-06	9.883375000000003e-06	9.830437500000003e-06	9.812531250000002e-06	9.874312500000006e-06	9.925187500000007e-06	9.916750000000003e-06	9.915343750000005e-06	9.933937500000004e-06	9.902375e-06	9.8565e-06	9.846875e-06
6300	9.896774193548391e-06	9.88535483870968e-06	9.847709677419355e-06	9.846483870967743e-06	9.922903225806455e-06	9.987161290322584e-06	1.0000000000000004e-05	1.0000000000000004e-05	1.0000000000000004e-05	1.0000000000000004e-05	1.0000000000000004e-05	1.0000000000000004e-05	1.0000000000000004e-05	9.98987096774194e-06	9.942935483870968e-06	9.860870967741943e-06	9.816580645161293e-06	9.84264516129033e-06	9.867741935483877e-06
6400	9.890625000000002e-06	9.884531250000004e-06	9.857250000000005e-06	9.852093750000001e-06	9.913562500000004e-06	9.979500000000003e-06	1.0000000000000004e-05	1.0000000000000004e-05	9.995062500000003e-06	9.968656250000005e-06	9.932687500000005e-06	9.935500000000003e-06	9.972250000000004e-06	9.995843750000005e-06	9.991312500000006e-06	9.958656250000005e-06	9.925875000000003e-06	9.922593750000003e-06	9.928125000000004e-06
6500	9.75483870967742e-06	9.76835483870968e-06	9.795967741935483e-06	9.845870967741938e-06	9.927548387096778e-06	9.985806451612909e-06	9.999096774193551e-06	1.0000000000000004e-05	9.99970967741936e-06	9.993483870967749e-06	9.980032258064519e-06	9.969935483870973e-06	9.959677419354844e-06	9.950806451612907e-06	9.96109677419355e-06	9.959225806451619e-06	9.928161290322583e-06	9.91167741935484e-06	9.912903225806456e-06
6600	9.886666666666668e-06	9.875833333333338e-06	9.836833333333336e-06	9.829400000000001e-06	9.91026666666667e-06	9.974066666666672e-06	9.960833333333335e-06	9.951433333333334e-06	9.977333333333339e-06	9.995666666666668e-06	9.968500000000005e-06	9.907033333333332e-06	9.837333333333335e-06	9.817433333333339e-06	9.867300000000003e-06	9.866133333333335e-06	9.794900000000002e-06	9.779633333333339e-06	9.800000000000004e-06
6700	1.0000000000000003e-05	1.0000000000000003e-05	9.997100000000005e-06	9.9903e-06	9.987766666666673e-06	9.993033333333338e-06	9.991700000000005e-06	9.963733333333336e-06	9.92466666666667e-06	9.915833333333334e-06	9.93426666666667e-06	9.960433333333337e-06	9.987833333333336e-06	1.0000000000000003e-05	1.0000000000000003e-05	9.996666666666669e-06	9.98456666666667e-06	9.971233333333339e-06	9.966666666666672e-06
6800	9.89666666666667e-06	9.91326666666667e-06	9.950500000000006e-06	9.981900000000005e-06	9.996166666666671e-06	9.994700000000001e-06	9.979533333333335e-06	9.94596666666667e-06	9.910066666666667e-06	9.8846e-06	9.860033333333334e-06	9.859066666666668e-06	9.893733333333337e-06	9.936833333333336e-06	9.957833333333337e-06	9.968366666666673e-06	9.985466666666673e-06	9.995300000000006e-06	9.996666666666672e-06
6900	9.76666666666667e-06	9.78009090909091e-06	9.792727272727274e-06	9.79775757575758e-06	9.853090909090913e-06	9.942000000000004e-06	9.983575757575762e-06	9.959090909090916e-06	9.916242424242425e-06	9.882818181818186e-06	9.823151515151517e-06	9.760848484848489e-06	9.784363636363639e-06	9.886636363636368e-06	9.966515151515158e-06	9.992424242424246e-06	9.996060606060608e-06	9.98527272727273e-06	9.975757575757577e-06
7000	9.77e-06	9.780066666666668e-06	9.783166666666666e-06	9.784399999999999e-06	9.853800000000004e-06	9.952566666666669e-06	9.986466666666672e-06	9.957766666666668e-06	9.916633333333333e-06	9.885300000000003e-06	9.814366666666667e-06	9.713366666666667e-06	9.7225e-06	9.859700000000003e-06	9.968033333333342e-06	9.987800000000003e-06	9.971033333333337e-06	9.946700000000003e-06	9.933333333333337e-06
7100	9.703125000000004e-06	9.726312500000001e-06	9.7593125e-06	9.784343750000002e-06	9.867125000000003e-06	9.960812500000006e-06	9.983843750000006e-06	9.962093750000005e-06	9.928187500000003e-06	9.908562500000003e-06	9.874468750000005e-06	9.838687500000007e-06	9.864437500000008e-06	9.925937500000004e-06	9.977656250000003e-06	9.990406250000004e-06	9.959906250000005e-06	9.934968750000002e-06	9.931250000000003e-06
7200	9.761290322580646e-06	9.7841935483871e-06	9.812741935483877e-06	9.829322580645166e-06	9.881645161290327e-06	9.9013870967742e-06	9.84035483870968e-06	9.836096774193553e-06	9.914387096774198e-06	9.921000000000004e-06	9.809774193548392e-06	9.709806451612907e-06	9.73941935483871e-06	9.870161290322587e-06	9.970258064516135e-06	9.963322580645165e-06	9.90070967741936e-06	9.865290322580647e-06	9.86129032258065e-06
7300	1.0000000000000004e-05	1.0000000000000004e-05	1.0000000000000004e-05	1.0000000000000004e-05	1.0000000000000004e-05	9.98764516129033e-06	9.949709677419358e-06	9.925161290322583e-06	9.951032258064521e-06	9.9871935483871e-06	9.999258064516132e-06	1.0000000000000004e-05	1.0000000000000004e-05	1.0000000000000004e-05	1.0000000000000004e-05	1.0000000000000004e-05	9.99261290322581e-06	9.979709677419356e-06	9.974193548387097e-06
7400	1.0000000000000003e-05	9.99927586206897e-06	9.991413793103452e-06	9.979206896551726e-06	9.981137931034485e-06	9.991206896551728e-06	9.9828275862069e-06	9.95893103448276e-06	9.950379310344828e-06	9.959551724137934e-06	9.94503448275862e-06	9.910137931034483e-06	9.905965517241378e-06	9.920620689655172e-06	9.922586206896553e-06	9.91441379310345e-06	9.884965517241381e-06	9.839586206896554e-06	9.817241379310344e-06
7500	1.0000000000000004e-05	1.0000000000000004e-05	1.0000000000000004e-05	1.0000000000000004e-05	9.9999696969697e-06	9.991363636363642e-06	9.9549393939394e-06	9.921242424242429e-06	9.94266666666667e-06	9.98436363636364e-06	9.999151515151517e-06	9.997000000000008e-06	9.992939393939398e-06	9.986818181818189e-06	9.95615151515152e-06	9.922727272727277e-06	9.94266666666667e-06	9.9819393939394e-06	9.993939393939399e-06
7600	1.0000000000000004e-05	1.0000000000000004e-05	1.0000000000000004e-05	1.0000000000000004e-05	1.0000000000000004e-05	9.991548387096778e-06	9.959741935483876e-06	9.926225806451617e-06	9.937387096774197e-06	9.976548387096782e-06	9.995419354838717e-06	9.958806451612907e-06	9.852645161290327e-06	9.764354838709676e-06	9.764387096774197e-06	9.81077419354839e-06	9.885516129032263e-06	9.957161290322586e-06	9.980645161290329e-06
7700	1.0000000000000004e-05	1.0000000000000004e-05	1.0000000000000004e-05	1.0000000000000004e-05	9.999212121212123e-06	9.989909090909097e-06	9.940696969696974e-06	9.86715151515152e-06	9.866424242424246e-06	9.939909090909098e-06	9.989030303030307e-06	9.965393939393942e-06	9.864484848484853e-06	9.765333333333335e-06	9.731393939393942e-06	9.73915151515152e-06	9.821696969696972e-06	9.926393939393946e-06	9.960606060606069e-06
7800	9.062500000000003e-06	9.197875000000002e-06	9.646437500000002e-06	9.971000000000008e-06	9.991062500000004e-06	9.999875000000004e-06	1.0000000000000004e-05	1.0000000000000004e-05	1.0000000000000004e-05	1.0000000000000004e-05	1.0000000000000004e-05	1.0000000000000004e-05	9.999562500000002e-06	9.997625000000006e-06	9.990687500000008e-06	9.984156250000004e-06	9.988406250000005e-06	9.995312500000005e-06	9.996875000000004e-06
7900	1.0000000000000003e-05	9.999166666666672e-06	9.994500000000007e-06	9.991166666666674e-06	9.995500000000003e-06	9.999666666666668e-06	1.0000000000000003e-05	1.0000000000000003e-05	1.0000000000000003e-05	9.999566666666672e-06	9.993200000000006e-06	9.950900000000003e-06	9.87256666666667e-06	9.847733333333336e-06	9.900500000000001e-06	9.952133333333338e-06	9.980400000000004e-06	9.996333333333336e-06	1.0000000000000003e-05
8000	6.015625000000003e-06	6.300124999999999e-06	8.237718750000002e-06	9.940750000000005e-06	9.993906250000007e-06	9.986562500000004e-06	9.946843750000004e-06	9.918812500000003e-06	9.947875000000003e-06	9.985250000000006e-06	9.988437500000007e-06	9.933218750000005e-06	9.779937500000004e-06	9.6873125e-06	9.781062500000001e-06	9.889937500000003e-06	9.947906250000007e-06	9.989531250000002e-06	1.0000000000000004e-05
8100	7.458064516129031e-06	7.616258064516129e-06	8.836903225806453e-06	9.944064516129037e-06	9.994032258064522e-06	9.986225806451617e-06	9.945741935483874e-06	9.922580645161293e-06	9.954612903225812e-06	9.9911935483871e-06	9.985516129032266e-06	9.918000000000006e-06	9.78235483870968e-06	9.711258064516131e-06	9.790903225806452e-06	9.885741935483875e-06	9.941064516129035e-06	9.978387096774202e-06	9.987096774193556e-06
8200	7.854545454545454e-06	8.049212121212121e-06	9.07669696969697e-06	9.946606060606065e-06	9.991727272727275e-06	9.98751515151516e-06	9.962545454545459e-06	9.946969696969704e-06	9.938606060606068e-06	9.928666666666674e-06	9.934636363636369e-06	9.95115151515152e-06	9.960181818181824e-06	9.971212121212129e-06	9.98072727272728e-06	9.983606060606065e-06	9.981484848484852e-06	9.973787878787883e-06	9.969696969696973e-06
8300	6.180645161290321e-06	6.376516129032255e-06	8.128548387096776e-06	9.834064516129036e-06	9.989193548387102e-06	9.976354838709682e-06	9.929967741935486e-06	9.905548387096774e-06	9.936516129032264e-06	9.979387096774198e-06	9.997322580645165e-06	1.0000000000000004e-05	9.99874193548388e-06	9.982677419354844e-06	9.940258064516133e-06	9.915935483870973e-06	9.948096774193553e-06	9.988483870967746e-06	1.0000000000000004e-05
8400	6.946875000000001e-06	7.270562499999998e-06	8.659437500000003e-06	9.822843750000003e-06	9.948781250000004e-06	9.962750000000004e-06	9.926687500000002e-06	9.902812500000002e-06	9.916500000000006e-06	9.956375000000005e-06	9.990500000000005e-06	1.0000000000000004e-05	9.996281250000008e-06	9.959281250000007e-06	9.902062500000005e-06	9.907312500000003e-06	9.964156250000004e-06	9.995906250000004e-06	1.0000000000000004e-05
8500	9.351724137931036e-06	9.018310344827588e-06	8.64106896551724e-06	9.111758620689655e-06	9.727655172413792e-06	9.82793103448276e-06	9.811827586206897e-06	9.837931034482758e-06	9.930551724137933e-06	9.991034482758623e-06	1.0000000000000003e-05	1.0000000000000003e-05	1.0000000000000003e-05	1.0000000000000003e-05	1.0000000000000003e-05	1.0000000000000003e-05	1.0000000000000003e-05	1.0000000000000003e-05	1.0000000000000003e-05
8600	9.372413793103446e-06	9.182275862068963e-06	8.97013793103448e-06	9.301965517241377e-06	9.737793103448274e-06	9.831103448275863e-06	9.824586206896553e-06	9.83748275862069e-06	9.920620689655175e-06	9.986517241379314e-06	9.991448275862072e-06	9.961448275862072e-06	9.929448275862071e-06	9.939448275862071e-06	9.979103448275866e-06	9.999103448275865e-06	1.0000000000000003e-05	1.0000000000000003e-05	1.0000000000000003e-05
8700	8.984375e-06	8.743937499999999e-06	8.3175625e-06	8.665593750000002e-06	9.5e-06	9.818875000000002e-06	9.821843750000001e-06	9.836031250000001e-06	9.911406250000003e-06	9.960812500000006e-06	9.961187500000008e-06	9.957093750000003e-06	9.956187500000002e-06	9.963875000000005e-06	9.969500000000005e-06	9.964062500000006e-06	9.972781250000004e-06	9.990812500000004e-06	9.996875000000004e-06
8800	9.356249999999999e-06	9.349406250000001e-06	9.355906250000002e-06	9.53696875e-06	9.744625000000002e-06	9.78590625e-06	9.802437500000002e-06	9.856968750000005e-06	9.934437500000004e-06	9.982031250000008e-06	9.990968750000003e-06	9.990375000000005e-06	9.979187500000005e-06	9.948875000000004e-06	9.917750000000003e-06	9.917468750000006e-06	9.955125000000006e-06	9.990562500000005e-06	1.0000000000000004e-05
8900	9.071874999999999e-06	8.48665625e-06	7.8691875e-06	8.691906249999998e-06	9.586906249999998e-06	9.634468750000002e-06	9.65734375e-06	9.712000000000001e-06	9.804968750000003e-06	9.910531250000003e-06	9.970562500000007e-06	9.982812500000006e-06	9.989468750000008e-06	9.995093750000005e-06	9.995593750000004e-06	9.985875000000005e-06	9.966312500000007e-06	9.947250000000005e-06	9.940625000000004e-06
9000	9.258620689655169e-06	8.943310344827584e-06	8.614137931034484e-06	8.977655172413793e-06	9.30344827586207e-06	9.3541724137931e-06	9.545620689655171e-06	9.663172413793104e-06	9.775241379310347e-06	9.882172413793106e-06	9.896413793103452e-06	9.916206896551728e-06	9.97137931034483e-06	9.998862068965519e-06	9.999655172413796e-06	9.9958275862069e-06	9.969172413793107e-06	9.935068965517242e-06	9.924137931034484e-06
9100	8.903448275862073e-06	7.420896551724139e-06	3.732827586206897e-06	2.402448275862069e-06	5.533379310344827e-06	8.701482758620687e-06	9.632137931034485e-06	9.680068965517242e-06	9.772344827586206e-06	9.87227586206897e-06	9.91193103448276e-06	9.939137931034488e-06	9.979862068965521e-06	9.996862068965523e-06	9.992172413793105e-06	9.958413793103452e-06	9.902172413793106e-06	9.873172413793105e-06	9.872413793103448e-06
9200	1.0000000000000004e-05	9.994031250000008e-06	9.962656250000004e-06	9.925843750000002e-06	9.936312500000003e-06	9.973031250000005e-06	9.979281250000003e-06	9.969281250000003e-06	9.975656250000007e-06	9.984906250000007e-06	9.986437500000008e-06	9.987562500000003e-06	9.990687500000005e-06	9.993250000000008e-06	9.990406250000009e-06	9.984718750000006e-06	9.970406250000008e-06	9.946406250000007e-06	9.934375000000006e-06
9300	9.997058823529419e-06	9.997911764705891e-06	9.999382352941186e-06	1.000000000000001e-05	1.000000000000001e-05	9.999147058823539e-06	9.997676470588243e-06	9.997911764705891e-06	9.999382352941186e-06	1.000000000000001e-05	1.000000000000001e-05	1.000000000000001e-05	1.000000000000001e-05	9.999529411764716e-06	9.995382352941184e-06	9.991441176470595e-06	9.991176470588239e-06	9.991176470588239e-06	9.991176470588239e-06
9400	9.925000000000007e-06	9.934625000000005e-06	9.966312500000007e-06	9.994187500000004e-06	1.0000000000000004e-05	1.0000000000000004e-05	1.0000000000000004e-05	1.0000000000000004e-05	1.0000000000000004e-05	1.0000000000000004e-05	9.997718750000004e-06	9.977156250000005e-06	9.940468750000005e-06	9.936843750000006e-06	9.968625000000005e-06	9.989125000000004e-06	9.996312500000002e-06	1.0000000000000004e-05	1.0000000000000004e-05
9500	9.903125000000004e-06	9.914250000000004e-06	9.949000000000006e-06	9.986312500000004e-06	1.0000000000000004e-05	1.0000000000000004e-05	9.998062500000008e-06	9.984218750000006e-06	9.940625000000004e-06	9.874531250000002e-06	9.848312500000001e-06	9.87653125e-06	9.903937500000003e-06	9.932343750000005e-06	9.959062500000005e-06	9.940093750000006e-06	9.885906250000005e-06	9.842250000000002e-06	9.828125000000002e-06
9600	9.9e-06	9.84586666666667e-06	9.718666666666672e-06	9.720800000000002e-06	9.893000000000005e-06	9.990666666666672e-06	9.99233333333334e-06	9.988866666666672e-06	9.95566666666667e-06	9.894666666666669e-06	9.869833333333332e-06	9.894033333333336e-06	9.919233333333338e-06	9.947366666666669e-06	9.972033333333339e-06	9.954133333333335e-06	9.90026666666667e-06	9.856300000000004e-06	9.843333333333338e-06
9700	9.903225806451614e-06	9.915096774193552e-06	9.956258064516133e-06	9.992774193548391e-06	9.999806451612909e-06	9.982677419354844e-06	9.89935483870968e-06	9.819741935483874e-06	9.866000000000002e-06	9.955645161290328e-06	9.990000000000008e-06	9.975548387096782e-06	9.933225806451616e-06	9.921612903225809e-06	9.933290322580646e-06	9.920580645161292e-06	9.907354838709678e-06	9.906451612903227e-06	9.906451612903227e-06
9800	9.823333333333335e-06	9.8301e-06	9.875700000000001e-06	9.949966666666671e-06	9.989200000000008e-06	9.9783e-06	9.924933333333337e-06	9.864266666666666e-06	9.876500000000003e-06	9.947833333333338e-06	9.987666666666671e-06	9.960633333333338e-06	9.896166666666669e-06	9.866300000000002e-06	9.889366666666667e-06	9.909266666666668e-06	9.910300000000004e-06	9.908166666666666e-06	9.906666666666668e-06
9900	8.906249999999996e-07	5.254687499999999e-07	1.1593749999999999e-07	1.6399687500000001e-06	5.372687500000002e-06	8.635843750000003e-06	9.751093750000003e-06	9.801812500000004e-06	9.876906250000004e-06	9.950500000000006e-06	9.991656250000003e-06	1.0000000000000004e-05	1.0000000000000004e-05	1.0000000000000004e-05	1.0000000000000004e-05	9.998656250000005e-06	9.996968750000006e-06	9.995187500000006e-06	9.993750000000009e-06
10000	6.333333333333334e-07	3.451666666666667e-07	2.8500000000000004e-08	1.2454666666666668e-06	4.9463666666666655e-06	8.540700000000001e-06	9.69716666666667e-06	9.751633333333335e-06	9.847666666666669e-06	9.945533333333337e-06	9.992133333333337e-06	1.0000000000000003e-05	1.0000000000000003e-05	9.99883333333334e-06	9.996566666666672e-06	9.992733333333337e-06	9.990000000000006e-06	9.990000000000006e-06	9.990000000000006e-06
