	site
generation	50	100	150	200	250	300	350	400	450	500	550	600	650	700	750	800	850	900	950
0	1.0000000000000004e-05	1.0000000000000004e-05	1.0000000000000004e-05	1.0000000000000004e-05	1.0000000000000004e-05	1.0000000000000004e-05	1.0000000000000004e-05	1.0000000000000004e-05	1.0000000000000004e-05	1.0000000000000004e-05	1.0000000000000004e-05	1.0000000000000004e-05	1.0000000000000004e-05	1.0000000000000004e-05	1.0000000000000004e-05	1.0000000000000004e-05	1.0000000000000004e-05	1.0000000000000004e-05	1.0000000000000004e-05
100	9.975757575757579e-06	9.982545454545462e-06	9.992636363636369e-06	9.9949393939394e-06	9.995969696969703e-06	9.999000000000004e-06	1.0000000000000004e-05	1.0000000000000004e-05	1.0000000000000004e-05	1.0000000000000004e-05	1.0000000000000004e-05	1.0000000000000004e-05	9.989484848484856e-06	9.959000000000006e-06	9.93584848484849e-06	9.94833333333334e-06	9.977696969696974e-06	9.995696969696973e-06	1.0000000000000004e-05
200	9.960000000000006e-06	9.969566666666672e-06	9.989566666666668e-06	1.0000000000000003e-05	1.0000000000000003e-05	1.0000000000000003e-05	1.0000000000000003e-05	1.0000000000000003e-05	1.0000000000000003e-05	9.994533333333336e-06	9.963433333333335e-06	9.924133333333336e-06	9.909533333333337e-06	9.880466666666668e-06	9.8469e-06	9.884800000000004e-06	9.960133333333337e-06	9.996066666666669e-06	1.0000000000000003e-05
300	9.883333333333334e-06	9.887200000000004e-06	9.917800000000002e-06	9.968400000000004e-06	9.995400000000004e-06	9.995700000000008e-06	9.992166666666672e-06	9.994300000000005e-06	9.99856666666667e-06	9.996333333333336e-06	9.970733333333338e-06	9.921833333333337e-06	9.853400000000001e-06	9.75126666666667e-06	9.717166666666666e-06	9.831133333333335e-06	9.95536666666667e-06	9.996100000000002e-06	1.0000000000000003e-05
400	9.859375000000004e-06	9.868937500000004e-06	9.917125000000004e-06	9.973687500000005e-06	9.995812500000003e-06	9.999156250000006e-06	9.99365625000001e-06	9.984218750000005e-06	9.982718750000008e-06	9.984218750000006e-06	9.958656250000005e-06	9.907375000000001e-06	9.831562500000003e-06	9.738718749999998e-06	9.71465625e-06	9.812937500000003e-06	9.943750000000005e-06	9.998375000000004e-06	1.0000000000000004e-05
500	9.881818181818185e-06	9.885030303030309e-06	9.913848484848489e-06	9.965636363636369e-06	9.995909090909093e-06	9.999757575757577e-06	9.998242424242427e-06	9.99454545454546e-06	9.993030303030307e-06	9.993696969696977e-06	9.992181818181825e-06	9.979575757575762e-06	9.91584848484849e-06	9.814393939393943e-06	9.8099696969697e-06	9.915909090909096e-06	9.984393939393946e-06	9.991242424242432e-06	9.990909090909098e-06
600	9.887096774193551e-06	9.891709677419358e-06	9.921967741935488e-06	9.970838709677424e-06	9.997032258064519e-06	9.99545161290323e-06	9.967645161290326e-06	9.899161290322582e-06	9.84393548387097e-06	9.85074193548387e-06	9.887258064516134e-06	9.939225806451617e-06	9.981806451612912e-06	9.981483870967745e-06	9.96767741935484e-06	9.975870967741942e-06	9.993612903225809e-06	1.0000000000000004e-05	1.0000000000000004e-05
700	9.966666666666672e-06	9.965242424242429e-06	9.94784848484849e-06	9.921666666666672e-06	9.928727272727276e-06	9.96624242424243e-06	9.965848484848488e-06	9.903515151515157e-06	9.841000000000003e-06	9.818272727272733e-06	9.824939393939397e-06	9.852515151515155e-06	9.876545454545458e-06	9.871000000000003e-06	9.851818181818184e-06	9.867242424242427e-06	9.931696969696973e-06	9.98151515151516e-06	9.9909090909091e-06
800	9.875000000000005e-06	9.880000000000005e-06	9.897187500000007e-06	9.908750000000004e-06	9.926281250000004e-06	9.963125000000003e-06	9.960750000000008e-06	9.903375000000002e-06	9.851093750000003e-06	9.831937500000006e-06	9.835531250000001e-06	9.877875000000004e-06	9.948156250000006e-06	9.987500000000006e-06	9.976968750000006e-06	9.940375000000006e-06	9.914593750000006e-06	9.919187500000006e-06	9.928125000000004e-06
900	9.915625000000002e-06	9.911062500000003e-06	9.906375e-06	9.905531250000002e-06	9.922375000000003e-06	9.964312500000005e-06	9.970750000000004e-06	9.922968750000003e-06	9.889250000000005e-06	9.8905e-06	9.8978125e-06	9.901062500000002e-06	9.917500000000005e-06	9.953843750000006e-06	9.952593750000003e-06	9.865781250000005e-06	9.786125000000001e-06	9.80896875e-06	9.846875e-06
1000	9.922580645161297e-06	9.918870967741941e-06	9.917193548387102e-06	9.895129032258066e-06	9.856612903225805e-06	9.879064516129035e-06	9.932161290322585e-06	9.9291935483871e-06	9.896806451612907e-06	9.883483870967745e-06	9.888516129032262e-06	9.900548387096775e-06	9.922516129032262e-06	9.945387096774198e-06	9.936161290322584e-06	9.873645161290326e-06	9.807096774193552e-06	9.80270967741936e-06	9.819354838709682e-06
1100	1.0000000000000003e-05	1.0000000000000003e-05	1.0000000000000003e-05	1.0000000000000003e-05	1.0000000000000003e-05	9.99896666666667e-06	9.974066666666672e-06	9.922766666666671e-06	9.867766666666669e-06	9.823000000000006e-06	9.824833333333338e-06	9.839366666666671e-06	9.774433333333336e-06	9.6722e-06	9.501899999999998e-06	9.340199999999997e-06	9.510466666666666e-06	9.81863333333334e-06	9.92333333333334e-06
1200	1.0000000000000004e-05	1.0000000000000004e-05	1.0000000000000004e-05	1.0000000000000004e-05	1.0000000000000004e-05	9.998625000000005e-06	9.982718750000007e-06	9.931562500000004e-06	9.873750000000004e-06	9.831875000000003e-06	9.822750000000002e-06	9.825000000000003e-06	9.780562500000002e-06	8.4256875e-06	5.61209375e-06	3.9595312500000004e-06	5.324406249999999e-06	8.3380625e-06	9.828125000000002e-06
1300	9.974193548387097e-06	9.98270967741936e-06	9.99561290322581e-06	1.0000000000000004e-05	9.99890322580646e-06	9.99332258064517e-06	9.966580645161297e-06	9.917225806451615e-06	9.862903225806453e-06	9.823483870967744e-06	9.828677419354843e-06	9.834064516129033e-06	9.760000000000003e-06	8.417806451612904e-06	4.969225806451612e-06	2.949677419354839e-06	5.310290322580646e-06	8.648096774193552e-06	9.774193548387102e-06
1400	9.862500000000001e-06	9.870125000000002e-06	9.901062500000005e-06	9.925156250000003e-06	9.925718750000005e-06	9.948062500000005e-06	9.959906250000005e-06	9.916718750000006e-06	9.860031250000003e-06	9.820218750000003e-06	9.810468750000002e-06	9.778593750000003e-06	9.69634375e-06	8.708624999999998e-06	5.820218749999996e-06	3.3289062499999996e-06	4.768406249999999e-06	8.280124999999999e-06	9.806250000000001e-06
1500	1.0000000000000004e-05	9.992741935483875e-06	9.962838709677423e-06	9.92735483870968e-06	9.937161290322586e-06	9.977580645161295e-06	9.975838709677421e-06	9.924032258064521e-06	9.865967741935486e-06	9.817387096774195e-06	9.786903225806455e-06	9.769935483870968e-06	9.79551612903226e-06	9.894032258064521e-06	9.975774193548391e-06	9.996935483870971e-06	1.0000000000000004e-05	1.0000000000000004e-05	1.0000000000000004e-05
1600	9.844827586206898e-06	9.834655172413793e-06	9.8218275862069e-06	9.82693103448276e-06	9.869758620689654e-06	9.939551724137935e-06	9.981965517241385e-06	9.982517241379316e-06	9.935275862068967e-06	9.84651724137931e-06	9.784413793103447e-06	9.780068965517243e-06	9.822724137931036e-06	9.90293103448276e-06	9.966137931034488e-06	9.981206896551727e-06	9.98124137931035e-06	9.982758620689659e-06	9.982758620689659e-06
1700	9.843750000000004e-06	9.839875000000002e-06	9.839875000000002e-06	9.842375000000004e-06	9.857375000000001e-06	9.889875000000002e-06	9.910187500000003e-06	9.930625000000005e-06	9.920906250000004e-06	9.8415e-06	9.776625000000004e-06	9.767906250000002e-06	9.805843750000005e-06	9.902937500000002e-06	9.981812500000004e-06	9.997343750000005e-06	9.993250000000003e-06	9.990625000000004e-06	9.990625000000004e-06
1800	9.85161290322581e-06	9.844580645161292e-06	9.839129032258064e-06	9.840645161290323e-06	9.855935483870968e-06	9.886870967741935e-06	9.907032258064518e-06	9.901483870967745e-06	9.85161290322581e-06	9.777483870967745e-06	9.750806451612903e-06	9.775161290322581e-06	9.818612903225808e-06	9.89929032258065e-06	9.972709677419363e-06	9.993774193548392e-06	9.996032258064518e-06	9.996774193548388e-06	9.996774193548388e-06
1900	9.83448275862069e-06	9.828448275862068e-06	9.822379310344827e-06	9.82693103448276e-06	9.861379310344828e-06	9.903758620689657e-06	9.896586206896553e-06	9.846689655172416e-06	9.774896551724137e-06	9.741862068965516e-06	9.797896551724137e-06	9.851827586206895e-06	9.865551724137933e-06	9.904862068965517e-06	9.939034482758624e-06	9.92686206896552e-06	9.93151724137931e-06	9.963172413793103e-06	9.975862068965517e-06
2000	9.825000000000003e-06	9.826625000000002e-06	9.852781250000004e-06	9.893062500000003e-06	9.916531250000005e-06	9.902625000000002e-06	9.863312500000002e-06	9.847968750000004e-06	9.7770625e-06	9.66778125e-06	9.693500000000003e-06	9.806968750000002e-06	9.910687500000004e-06	9.978000000000003e-06	9.968218750000005e-06	9.931937500000003e-06	9.945062500000005e-06	9.981562500000007e-06	9.993750000000009e-06
2100	9.875757575757578e-06	9.861727272727277e-06	9.839727272727274e-06	9.863636363636365e-06	9.930000000000003e-06	9.922909090909096e-06	9.827636363636366e-06	9.753454545454547e-06	9.67766666666667e-06	9.458454545454549e-06	9.356424242424244e-06	9.629393939393942e-06	9.879060606060609e-06	9.937878787878792e-06	9.95342424242425e-06	9.933181818181824e-06	9.932818181818185e-06	9.958848484848488e-06	9.969696969696973e-06
2200	9.834375000000005e-06	9.828687500000005e-06	9.839625000000005e-06	9.885218750000003e-06	9.932281250000002e-06	9.910218750000003e-06	9.816593750000007e-06	9.749500000000002e-06	9.69903125e-06	9.648999999999999e-06	9.6835e-06	9.789562500000003e-06	9.899906250000005e-06	9.966343750000005e-06	9.976718750000005e-06	9.968562500000007e-06	9.97250000000001e-06	9.984000000000006e-06	9.987500000000007e-06
2300	1.0000000000000004e-05	9.997656250000006e-06	9.994531250000008e-06	9.996093750000005e-06	9.999218750000004e-06	1.0000000000000004e-05	1.0000000000000004e-05	9.984281250000007e-06	9.894156250000003e-06	9.740687499999999e-06	9.6841875e-06	9.784875000000003e-06	9.897562500000004e-06	9.922062500000005e-06	9.890187500000005e-06	9.845906250000006e-06	9.821093750000003e-06	9.826562500000006e-06	9.834375000000005e-06
2400	9.997058823529419e-06	9.996529411764714e-06	9.99632352941177e-06	9.993823529411772e-06	9.988411764705887e-06	9.989000000000007e-06	9.994558823529419e-06	9.976735294117652e-06	9.878352941176476e-06	9.740470588235297e-06	9.693911764705884e-06	9.754470588235296e-06	9.838205882352944e-06	9.865411764705887e-06	9.826470588235298e-06	9.78229411764706e-06	9.753117647058824e-06	9.739735294117647e-06	9.741176470588236e-06
2500	9.909677419354841e-06	9.921677419354842e-06	9.938483870967747e-06	9.926741935483871e-06	9.92425806451613e-06	9.962548387096779e-06	9.993387096774196e-06	9.979580645161293e-06	9.879225806451616e-06	9.297806451612906e-06	8.754387096774195e-06	9.215580645161293e-06	9.836870967741937e-06	9.969000000000006e-06	9.979645161290323e-06	9.970774193548394e-06	9.956451612903232e-06	9.946419354838712e-06	9.945161290322583e-06
2600	9.846666666666668e-06	9.861200000000005e-06	9.895400000000004e-06	9.904533333333335e-06	9.910633333333335e-06	9.95526666666667e-06	9.991633333333336e-06	9.974200000000005e-06	9.715833333333334e-06	8.907633333333334e-06	8.488033333333334e-06	9.219900000000001e-06	9.858433333333337e-06	9.929433333333337e-06	9.921433333333336e-06	9.88576666666667e-06	9.837433333333337e-06	9.799233333333333e-06	9.790000000000001e-06
2700	9.670000000000004e-06	9.699733333333335e-06	9.747433333333336e-06	9.773733333333334e-06	9.841900000000003e-06	9.941900000000006e-06	9.991033333333337e-06	9.969666666666672e-06	9.72066666666667e-06	8.193933333333336e-06	6.944066666666663e-06	8.323533333333331e-06	9.790866666666668e-06	9.92886666666667e-06	9.897466666666668e-06	9.848166666666667e-06	9.772100000000001e-06	9.709333333333332e-06	9.696666666666665e-06
2800	9.669696969696968e-06	9.69378787878788e-06	9.736878787878788e-06	9.761818181818185e-06	9.82415151515152e-06	9.930666666666671e-06	9.989848484848486e-06	9.969545454545459e-06	9.588303030303033e-06	8.134424242424243e-06	7.279818181818182e-06	8.637545454545457e-06	9.833484848484853e-06	9.914000000000005e-06	9.894030303030305e-06	9.858393939393943e-06	9.793242424242428e-06	9.727454545454546e-06	9.706060606060607e-06
2900	9.906451612903227e-06	9.93361290322581e-06	9.951645161290328e-06	9.873645161290324e-06	9.813387096774195e-06	9.890935483870972e-06	9.979225806451615e-06	9.982064516129039e-06	9.90035483870968e-06	9.440322580645163e-06	9.02693548387097e-06	9.396129032258066e-06	9.86693548387097e-06	9.974322580645165e-06	9.998838709677424e-06	9.9925806451613e-06	9.980000000000004e-06	9.962741935483877e-06	9.951612903225812e-06
3000	9.829032258064521e-06	9.857354838709682e-06	9.901645161290325e-06	9.890612903225809e-06	9.870612903225809e-06	9.903516129032262e-06	9.924290322580646e-06	9.91012903225807e-06	9.799419354838712e-06	9.557548387096777e-06	8.938096774193549e-06	8.413645161290323e-06	8.974580645161295e-06	9.79035483870968e-06	9.991935483870977e-06	9.980645161290329e-06	9.985483870967747e-06	9.996774193548392e-06	1.0000000000000004e-05
3100	9.936666666666666e-06	9.925900000000003e-06	9.899833333333336e-06	9.860700000000002e-06	9.838066666666668e-06	9.866533333333336e-06	9.900833333333332e-06	9.902533333333336e-06	9.852300000000004e-06	9.782600000000004e-06	9.821266666666669e-06	9.937100000000004e-06	9.984733333333338e-06	9.929000000000003e-06	9.848533333333332e-06	9.86886666666667e-06	9.957300000000002e-06	9.992966666666672e-06	9.990000000000006e-06
3200	1.0000000000000004e-05	1.0000000000000004e-05	1.0000000000000004e-05	1.0000000000000004e-05	1.0000000000000004e-05	1.0000000000000004e-05	1.0000000000000004e-05	9.9821935483871e-06	9.891161290322583e-06	9.780677419354841e-06	9.812741935483875e-06	9.937129032258067e-06	9.97880645161291e-06	9.894612903225809e-06	9.777612903225808e-06	9.792967741935483e-06	9.914322580645166e-06	9.980612903225813e-06	9.987096774193556e-06
3300	9.758064516129032e-06	9.765741935483872e-06	9.786548387096779e-06	9.808580645161294e-06	9.85277419354839e-06	9.91487096774194e-06	9.929225806451617e-06	9.913064516129037e-06	9.582451612903228e-06	6.763967741935487e-06	2.766032258064516e-06	3.3761612903225814e-06	7.336612903225805e-06	9.572032258064518e-06	9.939483870967744e-06	9.876322580645162e-06	9.860806451612907e-06	9.916419354838713e-06	9.948387096774198e-06
3400	9.763636363636366e-06	9.767121212121213e-06	9.786121212121218e-06	9.808757575757582e-06	9.85836363636364e-06	9.926696969696976e-06	9.935393939393944e-06	9.907393939393945e-06	9.612787878787884e-06	7.313151515151517e-06	3.2782424242424233e-06	2.8570606060606045e-06	6.758424242424242e-06	9.474303030303032e-06	9.860212121212128e-06	9.825484848484854e-06	9.859696969696974e-06	9.92684848484849e-06	9.951515151515157e-06
3500	9.820689655172416e-06	9.813620689655178e-06	9.808689655172417e-06	9.80934482758621e-06	9.818000000000002e-06	9.842344827586212e-06	9.862896551724139e-06	9.890620689655177e-06	9.361586206896554e-06	5.729655172413797e-06	2.011241379310345e-06	4.240689655172414e-06	8.29548275862069e-06	9.687172413793106e-06	9.872758620689653e-06	9.834965517241378e-06	9.837034482758623e-06	9.88651724137931e-06	9.913793103448275e-06
3600	9.825000000000005e-06	9.816875e-06	9.809937500000003e-06	9.813656250000003e-06	9.840000000000002e-06	9.877187500000003e-06	9.89053125e-06	9.881937500000004e-06	8.953281250000003e-06	5.7103437500000016e-06	1.934625e-06	2.1885625000000004e-06	6.270406250000001e-06	9.27559375e-06	9.919906250000002e-06	9.958656250000004e-06	9.991625000000003e-06	1.0000000000000004e-05	1.0000000000000004e-05
3700	9.943333333333339e-06	9.941700000000002e-06	9.931433333333335e-06	9.928700000000005e-06	9.953566666666672e-06	9.985100000000004e-06	9.994900000000001e-06	9.92406666666667e-06	8.510266666666667e-06	4.399266666666667e-06	1.1958666666666667e-06	3.1542333333333336e-06	7.321500000000001e-06	9.500766666666667e-06	9.914633333333333e-06	9.948333333333336e-06	9.988333333333336e-06	1.0000000000000003e-05	1.0000000000000003e-05
3800	9.713793103448279e-06	9.705206896551726e-06	9.73186206896552e-06	9.792517241379312e-06	9.856068965517242e-06	9.921172413793109e-06	9.929448275862071e-06	9.883482758620694e-06	8.964827586206895e-06	5.5071034482758625e-06	1.745103448275862e-06	2.667620689655172e-06	6.8750344827586186e-06	9.43213793103448e-06	9.911586206896556e-06	9.949724137931038e-06	9.97655172413793e-06	9.967724137931037e-06	9.958620689655174e-06
3900	1.0000000000000003e-05	1.0000000000000003e-05	1.0000000000000003e-05	1.0000000000000003e-05	1.0000000000000003e-05	9.998166666666669e-06	9.966333333333337e-06	9.893433333333336e-06	8.741100000000002e-06	5.6324000000000005e-06	2.0927666666666667e-06	2.0072000000000005e-06	6.116033333333333e-06	9.338066666666664e-06	9.922800000000003e-06	9.960600000000006e-06	9.969400000000005e-06	9.943566666666672e-06	9.930000000000003e-06
4000	1.0000000000000004e-05	1.0000000000000004e-05	1.0000000000000004e-05	1.0000000000000004e-05	9.996612903225812e-06	9.963258064516133e-06	9.881548387096779e-06	9.807709677419355e-06	8.822258064516132e-06	5.652258064516129e-06	2.235451612903226e-06	2.8517741935483867e-06	6.881064516129032e-06	9.490709677419358e-06	9.91451612903226e-06	9.95687096774194e-06	9.972774193548393e-06	9.951000000000003e-06	9.938709677419356e-06
4100	1.0000000000000004e-05	1.0000000000000004e-05	1.0000000000000004e-05	1.0000000000000004e-05	9.997258064516133e-06	9.946612903225811e-06	9.859096774193551e-06	9.813838709677422e-06	9.159193548387097e-06	5.7726129032258075e-06	1.8307419354838708e-06	3.035032258064516e-06	7.318387096774193e-06	9.547032258064516e-06	9.90954838709678e-06	9.94245161290323e-06	9.966193548387101e-06	9.9521935483871e-06	9.938709677419356e-06
4200	9.983333333333335e-06	9.987066666666675e-06	9.990633333333339e-06	9.988700000000001e-06	9.968200000000004e-06	9.893633333333338e-06	9.798933333333335e-06	9.746733333333331e-06	8.436466666666668e-06	4.791866666666667e-06	1.6019666666666667e-06	2.8728666666666666e-06	7.1618333333333315e-06	9.620333333333335e-06	9.910533333333338e-06	9.920700000000005e-06	9.90526666666667e-06	9.881933333333336e-06	9.876666666666668e-06
4300	9.835483870967743e-06	9.844419354838712e-06	9.822967741935483e-06	9.770064516129035e-06	9.762129032258068e-06	9.790709677419359e-06	9.842290322580648e-06	9.853161290322583e-06	8.028451612903226e-06	3.847548387096775e-06	1.0386774193548387e-06	2.707354838709678e-06	7.027516129032258e-06	9.605258064516134e-06	9.950806451612907e-06	9.912483870967742e-06	9.864935483870971e-06	9.86e-06	9.870967741935487e-06
4400	9.83666666666667e-06	9.835733333333335e-06	9.797133333333337e-06	9.748266666666666e-06	9.757633333333333e-06	9.789466666666668e-06	9.812333333333334e-06	9.506666666666667e-06	6.5999333333333335e-06	2.4934333333333335e-06	7.883000000000001e-07	1.8977999999999999e-06	6.007933333333333e-06	9.380533333333334e-06	9.953300000000005e-06	9.97833333333334e-06	9.982366666666668e-06	9.96036666666667e-06	9.946666666666669e-06
4500	9.939393939393946e-06	9.927454545454551e-06	9.869636363636367e-06	9.80357575757576e-06	9.790181818181824e-06	9.79930303030303e-06	9.566303030303032e-06	7.197000000000001e-06	2.7225757575757575e-06	1.9106060606060605e-07	3.8069696969696966e-07	3.0473636363636364e-06	7.579909090909095e-06	9.913242424242428e-06	1.0000000000000004e-05	9.99948484848485e-06	9.997969696969699e-06	9.996969696969698e-06	9.996969696969698e-06
4600	9.874193548387096e-06	9.854032258064518e-06	9.805645161290323e-06	9.776677419354838e-06	9.783129032258065e-06	9.793516129032258e-06	9.686870967741939e-06	8.120258064516129e-06	3.900967741935484e-06	5.69225806451613e-07	6.705806451612905e-07	3.3060645161290315e-06	7.532322580645164e-06	9.894838709677425e-06	9.98677419354839e-06	9.960580645161294e-06	9.930548387096778e-06	9.921645161290328e-06	9.925806451612908e-06
4700	9.945161290322583e-06	9.92861290322581e-06	9.87961290322581e-06	9.819903225806452e-06	9.789870967741936e-06	9.795838709677423e-06	9.735290322580645e-06	8.607032258064517e-06	5.45193548387097e-06	1.9138709677419355e-06	5.617741935483872e-07	2.8659032258064513e-06	7.181903225806454e-06	9.593354838709679e-06	9.913193548387102e-06	9.945741935483874e-06	9.975225806451618e-06	9.975000000000002e-06	9.967741935483871e-06
4800	9.950000000000003e-06	9.935066666666669e-06	9.882766666666666e-06	9.816633333333334e-06	9.782266666666668e-06	9.786466666666667e-06	9.55386666666667e-06	7.2042666666666655e-06	3.0123999999999993e-06	7.298666666666665e-07	4.743666666666668e-07	2.5611999999999997e-06	7.118833333333334e-06	9.714033333333334e-06	9.912000000000004e-06	9.951433333333336e-06	9.977200000000005e-06	9.968066666666669e-06	9.956666666666669e-06
4900	9.929032258064522e-06	9.912419354838712e-06	9.86329032258065e-06	9.809000000000006e-06	9.790387096774198e-06	9.794032258064517e-06	9.503516129032258e-06	6.93525806451613e-06	2.917258064516129e-06	8.36483870967742e-07	4.992580645161292e-07	2.8260967741935473e-06	7.201000000000001e-06	9.573225806451616e-06	9.907322580645164e-06	9.945258064516134e-06	9.963161290322585e-06	9.940838709677426e-06	9.925806451612908e-06
5000	9.927272727272732e-06	9.92015151515152e-06	9.884727272727275e-06	9.824939393939399e-06	9.78612121212122e-06	9.783575757575762e-06	9.414545454545458e-06	6.663848484848487e-06	2.422757575757576e-06	2.792727272727273e-07	2.7148484848484854e-07	2.8240303030303025e-06	7.098666666666667e-06	9.494393939393941e-06	9.906030303030308e-06	9.934181818181821e-06	9.934575757575761e-06	9.885424242424242e-06	9.854545454545454e-06
5100	9.967741935483871e-06	9.963935483870971e-06	9.941064516129034e-06	9.916483870967744e-06	9.894741935483876e-06	9.850419354838712e-06	9.389709677419357e-06	6.7415483870967736e-06	2.5602580645161296e-06	2.9725806451612907e-07	3.759677419354839e-07	2.9263225806451613e-06	7.113096774193548e-06	9.474677419354843e-06	9.85661290322581e-06	9.904354838709683e-06	9.894612903225809e-06	9.859129032258069e-06	9.848387096774197e-06
5200	9.896969696969699e-06	9.783545454545457e-06	9.398000000000002e-06	9.20257575757576e-06	9.511515151515153e-06	9.750484848484852e-06	9.356151515151516e-06	7.162939393939394e-06	3.1212727272727276e-06	4.35878787878788e-07	3.646060606060606e-07	2.5163030303030304e-06	6.6273939393939385e-06	9.433393939393941e-06	9.889484848484855e-06	9.801030303030306e-06	9.704060606060606e-06	9.669666666666665e-06	9.669696969696968e-06
5300	9.777419354838713e-06	9.74325806451613e-06	9.660129032258064e-06	9.379774193548387e-06	7.2541935483870956e-06	5.073225806451613e-06	6.477225806451609e-06	6.931225806451613e-06	3.3359677419354836e-06	4.88741935483871e-07	2.0741935483870968e-07	2.2048709677419357e-06	6.43174193548387e-06	9.392806451612908e-06	9.886322580645164e-06	9.412290322580645e-06	8.528483870967742e-06	8.095612903225803e-06	8.10322580645161e-06
5400	9.815151515151516e-06	9.687121212121216e-06	9.151454545454552e-06	7.865454545454551e-06	5.312212121212123e-06	4.054e-06	6.232969696969694e-06	6.688696969696969e-06	3.0864848484848485e-06	3.9542424242424245e-07	1.3090909090909096e-07	1.9758181818181813e-06	6.198666666666669e-06	9.311878787878793e-06	9.949212121212126e-06	9.991090909090914e-06	1.0000000000000004e-05	1.0000000000000004e-05	1.0000000000000004e-05
5500	9.803225806451617e-06	9.790774193548389e-06	9.79461290322581e-06	9.822064516129035e-06	9.774709677419356e-06	9.678870967741938e-06	9.238387096774196e-06	6.137870967741938e-06	1.827967741935484e-06	1.0770967741935485e-07	1.7477419354838712e-07	2.8399354838709677e-06	7.227677419354839e-06	9.523161290322581e-06	9.945935483870974e-06	9.982064516129042e-06	9.996774193548392e-06	1.0000000000000004e-05	1.0000000000000004e-05
5600	9.786666666666672e-06	9.77566666666667e-06	9.78456666666667e-06	9.822166666666669e-06	9.789466666666668e-06	9.689533333333333e-06	9.033100000000002e-06	5.579300000000001e-06	1.4928666666666663e-06	1.2666666666666666e-07	3.685e-07	3.3565333333333317e-06	7.503033333333332e-06	9.476966666666668e-06	9.94846666666667e-06	9.986500000000002e-06	1.0000000000000003e-05	1.0000000000000003e-05	1.0000000000000003e-05
5700	9.78125e-06	9.777343750000003e-06	9.802625000000002e-06	9.844250000000003e-06	9.770281250000004e-06	9.640718750000004e-06	9.126875e-06	6.717031250000001e-06	2.719e-06	3.3006250000000005e-07	1.8725e-07	2.0220312499999995e-06	6.096062500000001e-06	9.217125000000004e-06	9.941687500000006e-06	9.985843750000003e-06	1.0000000000000004e-05	1.0000000000000004e-05	1.0000000000000004e-05
5800	9.887096774193553e-06	9.877709677419358e-06	9.85270967741936e-06	9.817483870967746e-06	9.482774193548388e-06	9.092290322580648e-06	8.992838709677419e-06	6.892548387096775e-06	2.6572580645161292e-06	2.4909677419354843e-07	1.3064516129032257e-07	2.2405806451612897e-06	6.573935483870965e-06	9.381000000000002e-06	9.87045161290323e-06	9.911387096774196e-06	9.922741935483874e-06	9.940612903225811e-06	9.951612903225812e-06
5900	9.876666666666668e-06	9.861766666666668e-06	9.825500000000003e-06	9.791966666666669e-06	8.279500000000001e-06	6.402966666666664e-06	7.076166666666667e-06	6.657666666666665e-06	2.8939000000000004e-06	2.9903333333333337e-07	2.4960000000000006e-07	2.184766666666667e-06	6.3627e-06	9.347400000000003e-06	9.882633333333334e-06	9.932733333333336e-06	9.946733333333338e-06	9.956766666666674e-06	9.960000000000006e-06
6000	9.878125000000005e-06	9.837968750000006e-06	9.748968750000004e-06	9.6820625e-06	8.629687499999999e-06	7.223031249999998e-06	7.363812499999999e-06	6.013437500000001e-06	2.3906875000000002e-06	5.324375000000001e-07	2.241e-06	6.4638125e-06	9.424281250000004e-06	9.983187500000005e-06	9.997218750000004e-06	9.998781250000002e-06	1.0000000000000004e-05	1.0000000000000004e-05	1.0000000000000004e-05
6100	9.742424242424247e-06	9.706818181818183e-06	9.650939393939399e-06	9.609454545454547e-06	8.50039393939394e-06	7.157393939393938e-06	7.448969696969694e-06	5.97130303030303e-06	2.155303030303031e-06	5.043030303030303e-07	2.6379393939393945e-06	6.8854545454545485e-06	9.56206060606061e-06	9.992090909090912e-06	9.989545454545458e-06	9.95324242424243e-06	9.924151515151522e-06	9.933181818181824e-06	9.945454545454551e-06
6200	9.770967741935484e-06	9.758774193548388e-06	9.724548387096777e-06	9.729645161290325e-06	9.795483870967745e-06	9.842e-06	9.445709677419354e-06	6.9028709677419355e-06	2.548096774193549e-06	4.909032258064517e-07	2.8315806451612896e-06	7.017322580645163e-06	9.499903225806456e-06	9.962838709677425e-06	9.899419354838711e-06	9.85974193548387e-06	9.912193548387098e-06	9.963806451612906e-06	9.970967741935486e-06
6300	9.787878787878788e-06	9.777151515151516e-06	9.7399696969697e-06	9.73487878787879e-06	9.798121212121215e-06	9.841727272727275e-06	9.488787878787881e-06	7.29481818181818e-06	2.9332424242424245e-06	2.9190909090909093e-07	1.917181818181818e-06	5.641303030303033e-06	8.796909090909095e-06	9.96921212121213e-06	9.938606060606063e-06	9.922909090909091e-06	9.961393939393947e-06	9.989696969696977e-06	9.9909090909091e-06
6400	9.71333333333333e-06	9.714799999999999e-06	9.713133333333334e-06	9.732200000000005e-06	9.791933333333335e-06	9.849933333333335e-06	8.9059e-06	5.434566666666666e-06	1.5662666666666674e-06	1.0240000000000002e-07	1.1688333333333335e-06	4.9367666666666665e-06	8.720033333333336e-06	9.931033333333337e-06	9.94036666666667e-06	9.931233333333336e-06	9.957033333333336e-06	9.97056666666667e-06	9.966666666666672e-06
6500	9.984848484848494e-06	9.972909090909099e-06	9.935030303030309e-06	9.922333333333337e-06	9.944515151515155e-06	9.922121212121214e-06	9.468545454545458e-06	6.879484848484848e-06	2.449424242424242e-06	9.309090909090909e-08	5.697272727272728e-07	3.404575757575758e-06	7.803000000000003e-06	9.968151515151518e-06	1.0000000000000004e-05	1.0000000000000004e-05	1.0000000000000004e-05	1.0000000000000004e-05	1.0000000000000004e-05
6600	9.840625000000002e-06	9.874750000000004e-06	9.951281250000005e-06	9.996843750000002e-06	1.0000000000000004e-05	9.987406250000004e-06	9.724406250000005e-06	7.469906250000001e-06	2.9662187499999993e-06	6.207187500000001e-07	3.0418125e-06	7.168562500000003e-06	9.511312500000002e-06	9.997156250000005e-06	1.0000000000000004e-05	1.0000000000000004e-05	1.0000000000000004e-05	1.0000000000000004e-05	1.0000000000000004e-05
6700	9.86363636363637e-06	9.894727272727278e-06	9.94872727272728e-06	9.969484848484853e-06	9.972515151515159e-06	9.9759696969697e-06	9.642878787878792e-06	6.796515151515152e-06	2.4607575757575763e-06	3.430303030303031e-07	1.1578181818181819e-06	5.07009090909091e-06	8.911121212121217e-06	9.973545454545459e-06	9.989909090909095e-06	9.964212121212127e-06	9.94275757575758e-06	9.948e-06	9.954545454545456e-06
6800	9.881250000000001e-06	9.903375000000004e-06	9.945281250000005e-06	9.958031250000006e-06	9.960937500000007e-06	9.966937500000004e-06	9.205343750000001e-06	5.92053125e-06	1.8395625e-06	7.864687499999999e-07	3.1776562499999996e-06	7.099281250000001e-06	9.541750000000002e-06	9.955812500000005e-06	9.967593750000006e-06	9.986156250000005e-06	9.996000000000007e-06	9.990343750000006e-06	9.984375000000006e-06
6900	9.861290322580647e-06	9.885870967741938e-06	9.925516129032261e-06	9.92570967741936e-06	9.93209677419355e-06	9.957806451612907e-06	9.380161290322584e-06	6.671064516129033e-06	2.34558064516129e-06	2.77e-07	2.80983870967742e-06	7.223129032258065e-06	9.591741935483877e-06	9.93093548387097e-06	9.929387096774198e-06	9.967354838709684e-06	9.992290322580653e-06	9.996774193548395e-06	9.996774193548395e-06
7000	9.87e-06	9.894766666666669e-06	9.93006666666667e-06	9.923833333333335e-06	9.922533333333335e-06	9.940633333333338e-06	9.235633333333334e-06	6.101000000000001e-06	1.944666666666666e-06	3.297e-07	2.2172e-06	6.323133333333334e-06	9.313300000000001e-06	9.947700000000001e-06	9.924933333333337e-06	9.947100000000005e-06	9.97863333333334e-06	9.987433333333337e-06	9.98666666666667e-06
7100	9.868750000000006e-06	9.889031250000002e-06	9.924562500000006e-06	9.926468750000003e-06	9.931937500000005e-06	9.950093750000004e-06	9.156125000000004e-06	5.872718750000003e-06	1.7536562500000002e-06	4.2909375e-07	2.8391874999999994e-06	7.1505625000000005e-06	9.660000000000006e-06	9.941000000000009e-06	9.925125000000004e-06	9.957312500000005e-06	9.991312500000005e-06	1.0000000000000004e-05	1.0000000000000004e-05
7200	9.803030303030307e-06	9.813393939393942e-06	9.849939393939398e-06	9.887121212121216e-06	9.929090909090913e-06	9.955787878787885e-06	9.453939393939397e-06	6.7454242424242435e-06	2.370878787878788e-06	5.399090909090909e-07	3.2254242424242434e-06	7.474818181818184e-06	9.664242424242428e-06	9.935606060606063e-06	9.92263636363637e-06	9.956333333333338e-06	9.990727272727277e-06	1.0000000000000004e-05	1.0000000000000004e-05
7300	9.816129032258066e-06	9.827677419354843e-06	9.856935483870972e-06	9.88551612903226e-06	9.917483870967745e-06	9.872225806451616e-06	8.316483870967745e-06	4.3631935483870965e-06	9.496451612903228e-07	4.296774193548387e-08	1.5234193548387102e-06	5.464419354838711e-06	8.950741935483873e-06	9.888129032258068e-06	9.848258064516132e-06	9.901419354838714e-06	9.971354838709683e-06	9.99522580645162e-06	9.996774193548395e-06
7400	9.820689655172416e-06	9.831931034482758e-06	9.854793103448273e-06	9.85641379310345e-06	9.87537931034483e-06	9.806241379310347e-06	7.467482758620691e-06	3.292586206896552e-06	6.791724137931036e-07	9.841379310344829e-08	2.3696551724137938e-06	6.502206896551726e-06	9.180137931034482e-06	9.864275862068966e-06	9.840275862068966e-06	9.871137931034483e-06	9.91244827586207e-06	9.942344827586211e-06	9.951724137931039e-06
7500	9.756249999999998e-06	9.787531250000001e-06	9.847312500000006e-06	9.858500000000004e-06	9.853468750000004e-06	9.695750000000001e-06	7.561437499999999e-06	3.364874999999999e-06	5.663125e-07	1.7553125000000002e-07	2.2528125e-06	6.418875000000001e-06	9.296375000000003e-06	9.870343750000004e-06	9.843281250000003e-06	9.877343750000002e-06	9.911718750000003e-06	9.932406250000004e-06	9.940625000000004e-06
7600	9.823333333333338e-06	9.838266666666669e-06	9.874166666666668e-06	9.890566666666668e-06	9.896633333333336e-06	9.793633333333336e-06	7.690900000000003e-06	3.3430666666666664e-06	4.921666666666665e-07	9.5e-09	1.7160666666666666e-06	5.880600000000001e-06	9.089233333333334e-06	9.810533333333334e-06	9.821366666666669e-06	9.874466666666667e-06	9.915633333333336e-06	9.947200000000005e-06	9.960000000000006e-06
7700	9.813333333333335e-06	9.830333333333337e-06	9.860033333333334e-06	9.830733333333337e-06	9.773133333333335e-06	9.713066666666667e-06	8.151166666666664e-06	4.0739e-06	7.570333333333334e-07	0.0	1.2298999999999999e-06	5.1034333333333335e-06	8.796666666666668e-06	9.829400000000003e-06	9.832333333333336e-06	9.879133333333335e-06	9.920633333333335e-06	9.940900000000002e-06	9.946666666666669e-06
7800	9.967741935483871e-06	9.971161290322583e-06	9.942870967741941e-06	9.856645161290328e-06	9.795322580645164e-06	9.718483870967746e-06	7.809677419354838e-06	3.722806451612903e-06	7.373548387096774e-07	6.558387096774194e-07	3.833258064516128e-06	8.071516129032258e-06	9.852322580645164e-06	9.880838709677421e-06	9.849677419354844e-06	9.877161290322582e-06	9.925290322580647e-06	9.959064516129032e-06	9.967741935483871e-06
7900	9.9e-06	9.917406250000003e-06	9.930281250000003e-06	9.872062500000004e-06	9.805687500000002e-06	9.662562500000002e-06	7.326625000000002e-06	2.9039062500000003e-06	3.4334375000000005e-07	4.653125000000001e-07	3.419218749999999e-06	7.81984375e-06	9.774312500000005e-06	9.7745625e-06	9.752875000000003e-06	9.814937500000002e-06	9.891781250000005e-06	9.944781250000004e-06	9.962500000000007e-06
8000	9.896875000000003e-06	9.895375000000002e-06	9.832312500000003e-06	9.714531250000004e-06	9.698843750000002e-06	9.736750000000005e-06	7.9275e-06	3.81559375e-06	7.551562500000001e-07	8.187187500000004e-07	4.1604375e-06	8.230375000000002e-06	9.782531250000002e-06	9.700500000000003e-06	9.614906250000002e-06	9.698625e-06	9.849906250000004e-06	9.937687500000004e-06	9.956250000000001e-06
8100	1.0000000000000004e-05	1.0000000000000004e-05	1.0000000000000004e-05	9.987787878787886e-06	9.94554545454546e-06	9.766696969696974e-06	7.802696969696974e-06	3.6758181818181815e-06	6.820606060606062e-07	6.896666666666665e-07	3.75690909090909e-06	7.869030303030307e-06	9.672636363636365e-06	9.71087878787879e-06	9.72018181818182e-06	9.835030303030306e-06	9.950272727272731e-06	9.995393939393943e-06	1.0000000000000004e-05
8200	1.0000000000000004e-05	1.0000000000000004e-05	1.0000000000000004e-05	9.990125000000003e-06	9.944406250000005e-06	9.728812500000003e-06	7.578062500000003e-06	3.7904374999999994e-06	9.8690625e-07	9.513437500000002e-07	4.840749999999999e-06	8.8020625e-06	9.785281250000001e-06	9.709312500000003e-06	9.72103125e-06	9.835218750000002e-06	9.949812500000003e-06	9.998937500000004e-06	1.0000000000000004e-05
8300	9.972413793103454e-06	9.978655172413797e-06	9.990896551724143e-06	9.98637931034483e-06	9.942517241379313e-06	9.776137931034486e-06	7.572137931034482e-06	3.3497241379310346e-06	5.991379310344828e-07	2.2855172413793106e-07	2.7067241379310345e-06	6.983827586206897e-06	9.370413793103447e-06	9.67910344827586e-06	9.665137931034483e-06	9.785e-06	9.926689655172417e-06	9.992482758620692e-06	1.0000000000000003e-05
8400	1.0000000000000004e-05	9.997935483870978e-06	9.993193548387103e-06	9.981032258064522e-06	9.944741935483874e-06	9.814258064516132e-06	7.92848387096774e-06	3.6099999999999993e-06	5.368064516129033e-07	2.53741935483871e-07	2.5205483870967745e-06	6.88693548387097e-06	9.186225806451613e-06	7.92425806451613e-06	6.931161290322581e-06	8.395806451612905e-06	9.820129032258066e-06	9.997322580645165e-06	1.0000000000000004e-05
8500	9.96451612903226e-06	9.955258064516136e-06	9.938419354838717e-06	9.92229032258065e-06	9.893064516129035e-06	9.379258064516128e-06	6.6790967741935475e-06	2.511483870967742e-06	2.7545161290322577e-07	8.683870967741935e-08	1.767516129032258e-06	5.688838709677418e-06	8.090225806451613e-06	7.626774193548386e-06	7.864419354838711e-06	9.236451612903227e-06	9.910096774193554e-06	9.99335483870968e-06	1.0000000000000004e-05
8600	1.0000000000000004e-05	1.0000000000000004e-05	9.999677419354844e-06	9.996451612903235e-06	9.987903225806459e-06	9.720838709677421e-06	7.250193548387097e-06	2.840774193548387e-06	3.202903225806452e-07	1.4145161290322586e-07	2.3266451612903224e-06	6.573419354838708e-06	7.367548387096776e-06	4.414483870967742e-06	4.378032258064516e-06	7.5217096774193565e-06	9.547258064516132e-06	9.95712903225807e-06	9.977419354838718e-06
8700	1.0000000000000003e-05	1.0000000000000003e-05	9.993000000000004e-06	9.945633333333335e-06	9.864633333333339e-06	9.627100000000003e-06	7.5717666666666675e-06	3.3305999999999995e-06	4.739333333333334e-07	1.426e-07	2.1205e-06	6.408599999999998e-06	9.401133333333334e-06	9.965066666666672e-06	9.991300000000009e-06	9.99373333333334e-06	9.99706666666667e-06	1.0000000000000003e-05	1.0000000000000003e-05
8800	9.99354838709678e-06	9.987806451612906e-06	9.969580645161296e-06	9.929129032258068e-06	9.871709677419357e-06	9.53141935483871e-06	7.2092580645161294e-06	2.8390000000000003e-06	2.4003225806451617e-07	1.4403225806451613e-07	2.0798064516129035e-06	6.4087741935483906e-06	9.445290322580648e-06	9.969774193548393e-06	9.997483870967746e-06	1.0000000000000004e-05	9.99890322580646e-06	9.997290322580654e-06	9.996774193548395e-06
8900	1.0000000000000004e-05	1.0000000000000004e-05	9.995062500000003e-06	9.948875000000004e-06	9.862125000000002e-06	9.3410625e-06	6.735625000000001e-06	2.6944375e-06	3.9156250000000006e-07	1.2212500000000002e-07	1.909125e-06	5.854593750000002e-06	9.029656250000003e-06	9.948906250000006e-06	9.986218750000006e-06	9.998937500000003e-06	9.990843750000006e-06	9.978781250000007e-06	9.975000000000005e-06
9000	1.0000000000000003e-05	1.0000000000000003e-05	9.992466666666673e-06	9.946533333333337e-06	9.869266666666669e-06	9.6742e-06	7.578000000000001e-06	3.1225999999999995e-06	3.0360000000000005e-07	1.0893333333333334e-07	2.139166666666667e-06	6.609833333333333e-06	9.506200000000004e-06	9.90306666666667e-06	9.974633333333336e-06	9.998166666666669e-06	1.0000000000000003e-05	1.0000000000000003e-05	1.0000000000000003e-05
9100	9.910000000000003e-06	9.922833333333336e-06	9.959633333333337e-06	9.953266666666668e-06	9.870166666666667e-06	9.273666666666666e-06	6.159733333333335e-06	1.9533333333333334e-06	1.5856666666666668e-07	1.213333333333334e-07	2.356866666666667e-06	6.5191999999999985e-06	9.164466666666665e-06	9.7598e-06	9.814433333333334e-06	9.89466666666667e-06	9.916066666666668e-06	9.9235e-06	9.933333333333337e-06
9200	9.916129032258066e-06	9.925258064516131e-06	9.950870967741938e-06	9.941483870967747e-06	9.812612903225809e-06	9.080354838709679e-06	5.959612903225805e-06	1.9426451612903227e-06	2.0858064516129034e-07	2.2177419354838718e-07	2.892838709677418e-06	7.26322580645161e-06	9.479129032258065e-06	9.782000000000002e-06	9.843806451612907e-06	9.902838709677422e-06	9.88529032258065e-06	9.869935483870972e-06	9.877419354838712e-06
9300	1.0000000000000003e-05	1.0000000000000003e-05	9.996833333333337e-06	9.944833333333339e-06	9.856433333333334e-06	9.671266666666668e-06	8.014233333333332e-06	3.8138999999999996e-06	5.625000000000001e-07	2.5400000000000002e-08	1.2699000000000001e-06	5.258200000000001e-06	8.867433333333331e-06	9.7385e-06	9.808400000000003e-06	9.829266666666671e-06	9.771233333333337e-06	9.7356e-06	9.740000000000002e-06
9400	1.000000000000001e-05	1.000000000000001e-05	9.996029411764715e-06	9.953029411764712e-06	9.86758823529412e-06	9.491558823529415e-06	7.083176470588234e-06	2.834823529411765e-06	3.3261764705882354e-07	2.8235294117647064e-09	1.3258529411764708e-06	5.103705882352942e-06	8.631176470588238e-06	9.722617647058826e-06	9.792000000000006e-06	9.844705882352945e-06	9.816147058823532e-06	9.785441176470595e-06	9.788235294117652e-06
9500	1.0000000000000004e-05	9.99887096774194e-06	9.967870967741942e-06	9.879290322580648e-06	9.799806451612906e-06	9.654903225806452e-06	7.5100967741935486e-06	3.108870967741935e-06	3.6416129032258066e-07	1.0880645161290326e-07	2.240774193548387e-06	6.693580645161291e-06	9.519387096774195e-06	9.936580645161294e-06	9.9311935483871e-06	9.851935483870968e-06	9.79309677419355e-06	9.787096774193549e-06	9.787096774193549e-06
9600	1.0000000000000004e-05	9.998612903225812e-06	9.969096774193555e-06	9.879645161290327e-06	9.796322580645165e-06	9.55154838709678e-06	7.4696451612903225e-06	3.2121290322580647e-06	4.0687096774193554e-07	8.051612903225807e-08	1.8336774193548385e-06	6.082838709677417e-06	9.28525806451613e-06	9.902870967741941e-06	9.87035483870968e-06	9.862354838709681e-06	9.920387096774199e-06	9.981096774193553e-06	1.0000000000000004e-05
9700	9.925000000000007e-06	9.917156250000001e-06	9.898281250000002e-06	9.832343750000002e-06	9.731531250000002e-06	9.363125e-06	6.760687499999999e-06	2.6136874999999996e-06	3.733125e-07	2.571875e-07	2.723625e-06	6.919156249999998e-06	9.404937500000001e-06	9.890250000000006e-06	9.848968750000003e-06	9.847375000000005e-06	9.925593750000005e-06	9.989156250000005e-06	1.0000000000000004e-05
9800	9.927272727272732e-06	9.92254545454546e-06	9.908787878787884e-06	9.848060606060612e-06	9.762787878787882e-06	9.48245454545455e-06	7.039666666666666e-06	2.766121212121212e-06	3.443030303030304e-07	7.327272727272727e-08	2.0879696969696972e-06	6.3303636363636365e-06	9.26566666666667e-06	9.872666666666673e-06	9.80548484848485e-06	9.794424242424246e-06	9.885242424242428e-06	9.956969696969702e-06	9.966666666666672e-06
9900	9.878125000000005e-06	9.878781250000005e-06	9.873156250000004e-06	9.807843750000004e-06	9.723343750000002e-06	9.475093750000001e-06	7.074406249999999e-06	2.601625e-06	1.53375e-07	1.65e-07	2.4413125e-06	6.9652187499999994e-06	9.643687500000001e-06	9.896406250000004e-06	9.836593750000005e-06	9.795187500000005e-06	9.859968750000005e-06	9.941000000000005e-06	9.962500000000007e-06
10000	9.832258064516132e-06	9.834516129032262e-06	9.835903225806454e-06	9.786161290322582e-06	9.715483870967744e-06	9.405387096774191e-06	6.998032258064511e-06	2.7548064516129025e-06	3.1532258064516137e-07	4.596774193548387e-08	1.8588387096774197e-06	6.052612903225808e-06	9.193451612903225e-06	9.882161290322582e-06	9.808806451612905e-06	9.780709677419357e-06	9.865290322580651e-06	9.948806451612904e-06	9.967741935483871e-06
