	site
generation	50	100	150	200	250	300	350	400	450	500	550	600	650	700	750	800	850	900	950
0	1.0000000000000004e-05	1.0000000000000004e-05	1.0000000000000004e-05	1.0000000000000004e-05	1.0000000000000004e-05	1.0000000000000004e-05	1.0000000000000004e-05	1.0000000000000004e-05	1.0000000000000004e-05	1.0000000000000004e-05	1.0000000000000004e-05	1.0000000000000004e-05	1.0000000000000004e-05	1.0000000000000004e-05	1.0000000000000004e-05	1.0000000000000004e-05	1.0000000000000004e-05	1.0000000000000004e-05	1.0000000000000004e-05
100	1.0000000000000004e-05	1.0000000000000004e-05	1.0000000000000004e-05	1.0000000000000004e-05	1.0000000000000004e-05	1.0000000000000004e-05	9.998750000000005e-06	9.997187500000004e-06	9.998125000000005e-06	9.999687500000004e-06	1.0000000000000004e-05	1.0000000000000004e-05	1.0000000000000004e-05	1.0000000000000004e-05	1.0000000000000004e-05	1.0000000000000004e-05	1.0000000000000004e-05	1.0000000000000004e-05	1.0000000000000004e-05
200	9.950000000000003e-06	9.95686666666667e-06	9.969300000000005e-06	9.985666666666672e-06	9.998233333333337e-06	9.99943333333334e-06	9.996566666666672e-06	9.992700000000007e-06	9.99343333333334e-06	9.997300000000005e-06	9.995866666666674e-06	9.990333333333337e-06	9.990800000000004e-06	9.996900000000004e-06	9.98736666666667e-06	9.948933333333337e-06	9.93086666666667e-06	9.955966666666671e-06	9.973333333333338e-06
300	9.950000000000003e-06	9.96746666666667e-06	9.99246666666667e-06	1.0000000000000003e-05	9.999366666666673e-06	9.996700000000007e-06	9.98026666666667e-06	9.915133333333334e-06	9.856800000000004e-06	9.895266666666668e-06	9.962100000000004e-06	9.989566666666672e-06	9.998133333333335e-06	1.0000000000000003e-05	9.993300000000003e-06	9.96236666666667e-06	9.934233333333334e-06	9.938500000000001e-06	9.946666666666669e-06
400	9.987096774193556e-06	9.989741935483876e-06	9.986612903225809e-06	9.954451612903229e-06	9.924258064516132e-06	9.944354838709683e-06	9.962161290322583e-06	9.909516129032262e-06	9.842903225806455e-06	9.845225806451616e-06	9.899032258064517e-06	9.955419354838714e-06	9.98648387096775e-06	9.994258064516133e-06	9.990419354838714e-06	9.965580645161294e-06	9.946806451612906e-06	9.95593548387097e-06	9.96451612903226e-06
500	9.994285714285723e-06	9.995000000000008e-06	9.98765714285715e-06	9.957142857142865e-06	9.925342857142864e-06	9.936057142857148e-06	9.951342857142864e-06	9.91248571428572e-06	9.866628571428575e-06	9.885285714285717e-06	9.950771428571436e-06	9.991885714285724e-06	9.998971428571439e-06	1.000000000000001e-05	9.998914285714296e-06	9.997085714285724e-06	9.996400000000008e-06	9.996800000000009e-06	9.997142857142864e-06
600	9.983870967741943e-06	9.978806451612907e-06	9.950258064516132e-06	9.893258064516132e-06	9.865419354838713e-06	9.911322580645163e-06	9.955677419354844e-06	9.912838709677426e-06	9.848290322580651e-06	9.873258064516132e-06	9.947322580645167e-06	9.983000000000008e-06	9.976387096774198e-06	9.949096774193552e-06	9.939935483870971e-06	9.962161290322585e-06	9.981032258064522e-06	9.986064516129039e-06	9.987096774193556e-06
700	9.987878787878793e-06	9.985939393939402e-06	9.963151515151522e-06	9.897606060606068e-06	9.858333333333335e-06	9.91136363636364e-06	9.960757575757578e-06	9.896515151515157e-06	9.800333333333333e-06	9.823333333333335e-06	9.91884848484849e-06	9.972787878787885e-06	9.966363636363641e-06	9.899242424242427e-06	9.852393939393945e-06	9.906727272727277e-06	9.977666666666671e-06	9.990696969696979e-06	9.984848484848494e-06
800	9.918181818181827e-06	9.913636363636368e-06	9.882121212121215e-06	9.816060606060608e-06	9.806606060606065e-06	9.894000000000006e-06	9.935272727272732e-06	9.834909090909094e-06	9.731515151515152e-06	9.76157575757576e-06	9.844484848484853e-06	9.91406060606061e-06	9.958545454545462e-06	9.943090909090913e-06	9.921393939393945e-06	9.952000000000006e-06	9.990303030303035e-06	1.0000000000000004e-05	1.0000000000000004e-05
900	9.916129032258066e-06	9.922612903225813e-06	9.937645161290326e-06	9.951870967741942e-06	9.966322580645166e-06	9.971322580645167e-06	9.92761290322581e-06	9.83767741935484e-06	9.793548387096776e-06	9.810677419354841e-06	9.82293548387097e-06	9.865967741935486e-06	9.929645161290329e-06	9.934838709677423e-06	9.928032258064518e-06	9.956225806451615e-06	9.953387096774198e-06	9.901483870967745e-06	9.870967741935487e-06
1000	9.922857142857147e-06	9.932114285714292e-06	9.964542857142866e-06	9.993857142857155e-06	1.000000000000001e-05	9.992314285714294e-06	9.933028571428575e-06	9.83545714285715e-06	9.799428571428578e-06	9.819114285714288e-06	9.826342857142862e-06	9.858771428571434e-06	9.91565714285715e-06	9.92571428571429e-06	9.930800000000003e-06	9.960971428571437e-06	9.946142857142864e-06	9.886200000000002e-06	9.854285714285717e-06
1100	9.958064516129039e-06	9.969870967741941e-06	9.990838709677424e-06	1.0000000000000004e-05	1.0000000000000004e-05	9.995096774193553e-06	9.946129032258071e-06	9.833290322580647e-06	9.773064516129036e-06	9.802129032258067e-06	9.805709677419356e-06	9.811129032258065e-06	9.861709677419359e-06	9.894741935483874e-06	9.918483870967745e-06	9.961903225806456e-06	9.978096774193553e-06	9.934903225806456e-06	9.900000000000007e-06
1200	9.959375000000007e-06	9.970750000000006e-06	9.991062500000004e-06	9.999031250000004e-06	9.979406250000004e-06	9.931781250000002e-06	9.870656250000002e-06	9.80478125e-06	9.776906250000003e-06	9.796843750000004e-06	9.802968750000002e-06	9.812500000000003e-06	9.855250000000005e-06	9.881812500000003e-06	9.900781250000006e-06	9.931687500000004e-06	9.902437500000003e-06	9.825281249999998e-06	9.790624999999999e-06
1300	9.94193548387097e-06	9.94703225806452e-06	9.958580645161293e-06	9.969290322580649e-06	9.94112903225807e-06	9.861548387096776e-06	9.793774193548387e-06	9.766290322580644e-06	9.780612903225808e-06	9.813870967741938e-06	9.808451612903229e-06	9.809354838709678e-06	9.861741935483874e-06	9.894580645161293e-06	9.890000000000005e-06	9.882193548387102e-06	9.80761290322581e-06	9.58e-06	9.42258064516129e-06
1400	9.918750000000006e-06	9.902218750000003e-06	9.868843750000006e-06	9.887187500000005e-06	9.956250000000007e-06	9.983875000000004e-06	9.938000000000005e-06	9.842968750000002e-06	9.792093750000004e-06	9.810187500000002e-06	9.808500000000001e-06	9.814156250000005e-06	9.856250000000002e-06	9.869156250000002e-06	9.838281250000004e-06	9.808750000000003e-06	9.819250000000004e-06	9.830843750000004e-06	9.825000000000005e-06
1500	1.0000000000000004e-05	9.980709677419362e-06	9.937129032258067e-06	9.925709677419358e-06	9.962870967741941e-06	9.98396774193549e-06	9.937225806451616e-06	9.831580645161292e-06	9.763161290322584e-06	9.785225806451615e-06	9.824903225806452e-06	9.85151612903226e-06	9.878741935483874e-06	9.876161290322581e-06	9.844000000000001e-06	9.843032258064518e-06	9.886645161290326e-06	9.914838709677421e-06	9.916129032258066e-06
1600	9.912121212121214e-06	9.912818181818186e-06	9.939090909090913e-06	9.981939393939396e-06	9.979393939393947e-06	9.930909090909093e-06	9.868545454545457e-06	9.796515151515156e-06	9.754151515151518e-06	9.776878787878791e-06	9.816060606060612e-06	9.838272727272731e-06	9.866000000000005e-06	9.880575757575763e-06	9.829787878787884e-06	9.74887878787879e-06	9.738151515151519e-06	9.766818181818182e-06	9.772727272727273e-06
1700	9.923333333333337e-06	9.923266666666669e-06	9.937633333333335e-06	9.96823333333334e-06	9.97616666666667e-06	9.94266666666667e-06	9.881333333333333e-06	9.800633333333334e-06	9.745366666666668e-06	9.759266666666668e-06	9.80586666666667e-06	9.8451e-06	9.872466666666669e-06	9.870766666666669e-06	9.815400000000001e-06	9.7504e-06	9.754099999999999e-06	9.784666666666666e-06	9.790000000000001e-06
1800	9.896969696969699e-06	9.902121212121216e-06	9.937121212121217e-06	9.981181818181824e-06	9.976333333333342e-06	9.929181818181824e-06	9.858454545454549e-06	9.785909090909097e-06	9.757303030303031e-06	9.779181818181822e-06	9.789575757575762e-06	9.77075757575758e-06	9.796575757575763e-06	9.844181818181822e-06	9.813212121212123e-06	9.748424242424245e-06	9.761303030303035e-06	9.7989393939394e-06	9.803030303030307e-06
1900	9.880645161290326e-06	9.87958064516129e-06	9.897870967741937e-06	9.919806451612906e-06	9.898741935483874e-06	9.879225806451618e-06	9.871677419354841e-06	9.821419354838713e-06	9.785387096774196e-06	9.818451612903227e-06	9.876838709677424e-06	9.92761290322581e-06	9.97180645161291e-06	9.995419354838715e-06	9.981096774193553e-06	9.945064516129037e-06	9.935451612903228e-06	9.951645161290328e-06	9.958064516129039e-06
2000	9.915625000000002e-06	9.902000000000003e-06	9.886375000000002e-06	9.894156250000001e-06	9.90509375e-06	9.905656250000004e-06	9.880843750000002e-06	9.817718750000004e-06	9.762781250000005e-06	9.759718750000004e-06	9.821531250000003e-06	9.910531250000005e-06	9.947968750000005e-06	9.936531250000006e-06	9.931843750000005e-06	9.936312500000003e-06	9.949687500000007e-06	9.970375000000007e-06	9.978125000000007e-06
2100	9.873333333333336e-06	9.870066666666669e-06	9.873766666666669e-06	9.875033333333338e-06	9.851433333333337e-06	9.836766666666669e-06	9.839466666666671e-06	9.808533333333336e-06	9.787533333333336e-06	9.848466666666669e-06	9.93076666666667e-06	9.976633333333337e-06	9.99586666666667e-06	1.0000000000000003e-05	1.0000000000000003e-05	1.0000000000000003e-05	1.0000000000000003e-05	1.0000000000000003e-05	1.0000000000000003e-05
2200	9.803125000000003e-06	9.813062500000002e-06	9.847812500000002e-06	9.870875000000006e-06	9.851843750000006e-06	9.840031250000005e-06	9.845375000000004e-06	9.810250000000001e-06	9.784843750000001e-06	9.834843750000004e-06	9.890843750000005e-06	9.932218750000003e-06	9.977906250000005e-06	9.998906250000004e-06	9.998625000000005e-06	9.982781250000004e-06	9.948031250000006e-06	9.920125000000007e-06	9.912500000000004e-06
2300	9.77e-06	9.783766666666668e-06	9.835133333333332e-06	9.872066666666668e-06	9.850366666666665e-06	9.828600000000001e-06	9.826233333333336e-06	9.794300000000004e-06	9.781333333333336e-06	9.838466666666667e-06	9.892833333333333e-06	9.934666666666668e-06	9.97936666666667e-06	9.998400000000002e-06	1.0000000000000003e-05	1.0000000000000003e-05	1.0000000000000003e-05	1.0000000000000003e-05	1.0000000000000003e-05
2400	9.929032258064524e-06	9.936741935483878e-06	9.958709677419356e-06	9.97277419354839e-06	9.960096774193554e-06	9.94151612903226e-06	9.90296774193549e-06	9.82625806451613e-06	9.79177419354839e-06	9.815193548387097e-06	9.828870967741935e-06	9.869806451612907e-06	9.95303225806452e-06	9.997677419354843e-06	1.0000000000000004e-05	1.0000000000000004e-05	9.995129032258069e-06	9.982225806451615e-06	9.974193548387097e-06
2500	9.967741935483871e-06	9.945161290322583e-06	9.889064516129035e-06	9.855129032258067e-06	9.827129032258066e-06	9.791161290322586e-06	9.803451612903228e-06	9.790580645161294e-06	9.752096774193548e-06	9.787967741935483e-06	9.852967741935486e-06	9.891548387096777e-06	9.913709677419359e-06	9.94035483870968e-06	9.976774193548392e-06	9.997161290322585e-06	1.0000000000000004e-05	1.0000000000000004e-05	1.0000000000000004e-05
2600	9.96451612903226e-06	9.935903225806455e-06	9.85367741935484e-06	9.770161290322582e-06	9.720096774193553e-06	9.718032258064515e-06	9.766483870967742e-06	9.769193548387098e-06	9.732806451612905e-06	9.764774193548388e-06	9.84309677419355e-06	9.896806451612905e-06	9.912419354838712e-06	9.930806451612908e-06	9.967419354838716e-06	9.982064516129037e-06	9.975903225806451e-06	9.973516129032258e-06	9.974193548387097e-06
2700	9.883870967741937e-06	9.873967741935486e-06	9.81754838709678e-06	9.746451612903225e-06	9.71093548387097e-06	9.716516129032259e-06	9.765290322580648e-06	9.778032258064516e-06	9.740290322580646e-06	9.730999999999999e-06	9.772677419354839e-06	9.857870967741941e-06	9.952709677419358e-06	9.997548387096778e-06	1.0000000000000004e-05	9.998935483870974e-06	9.995709677419363e-06	9.99354838709678e-06	9.99354838709678e-06
2800	9.899999999999998e-06	9.882892857142856e-06	9.834607142857141e-06	9.765785714285715e-06	9.712642857142854e-06	9.718321428571428e-06	9.763107142857142e-06	9.748714285714281e-06	9.702999999999998e-06	9.73285714285714e-06	9.793642857142857e-06	9.875928571428573e-06	9.956500000000005e-06	9.983500000000004e-06	9.98907142857143e-06	9.97975e-06	9.956035714285713e-06	9.928000000000002e-06	9.914285714285715e-06
2900	9.762500000000002e-06	9.773093750000003e-06	9.769468750000005e-06	9.715781250000001e-06	9.65225e-06	9.664562500000001e-06	9.726562500000002e-06	9.70071875e-06	9.638625e-06	9.672875000000002e-06	9.763843750000003e-06	9.873156250000003e-06	9.964281250000006e-06	9.992968750000009e-06	9.993750000000009e-06	9.993218750000004e-06	9.993968750000002e-06	9.996062500000005e-06	9.996875000000004e-06
3000	9.71935483870968e-06	9.740129032258067e-06	9.75435483870968e-06	9.708032258064518e-06	9.640193548387098e-06	9.656064516129032e-06	9.731903225806455e-06	9.357451612903228e-06	8.814677419354837e-06	9.06367741935484e-06	9.61135483870968e-06	9.84309677419355e-06	9.953806451612906e-06	9.996290322580655e-06	9.997161290322589e-06	9.998000000000003e-06	9.99961290322581e-06	1.0000000000000004e-05	1.0000000000000004e-05
3100	9.868750000000006e-06	9.894875000000004e-06	9.943093750000006e-06	9.919593750000004e-06	9.79375e-06	9.724187500000005e-06	9.819281250000003e-06	9.947406250000003e-06	9.987687500000002e-06	9.960687500000005e-06	9.926687500000007e-06	9.920625000000008e-06	9.916812500000004e-06	9.919312500000004e-06	9.955750000000005e-06	9.988906250000006e-06	9.978750000000007e-06	9.950906250000004e-06	9.940625000000004e-06
3200	9.86129032258065e-06	9.893709677419358e-06	9.952419354838714e-06	9.928838709677425e-06	9.797290322580646e-06	9.724774193548392e-06	9.814000000000001e-06	9.940580645161294e-06	9.9895806451613e-06	9.968000000000009e-06	9.926548387096776e-06	9.909419354838711e-06	9.907451612903226e-06	9.925806451612906e-06	9.968677419354844e-06	9.993387096774201e-06	9.980580645161295e-06	9.95687096774194e-06	9.948387096774198e-06
3300	9.82727272727273e-06	9.850939393939399e-06	9.914303030303035e-06	9.975090909090914e-06	9.981303030303036e-06	9.943212121212125e-06	9.929818181818186e-06	9.962878787878793e-06	9.987242424242428e-06	9.964484848484854e-06	9.92324242424243e-06	9.918818181818187e-06	9.942000000000004e-06	9.959242424242428e-06	9.96545454545455e-06	9.947333333333339e-06	9.920575757575761e-06	9.916181818181824e-06	9.921212121212128e-06
3400	9.877419354838712e-06	9.89961290322581e-06	9.9511935483871e-06	9.989774193548392e-06	9.981322580645167e-06	9.94277419354839e-06	9.932645161290325e-06	9.962064516129037e-06	9.978645161290328e-06	9.952193548387101e-06	9.916935483870968e-06	9.91354838709678e-06	9.91609677419355e-06	9.91535483870968e-06	9.916677419354841e-06	9.892838709677424e-06	9.855677419354841e-06	9.840709677419355e-06	9.84193548387097e-06
3500	9.896774193548391e-06	9.918000000000004e-06	9.96087096774194e-06	9.990709677419357e-06	9.985612903225812e-06	9.953161290322586e-06	9.942129032258068e-06	9.969967741935489e-06	9.989483870967745e-06	9.960774193548392e-06	9.904709677419358e-06	9.87635483870968e-06	9.885677419354841e-06	9.907548387096777e-06	9.910322580645165e-06	9.874580645161293e-06	9.839032258064521e-06	9.840935483870971e-06	9.85161290322581e-06
3600	1.0000000000000004e-05	9.988161290322586e-06	9.950677419354843e-06	9.929225806451615e-06	9.959032258064522e-06	9.992290322580648e-06	9.999967741935488e-06	1.0000000000000004e-05	9.99854838709678e-06	9.961548387096778e-06	9.872645161290324e-06	9.818419354838711e-06	9.845193548387097e-06	9.896451612903229e-06	9.903354838709681e-06	9.864838709677417e-06	9.859e-06	9.88103225806452e-06	9.887096774193551e-06
3700	1.0000000000000003e-05	9.989900000000004e-06	9.955766666666672e-06	9.926433333333337e-06	9.944700000000002e-06	9.977466666666669e-06	9.964200000000005e-06	9.928633333333335e-06	9.936900000000001e-06	9.97756666666667e-06	9.99713333333334e-06	9.99703333333334e-06	9.99796666666667e-06	9.999633333333335e-06	1.0000000000000003e-05	1.0000000000000003e-05	1.0000000000000003e-05	1.0000000000000003e-05	1.0000000000000003e-05
3800	9.841935483870968e-06	9.849774193548388e-06	9.870290322580647e-06	9.890451612903227e-06	9.884806451612906e-06	9.856290322580648e-06	9.810064516129033e-06	9.7721935483871e-06	9.815645161290324e-06	9.895580645161297e-06	9.919225806451616e-06	9.920838709677423e-06	9.938451612903228e-06	9.929322580645165e-06	9.89370967741936e-06	9.888677419354843e-06	9.916000000000005e-06	9.932161290322587e-06	9.932258064516135e-06
3900	1.0000000000000004e-05	1.0000000000000004e-05	9.987818181818189e-06	9.951848484848493e-06	9.903666666666668e-06	9.867606060606066e-06	9.821030303030308e-06	9.76866666666667e-06	9.807212121212125e-06	9.900848484848493e-06	9.927575757575763e-06	9.923606060606065e-06	9.935424242424249e-06	9.922484848484851e-06	9.893212121212126e-06	9.884060606060608e-06	9.887393939393944e-06	9.88663636363637e-06	9.88484848484849e-06
4000	1.0000000000000004e-05	1.0000000000000004e-05	9.988156250000006e-06	9.950312500000005e-06	9.903093750000001e-06	9.871625000000004e-06	9.828875000000003e-06	9.768937500000002e-06	9.791375000000002e-06	9.887312500000005e-06	9.926531250000006e-06	9.929312500000004e-06	9.942843750000004e-06	9.911093750000005e-06	9.835281250000001e-06	9.799656250000006e-06	9.862468750000002e-06	9.957250000000007e-06	9.993750000000009e-06
4100	9.996875000000004e-06	9.996875000000004e-06	9.986343750000004e-06	9.947687500000006e-06	9.901218750000002e-06	9.863406250000003e-06	9.811875000000003e-06	9.764062500000001e-06	9.778125000000004e-06	9.822000000000004e-06	9.838093750000005e-06	9.886062500000001e-06	9.947375000000002e-06	9.934031250000002e-06	9.890156250000006e-06	9.887187500000002e-06	9.926593750000002e-06	9.964406250000006e-06	9.975000000000005e-06
4200	1.0000000000000003e-05	1.0000000000000003e-05	9.98803333333334e-06	9.952466666666672e-06	9.90316666666667e-06	9.865566666666667e-06	9.8181e-06	9.76136666666667e-06	9.752733333333336e-06	9.765066666666669e-06	9.789133333333334e-06	9.862000000000005e-06	9.927433333333338e-06	9.929266666666668e-06	9.902533333333337e-06	9.897700000000004e-06	9.935633333333339e-06	9.97833333333334e-06	9.990000000000006e-06
4300	1.0000000000000003e-05	1.0000000000000003e-05	9.993066666666671e-06	9.960433333333337e-06	9.90636666666667e-06	9.856866666666667e-06	9.807533333333336e-06	9.7684e-06	9.765700000000004e-06	9.760066666666668e-06	9.757633333333333e-06	9.811500000000003e-06	9.863933333333337e-06	9.871733333333332e-06	9.872966666666668e-06	9.888700000000002e-06	9.930200000000002e-06	9.968033333333337e-06	9.976666666666669e-06
4400	9.996666666666672e-06	9.998100000000003e-06	9.990833333333338e-06	9.956533333333335e-06	9.899800000000001e-06	9.855566666666668e-06	9.813766666666669e-06	9.767366666666666e-06	9.757466666666668e-06	9.759033333333333e-06	9.766533333333332e-06	9.815933333333334e-06	9.862433333333336e-06	9.855633333333334e-06	9.817466666666667e-06	9.818666666666668e-06	9.895800000000001e-06	9.962266666666671e-06	9.973333333333338e-06
4500	9.963333333333335e-06	9.975033333333337e-06	9.988500000000003e-06	9.956833333333336e-06	9.912766666666671e-06	9.894e-06	9.860033333333337e-06	9.771500000000001e-06	9.710833333333334e-06	9.725900000000001e-06	9.738233333333333e-06	9.811933333333333e-06	9.925033333333334e-06	9.944600000000005e-06	9.897533333333335e-06	9.8744e-06	9.905733333333338e-06	9.942800000000006e-06	9.953333333333337e-06
4600	9.980000000000004e-06	9.984500000000004e-06	9.981666666666673e-06	9.953866666666668e-06	9.895400000000002e-06	9.849966666666669e-06	9.805600000000003e-06	9.748033333333334e-06	9.735566666666669e-06	9.756566666666666e-06	9.799433333333335e-06	9.841966666666668e-06	9.878300000000003e-06	9.904333333333333e-06	9.835133333333335e-06	9.749066666666668e-06	9.792400000000003e-06	9.860200000000003e-06	9.870000000000002e-06
4700	9.983333333333335e-06	9.98836666666667e-06	9.98416666666667e-06	9.953300000000002e-06	9.902900000000003e-06	9.851499999999999e-06	9.769800000000001e-06	9.680966666666666e-06	9.680833333333332e-06	9.737433333333331e-06	9.797466666666669e-06	9.850166666666668e-06	9.883000000000003e-06	9.896566666666668e-06	9.840500000000002e-06	9.769400000000002e-06	9.799566666666667e-06	9.850533333333332e-06	9.856666666666667e-06
4800	9.993103448275862e-06	9.995620689655174e-06	9.986896551724144e-06	9.94931034482759e-06	9.883379310344827e-06	9.138965517241378e-06	7.855620689655172e-06	7.928448275862068e-06	9.157344827586204e-06	9.76410344827586e-06	9.802551724137936e-06	9.829379310344829e-06	9.872172413793105e-06	9.89396551724138e-06	9.838551724137933e-06	9.779068965517242e-06	9.810896551724143e-06	9.857862068965521e-06	9.865517241379313e-06
4900	9.960606060606069e-06	9.972000000000005e-06	9.9849696969697e-06	9.963878787878795e-06	9.900848484848486e-06	9.801818181818184e-06	9.668909090909095e-06	9.610272727272733e-06	9.681242424242425e-06	9.757393939393943e-06	9.799090909090914e-06	9.839121212121215e-06	9.879242424242428e-06	9.88827272727273e-06	9.820212121212125e-06	9.76627272727273e-06	9.799969696969698e-06	9.82636363636364e-06	9.821212121212129e-06
5000	9.946875000000003e-06	9.946312500000008e-06	9.931343750000004e-06	9.915906250000002e-06	9.894906250000003e-06	9.793968750000004e-06	9.551343750000001e-06	9.43209375e-06	9.610687499999998e-06	9.758875000000002e-06	9.798e-06	9.846250000000003e-06	9.885156250000005e-06	9.883031250000002e-06	9.788062500000001e-06	9.71509375e-06	9.759312499999999e-06	9.796031249999998e-06	9.790624999999999e-06
5100	9.880000000000004e-06	9.888866666666668e-06	9.89146666666667e-06	9.88746666666667e-06	9.879166666666669e-06	9.439766666666669e-06	8.705966666666668e-06	8.789933333333332e-06	9.470433333333333e-06	9.756900000000001e-06	9.73803333333333e-06	9.751666666666665e-06	9.839e-06	9.940533333333338e-06	9.987733333333341e-06	9.99463333333334e-06	9.996300000000005e-06	9.996666666666672e-06	9.996666666666672e-06
5200	9.865625000000006e-06	9.878343750000005e-06	9.886843750000003e-06	9.876562500000005e-06	9.862625000000003e-06	9.802093750000004e-06	9.7253125e-06	9.736562499999998e-06	9.772562500000003e-06	9.7364375e-06	9.710093750000005e-06	9.756656250000003e-06	9.822500000000003e-06	9.868250000000002e-06	9.853031250000003e-06	9.812312500000002e-06	9.849312500000003e-06	9.932250000000006e-06	9.968750000000009e-06
5300	9.87e-06	9.894833333333336e-06	9.914233333333336e-06	9.899133333333338e-06	9.883900000000002e-06	9.825900000000002e-06	9.749300000000002e-06	9.739966666666667e-06	9.752566666666669e-06	9.733633333333335e-06	9.709033333333335e-06	9.700300000000001e-06	9.742866666666668e-06	9.837733333333332e-06	9.853400000000001e-06	9.765066666666666e-06	9.750166666666669e-06	9.825566666666666e-06	9.863333333333334e-06
5400	9.88387096774194e-06	9.898741935483878e-06	9.908838709677424e-06	9.896419354838716e-06	9.875806451612903e-06	9.81741935483871e-06	9.739322580645165e-06	9.731548387096775e-06	9.753548387096773e-06	9.702612903225808e-06	9.624741935483872e-06	9.62516129032258e-06	9.735645161290323e-06	9.844967741935487e-06	9.804290322580646e-06	9.691000000000001e-06	9.673935483870967e-06	9.711483870967742e-06	9.72258064516129e-06
5500	9.996666666666672e-06	9.996666666666672e-06	9.996800000000004e-06	9.997666666666673e-06	9.979300000000001e-06	9.86196666666667e-06	9.720733333333333e-06	9.725733333333336e-06	9.778733333333333e-06	9.717400000000001e-06	9.636266666666664e-06	9.636900000000001e-06	9.678e-06	9.743633333333331e-06	9.29256666666667e-06	8.384966666666668e-06	8.451199999999998e-06	9.308666666666663e-06	9.683333333333331e-06
5600	1.0000000000000004e-05	1.0000000000000004e-05	1.0000000000000004e-05	9.999312500000002e-06	9.974968750000003e-06	9.856406250000005e-06	9.724593750000001e-06	9.72465625e-06	9.761187500000001e-06	9.712375000000004e-06	9.645250000000002e-06	9.633687499999998e-06	9.674281250000002e-06	9.753437500000001e-06	9.371718750000003e-06	8.66303125e-06	8.805031250000002e-06	9.467250000000007e-06	9.706250000000006e-06
5700	9.985294117647063e-06	9.983029411764713e-06	9.970147058823534e-06	9.939205882352949e-06	9.883117647058828e-06	9.131058823529414e-06	7.5787647058823554e-06	7.37114705882353e-06	8.777617647058828e-06	9.586323529411767e-06	9.645441176470591e-06	9.683617647058826e-06	9.704470588235298e-06	9.285470588235297e-06	7.973911764705882e-06	7.5210294117647045e-06	8.89164705882353e-06	9.871294117647062e-06	9.908823529411767e-06
5800	9.936666666666666e-06	9.929233333333335e-06	9.911099999999999e-06	9.899533333333334e-06	9.862233333333337e-06	9.389666666666666e-06	8.473233333333332e-06	8.339799999999998e-06	9.125000000000002e-06	9.584666666666663e-06	9.618366666666666e-06	9.6454e-06	9.683433333333335e-06	9.405633333333332e-06	8.418866666666665e-06	8.034966666666667e-06	9.087466666666669e-06	9.909133333333338e-06	9.980000000000004e-06
5900	9.928125000000004e-06	9.926281250000006e-06	9.906125000000005e-06	9.886562500000004e-06	9.862437500000002e-06	9.43778125e-06	8.5505e-06	8.378343750000002e-06	9.120093750000004e-06	9.567843750000001e-06	9.62040625e-06	9.68e-06	9.714906250000001e-06	9.48328125e-06	8.708312499999997e-06	8.39975e-06	9.22396875e-06	9.860968750000006e-06	9.900000000000007e-06
6000	9.996969696969698e-06	9.996969696969698e-06	9.985666666666673e-06	9.952000000000004e-06	9.880484848484849e-06	9.433575757575759e-06	8.33709090909091e-06	6.856757575757577e-06	4.614939393939395e-06	3.4940606060606062e-06	5.959939393939393e-06	8.883424242424242e-06	9.707060606060608e-06	9.43318181818182e-06	8.221090909090909e-06	7.5951515151515165e-06	8.852424242424242e-06	9.880242424242429e-06	9.936363636363643e-06
6100	1.0000000000000003e-05	9.99327586206897e-06	9.952620689655176e-06	9.885655172413793e-06	9.828793103448277e-06	9.106172413793104e-06	6.5663448275862055e-06	3.3552413793103456e-06	1.5003448275862073e-06	2.6235517241379312e-06	6.526793103448275e-06	9.25703448275862e-06	9.712793103448275e-06	9.484827586206898e-06	8.792793103448279e-06	8.59958620689655e-06	9.35393103448276e-06	9.89286206896552e-06	9.927586206896555e-06
6200	9.912903225806456e-06	9.921064516129037e-06	9.933516129032262e-06	9.903645161290327e-06	9.83835483870968e-06	8.904161290322583e-06	6.2946129032258086e-06	2.885516129032259e-06	8.151935483870969e-07	2.318870967741935e-06	6.240290322580646e-06	8.989548387096775e-06	9.70235483870968e-06	9.382806451612901e-06	7.924870967741934e-06	6.986935483870966e-06	8.351774193548388e-06	9.703580645161294e-06	9.877419354838712e-06
6300	9.987500000000007e-06	9.986375000000008e-06	9.956562500000006e-06	9.886687500000004e-06	9.826843750000004e-06	9.120937500000002e-06	6.729437499999999e-06	3.260718750000001e-06	9.14375e-07	1.9790000000000004e-06	5.883125e-06	8.933374999999998e-06	9.7555625e-06	9.326625000000003e-06	7.405343749999999e-06	6.1941874999999965e-06	7.938687500000002e-06	9.650156250000007e-06	9.868750000000006e-06
6400	9.996875000000004e-06	9.993218750000008e-06	9.956000000000006e-06	9.882593750000002e-06	9.818937500000004e-06	9.245718750000002e-06	7.11296875e-06	3.780124999999999e-06	1.19640625e-06	1.2971875e-06	4.630874999999999e-06	8.4045625e-06	9.850000000000004e-06	9.954343750000005e-06	9.994125000000005e-06	1.0000000000000004e-05	1.0000000000000004e-05	1.0000000000000004e-05	1.0000000000000004e-05
6500	9.948387096774198e-06	9.936935483870972e-06	9.912741935483871e-06	9.899548387096776e-06	9.869645161290324e-06	9.197967741935483e-06	6.663096774193548e-06	3.087e-06	8.825806451612902e-07	1.126741935483871e-06	4.281290322580645e-06	8.220709677419357e-06	9.843548387096779e-06	9.951387096774199e-06	9.972258064516136e-06	9.938000000000005e-06	9.933096774193552e-06	9.959645161290325e-06	9.970967741935486e-06
6600	9.940625000000004e-06	9.929125000000003e-06	9.907000000000004e-06	9.892406250000002e-06	9.859875000000004e-06	9.365750000000003e-06	7.42884375e-06	3.750625e-06	9.262500000000001e-07	1.2574687500000002e-06	4.283093750000001e-06	8.080812500000002e-06	9.861000000000004e-06	9.953093750000004e-06	9.972937500000005e-06	9.939812500000007e-06	9.932875000000004e-06	9.960593750000005e-06	9.975000000000005e-06
6700	9.966666666666672e-06	9.94696666666667e-06	9.916766666666666e-06	9.905466666666667e-06	9.875033333333336e-06	9.295733333333337e-06	7.181966666666666e-06	3.7715999999999996e-06	1.14e-06	1.5944666666666672e-06	5.149333333333334e-06	8.606233333333334e-06	9.803133333333336e-06	9.875933333333335e-06	9.901833333333336e-06	9.909533333333336e-06	9.926566666666669e-06	9.950366666666669e-06	9.956666666666669e-06
6800	9.956250000000001e-06	9.941906250000004e-06	9.916406250000003e-06	9.904968750000002e-06	9.876468750000004e-06	9.150031250000001e-06	6.71296875e-06	3.3450312500000002e-06	1.0954687500000003e-06	1.341875e-06	4.532374999999998e-06	8.2981875e-06	9.794125000000003e-06	9.872875000000005e-06	9.911437500000007e-06	9.920000000000003e-06	9.927437500000007e-06	9.951187500000006e-06	9.962500000000007e-06
6900	9.803333333333335e-06	9.79196666666667e-06	9.796300000000001e-06	9.845166666666668e-06	9.853000000000002e-06	8.641133333333334e-06	4.790899999999999e-06	1.0636e-06	0.0	1.1145333333333335e-06	4.870700000000001e-06	8.632800000000001e-06	9.804900000000002e-06	9.877366666666671e-06	9.918100000000003e-06	9.942833333333338e-06	9.958733333333339e-06	9.976566666666669e-06	9.983333333333335e-06
7000	9.773529411764713e-06	9.762441176470594e-06	9.782000000000004e-06	9.853970588235299e-06	9.856088235294122e-06	8.532970588235297e-06	5.108058823529411e-06	1.7629411764705888e-06	3.772058823529411e-07	8.954411764705881e-07	3.576588235294119e-06	7.168382352941176e-06	9.119558823529414e-06	9.599941176470588e-06	9.78367647058824e-06	9.869382352941182e-06	9.929676470588243e-06	9.960911764705888e-06	9.973529411764711e-06
7100	9.829032258064521e-06	9.803322580645166e-06	9.76725806451613e-06	9.7751935483871e-06	9.773806451612906e-06	7.709483870967743e-06	3.353064516129032e-06	5.206451612903226e-07	0.0	2.132903225806451e-07	1.8993548387096773e-06	5.7225161290322595e-06	8.979419354838713e-06	9.935161290322585e-06	9.9921935483871e-06	9.996774193548395e-06	9.991935483870975e-06	9.99032258064517e-06	9.99032258064517e-06
7200	9.773333333333335e-06	9.763166666666668e-06	9.755433333333333e-06	9.778900000000002e-06	9.627733333333334e-06	7.864233333333335e-06	3.840966666666667e-06	7.045000000000001e-07	0.0	6.338333333333335e-07	3.7563333333333325e-06	7.885999999999997e-06	9.66836666666667e-06	9.867533333333337e-06	9.95196666666667e-06	9.966633333333337e-06	9.937366666666667e-06	9.928366666666665e-06	9.936666666666666e-06
7300	9.933333333333337e-06	9.924700000000003e-06	9.882633333333334e-06	9.823600000000002e-06	9.694433333333338e-06	8.185033333333337e-06	4.224766666666668e-06	8.351666666666668e-07	0.0	9.316666666666668e-07	4.459866666666667e-06	8.358400000000001e-06	9.739100000000001e-06	9.868700000000004e-06	9.946800000000004e-06	9.962700000000005e-06	9.93106666666667e-06	9.915366666666668e-06	9.92e-06
7400	9.953333333333337e-06	9.948166666666669e-06	9.920100000000002e-06	9.867300000000003e-06	9.674766666666671e-06	7.718266666666667e-06	3.954766666666666e-06	9.925666666666668e-07	0.0	6.238333333333334e-07	2.9218666666666674e-06	6.694633333333334e-06	9.250333333333334e-06	9.813300000000001e-06	9.941900000000002e-06	9.931066666666669e-06	9.883466666666671e-06	9.891400000000003e-06	9.913333333333334e-06
7500	9.928125000000004e-06	9.921000000000007e-06	9.882156250000005e-06	9.824562500000003e-06	9.498468750000002e-06	7.520624999999999e-06	3.5076249999999997e-06	5.86125e-07	0.0	1.1875000000000003e-07	6.830937500000001e-07	2.4849374999999994e-06	6.0270625e-06	9.034312500000003e-06	9.897906250000004e-06	9.922000000000006e-06	9.879468750000002e-06	9.87284375e-06	9.890625000000002e-06
7600	9.941176470588241e-06	9.918294117647066e-06	9.837176470588238e-06	9.747647058823533e-06	9.378617647058824e-06	6.823500000000001e-06	2.5715588235294116e-06	2.685e-07	0.0	4.414705882352941e-07	1.1988823529411764e-06	2.3660294117647064e-06	5.165617647058822e-06	8.368676470588237e-06	9.794294117647065e-06	9.940088235294123e-06	9.880411764705888e-06	9.856764705882357e-06	9.867647058823535e-06
7700	9.85e-06	9.873733333333333e-06	9.892000000000001e-06	9.819700000000004e-06	9.643466666666667e-06	7.777533333333333e-06	3.5680999999999998e-06	5.576e-07	0.0	0.0	0.0	3.469666666666668e-07	3.081366666666666e-06	7.494133333333335e-06	9.735700000000002e-06	9.928600000000002e-06	9.8657e-06	9.833066666666669e-06	9.84e-06
7800	9.954838709677424e-06	9.962645161290326e-06	9.971000000000005e-06	9.941935483870972e-06	9.731548387096777e-06	8.06116129032258e-06	4.08241935483871e-06	7.966451612903227e-07	0.0	0.0	0.0	3.3899999999999995e-07	3.243354838709677e-06	7.760548387096772e-06	9.820483870967747e-06	9.916387096774197e-06	9.871322580645165e-06	9.851483870967748e-06	9.864516129032263e-06
7900	9.958064516129039e-06	9.96187096774194e-06	9.940741935483875e-06	9.868354838709682e-06	9.682129032258067e-06	8.37796774193548e-06	4.700548387096774e-06	1.0942580645161291e-06	0.0	0.0	0.0	4.69741935483871e-07	3.508677419354838e-06	7.869612903225807e-06	9.750419354838711e-06	9.847580645161293e-06	9.846451612903228e-06	9.855709677419356e-06	9.874193548387096e-06
8000	9.881250000000003e-06	9.907500000000008e-06	9.931250000000008e-06	9.880281250000003e-06	9.733375000000002e-06	8.090406250000002e-06	4.0296249999999996e-06	7.566875000000001e-07	0.0	0.0	0.0	5.920000000000001e-07	3.6553749999999993e-06	7.852875e-06	9.733937500000004e-06	9.888593750000002e-06	9.866375000000003e-06	9.848781250000003e-06	9.853125000000006e-06
8100	9.930303030303036e-06	9.937939393939398e-06	9.927939393939398e-06	9.865878787878792e-06	9.604545454545456e-06	8.199818181818183e-06	4.221242424242424e-06	7.152424242424242e-07	0.0	0.0	0.0	6.127878787878788e-07	4.160545454545454e-06	8.412515151515152e-06	9.81678787878788e-06	9.92115151515152e-06	9.960666666666673e-06	9.987000000000008e-06	9.9909090909091e-06
8200	9.984375000000006e-06	9.989187500000003e-06	9.976093750000007e-06	9.923000000000001e-06	9.832156250000004e-06	7.919875e-06	3.7283437499999996e-06	6.967187500000002e-07	0.0	0.0	4.453125000000002e-08	8.413750000000004e-07	3.6844374999999995e-06	7.597031250000002e-06	9.692937500000006e-06	9.983468750000005e-06	9.999968750000004e-06	1.0000000000000004e-05	1.0000000000000004e-05
8300	9.980645161290329e-06	9.982580645161293e-06	9.964387096774199e-06	9.919354838709682e-06	9.73283870967742e-06	7.644612903225808e-06	3.710935483870969e-06	8.519354838709678e-07	0.0	0.0	0.0	5.290645161290323e-07	3.0791612903225807e-06	7.358129032258065e-06	9.78361290322581e-06	9.953483870967746e-06	9.934225806451616e-06	9.901483870967747e-06	9.890322580645166e-06
8400	9.986206896551727e-06	9.989517241379314e-06	9.972724137931037e-06	9.921896551724143e-06	9.683620689655172e-06	7.66396551724138e-06	3.4564137931034477e-06	5.304827586206897e-07	0.0	0.0	4.913793103448276e-08	1.1801724137931036e-06	4.718034482758621e-06	8.44855172413793e-06	9.83844827586207e-06	9.9558275862069e-06	9.934241379310349e-06	9.90186206896552e-06	9.893103448275862e-06
8500	1.0000000000000004e-05	1.0000000000000004e-05	9.991967741935488e-06	9.948064516129037e-06	9.524161290322583e-06	7.105516129032258e-06	3.151612903225807e-06	6.141612903225806e-07	0.0	0.0	2.1451612903225806e-08	5.648709677419355e-07	3.1724838709677426e-06	7.370161290322583e-06	9.688419354838713e-06	9.92470967741936e-06	9.936419354838713e-06	9.905806451612908e-06	9.893548387096778e-06
8600	1.0000000000000004e-05	9.999645161290328e-06	9.973677419354843e-06	9.905064516129038e-06	9.424193548387097e-06	7.23667741935484e-06	3.1924516129032265e-06	4.489354838709678e-07	0.0	0.0	4.596774193548387e-08	3.6409677419354833e-07	3.141967741935483e-06	7.573032258064515e-06	9.69683870967742e-06	9.927806451612909e-06	9.941483870967747e-06	9.914548387096775e-06	9.906451612903227e-06
8700	1.0000000000000003e-05	9.999566666666672e-06	9.98063333333334e-06	9.903233333333335e-06	9.444600000000001e-06	6.727366666666667e-06	2.4681e-06	2.631666666666667e-07	0.0	0.0	1.456666666666667e-07	2.4280666666666667e-06	6.756733333333333e-06	9.451933333333335e-06	9.975100000000002e-06	9.972033333333337e-06	9.933533333333336e-06	9.925666666666669e-06	9.933333333333335e-06
8800	1.0000000000000004e-05	9.999193548387104e-06	9.962225806451618e-06	9.856096774193551e-06	9.324032258064517e-06	6.946774193548387e-06	2.8105161290322592e-06	2.9470967741935486e-07	0.0	0.0	1.1032258064516128e-07	1.7774193548387098e-06	5.921290322580647e-06	9.232258064516133e-06	9.97361290322581e-06	9.96887096774194e-06	9.92245161290323e-06	9.895903225806456e-06	9.893548387096778e-06
8900	9.946666666666669e-06	9.93746666666667e-06	9.881466666666668e-06	9.789533333333337e-06	9.449533333333333e-06	7.531766666666667e-06	3.528833333333333e-06	5.744000000000001e-07	0.0	0.0	1.2983333333333334e-07	1.8093000000000006e-06	5.944633333333335e-06	9.247366666666672e-06	9.982200000000002e-06	9.999233333333338e-06	9.997566666666672e-06	9.996666666666672e-06	9.996666666666672e-06
9000	9.965517241379316e-06	9.946758620689656e-06	9.895172413793104e-06	9.522620689655173e-06	8.051448275862068e-06	4.599379310344828e-06	1.165586206896552e-06	2.620689655172414e-08	0.0	0.0	1.1465517241379311e-07	2.396379310344827e-06	6.715344827586209e-06	9.408275862068969e-06	9.966034482758626e-06	9.980379310344833e-06	9.971275862068968e-06	9.95986206896552e-06	9.955172413793104e-06
9100	9.96451612903226e-06	9.95145161290323e-06	9.904612903225809e-06	9.836612903225809e-06	8.39974193548387e-06	4.955580645161293e-06	1.4600967741935485e-06	3.0645161290322582e-09	0.0	0.0	0.0	1.1708387096774197e-06	5.207161290322581e-06	8.987258064516131e-06	9.933064516129038e-06	9.975225806451618e-06	9.960064516129036e-06	9.92503225806452e-06	9.916129032258066e-06
9200	9.95757575757576e-06	9.945424242424248e-06	9.904000000000002e-06	9.830727272727276e-06	8.62866666666667e-06	5.099545454545456e-06	1.372878787878788e-06	8.636363636363638e-09	0.0	0.0	1.9287878787878793e-07	1.585333333333334e-06	5.067242424242424e-06	8.567090909090907e-06	9.833909090909096e-06	9.857545454545459e-06	9.804393939393941e-06	9.782393939393942e-06	9.787878787878788e-06
9300	9.975862068965517e-06	9.95986206896552e-06	9.905620689655173e-06	9.815862068965517e-06	9.152931034482759e-06	6.268379310344827e-06	2.007448275862069e-06	9.827586206896553e-09	0.0	0.0	1.2120689655172412e-07	2.2497586206896554e-06	6.7398620689655164e-06	9.556275862068968e-06	9.90644827586207e-06	9.907793103448277e-06	9.87124137931035e-06	9.845620689655173e-06	9.84137931034483e-06
9400	9.938709677419356e-06	9.92945161290323e-06	9.897225806451615e-06	9.619580645161293e-06	7.173064516129036e-06	2.9455806451612905e-06	4.5496774193548395e-07	0.0	0.0	0.0	5.82258064516129e-08	1.5315806451612906e-06	5.531645161290324e-06	8.997064516129034e-06	9.904903225806455e-06	9.92270967741936e-06	9.88483870967742e-06	9.849225806451613e-06	9.84193548387097e-06
9500	9.874193548387096e-06	9.873774193548384e-06	9.86974193548387e-06	9.613290322580649e-06	6.823935483870969e-06	2.3830967741935483e-06	2.3938709677419354e-07	0.0	0.0	0.0	1.2870967741935483e-07	1.510870967741936e-06	5.419e-06	8.987258064516127e-06	9.932838709677424e-06	9.970967741935487e-06	9.950096774193552e-06	9.91477419354839e-06	9.906451612903227e-06
9600	9.9e-06	9.899741935483871e-06	9.880741935483872e-06	9.131677419354843e-06	5.625903225806453e-06	1.575483870967742e-06	1.5025806451612903e-07	0.0	0.0	0.0	0.0	6.743225806451614e-07	4.04483870967742e-06	8.043354838709679e-06	9.57316129032258e-06	9.787967741935488e-06	9.712322580645163e-06	9.637580645161292e-06	9.625806451612905e-06
9700	9.958064516129039e-06	9.944870967741942e-06	9.89725806451613e-06	9.229290322580649e-06	6.344096774193551e-06	2.1599354838709675e-06	1.1370967741935484e-07	0.0	0.0	0.0	1.2258064516129033e-08	7.305161290322582e-07	3.617354838709678e-06	7.6228387096774195e-06	9.614645161290326e-06	9.755000000000002e-06	9.613741935483871e-06	9.236741935483871e-06	8.974193548387098e-06
9800	9.923333333333337e-06	9.920700000000003e-06	9.892300000000002e-06	9.407199999999999e-06	6.6122999999999985e-06	2.2716333333333334e-06	1.3326666666666668e-07	0.0	0.0	0.0	5.066666666666668e-08	1.0883e-06	4.396900000000001e-06	8.203300000000002e-06	9.819100000000004e-06	9.940533333333338e-06	9.90686666666667e-06	9.871400000000003e-06	9.860000000000004e-06
9900	9.930000000000003e-06	9.927300000000004e-06	9.89956666666667e-06	9.216566666666666e-06	6.18623333333333e-06	2.0465000000000002e-06	1.3956666666666668e-07	0.0	0.0	0.0	0.0	7.680000000000001e-08	1.866733333333333e-06	5.8949e-06	9.000066666666665e-06	9.762600000000002e-06	9.6774e-06	9.604899999999997e-06	9.589999999999996e-06
10000	9.937500000000003e-06	9.934156250000004e-06	9.895343750000005e-06	9.326000000000004e-06	6.041750000000003e-06	1.7468750000000003e-06	1.011875e-07	0.0	0.0	0.0	0.0	1.7293750000000008e-07	2.5955625e-06	6.7200937500000015e-06	9.231093750000002e-06	9.919468750000005e-06	9.969968750000004e-06	9.957562500000005e-06	9.946875000000003e-06
