	site
generation	50	100	150	200	250	300	350	400	450	500	550	600	650	700	750	800	850	900	950
0	1.0000000000000004e-05	1.0000000000000004e-05	1.0000000000000004e-05	1.0000000000000004e-05	1.0000000000000004e-05	1.0000000000000004e-05	1.0000000000000004e-05	1.0000000000000004e-05	1.0000000000000004e-05	1.0000000000000004e-05	1.0000000000000004e-05	1.0000000000000004e-05	1.0000000000000004e-05	1.0000000000000004e-05	1.0000000000000004e-05	1.0000000000000004e-05	1.0000000000000004e-05	1.0000000000000004e-05	1.0000000000000004e-05
100	9.94193548387097e-06	9.956935483870975e-06	9.985870967741939e-06	9.999903225806457e-06	1.0000000000000004e-05	1.0000000000000004e-05	1.0000000000000004e-05	1.0000000000000004e-05	1.0000000000000004e-05	9.999000000000009e-06	9.995774193548396e-06	9.99454838709678e-06	9.997129032258071e-06	9.99774193548388e-06	9.997419354838716e-06	9.99903225806452e-06	1.0000000000000004e-05	1.0000000000000004e-05	1.0000000000000004e-05
200	9.936363636363641e-06	9.95306060606061e-06	9.984818181818186e-06	9.999939393939398e-06	1.0000000000000004e-05	1.0000000000000004e-05	1.0000000000000004e-05	1.0000000000000004e-05	1.0000000000000004e-05	1.0000000000000004e-05	1.0000000000000004e-05	1.0000000000000004e-05	9.985666666666673e-06	9.924818181818186e-06	9.85775757575758e-06	9.882484848484852e-06	9.962636363636367e-06	9.998757575757578e-06	1.0000000000000004e-05
300	1.0000000000000004e-05	1.0000000000000004e-05	1.0000000000000004e-05	1.0000000000000004e-05	1.0000000000000004e-05	9.999500000000003e-06	9.996343750000004e-06	9.992656250000005e-06	9.994281250000007e-06	9.998468750000004e-06	1.0000000000000004e-05	1.0000000000000004e-05	1.0000000000000004e-05	1.0000000000000004e-05	1.0000000000000004e-05	1.0000000000000004e-05	9.998406250000006e-06	9.995281250000008e-06	9.993750000000009e-06
400	1.0000000000000004e-05	1.0000000000000004e-05	1.0000000000000004e-05	1.0000000000000004e-05	1.0000000000000004e-05	1.0000000000000004e-05	1.0000000000000004e-05	1.0000000000000004e-05	1.0000000000000004e-05	1.0000000000000004e-05	1.0000000000000004e-05	9.998741935483877e-06	9.990838709677424e-06	9.974451612903229e-06	9.970903225806456e-06	9.987967741935487e-06	9.994741935483876e-06	9.982419354838712e-06	9.974193548387097e-06
500	9.906250000000002e-06	9.908906250000005e-06	9.935750000000004e-06	9.940218750000005e-06	9.845312500000006e-06	9.774718750000003e-06	9.830250000000003e-06	9.867218750000002e-06	9.826000000000004e-06	9.816625000000004e-06	9.859125000000004e-06	9.896125000000002e-06	9.918312500000004e-06	9.921656250000002e-06	9.928218750000002e-06	9.962968750000007e-06	9.971718750000006e-06	9.945000000000004e-06	9.931250000000003e-06
600	9.92e-06	9.924333333333336e-06	9.94746666666667e-06	9.9613e-06	9.938233333333338e-06	9.9312e-06	9.942000000000004e-06	9.924900000000002e-06	9.917733333333337e-06	9.949400000000003e-06	9.963600000000004e-06	9.914500000000005e-06	9.855700000000005e-06	9.837300000000007e-06	9.838066666666668e-06	9.881866666666671e-06	9.957166666666667e-06	9.986833333333336e-06	9.983333333333335e-06
700	9.996666666666672e-06	9.997666666666669e-06	9.999333333333336e-06	1.0000000000000003e-05	1.0000000000000003e-05	1.0000000000000003e-05	1.0000000000000003e-05	9.998000000000005e-06	9.994666666666674e-06	9.995333333333337e-06	9.99866666666667e-06	1.0000000000000003e-05	1.0000000000000003e-05	1.0000000000000003e-05	1.0000000000000003e-05	1.0000000000000003e-05	1.0000000000000003e-05	1.0000000000000003e-05	1.0000000000000003e-05
800	1.0000000000000004e-05	1.0000000000000004e-05	1.0000000000000004e-05	1.0000000000000004e-05	1.0000000000000004e-05	1.0000000000000004e-05	9.998580645161297e-06	9.995354838709686e-06	9.990096774193554e-06	9.986870967741941e-06	9.991967741935491e-06	9.998419354838713e-06	1.0000000000000004e-05	1.0000000000000004e-05	1.0000000000000004e-05	1.0000000000000004e-05	1.0000000000000004e-05	1.0000000000000004e-05	1.0000000000000004e-05
900	1.000000000000001e-05	1.000000000000001e-05	1.000000000000001e-05	1.000000000000001e-05	1.000000000000001e-05	9.99905882352942e-06	9.99638235294118e-06	9.989970588235295e-06	9.986500000000008e-06	9.993323529411773e-06	9.999470588235304e-06	1.000000000000001e-05	1.000000000000001e-05	1.000000000000001e-05	1.000000000000001e-05	1.000000000000001e-05	9.998970588235303e-06	9.996029411764715e-06	9.994117647058832e-06
1000	9.89666666666667e-06	9.897266666666666e-06	9.920400000000004e-06	9.971266666666669e-06	9.995700000000003e-06	9.968900000000002e-06	9.911200000000001e-06	9.820866666666671e-06	9.762699999999999e-06	9.824366666666672e-06	9.915366666666668e-06	9.92736666666667e-06	9.921200000000003e-06	9.958533333333336e-06	9.993633333333337e-06	9.999966666666669e-06	1.0000000000000003e-05	1.0000000000000003e-05	1.0000000000000003e-05
1100	9.903333333333336e-06	9.912266666666668e-06	9.945100000000006e-06	9.984433333333337e-06	9.99456666666667e-06	9.962500000000003e-06	9.901433333333333e-06	9.829100000000002e-06	9.77246666666667e-06	9.788000000000004e-06	9.846800000000004e-06	9.870733333333334e-06	9.891033333333337e-06	9.943233333333337e-06	9.983466666666667e-06	9.973633333333334e-06	9.938200000000003e-06	9.927500000000001e-06	9.933333333333337e-06
1200	9.983870967741943e-06	9.983000000000006e-06	9.98690322580646e-06	9.995419354838715e-06	9.999580645161294e-06	9.995258064516139e-06	9.983548387096776e-06	9.964290322580653e-06	9.943483870967748e-06	9.946322580645166e-06	9.9661935483871e-06	9.968096774193554e-06	9.958580645161294e-06	9.96796774193549e-06	9.989451612903233e-06	9.992967741935493e-06	9.983032258064522e-06	9.979709677419362e-06	9.980645161290329e-06
1300	1.0000000000000004e-05	9.999580645161296e-06	9.997967741935492e-06	9.997193548387103e-06	9.997419354838716e-06	9.971967741935488e-06	9.927387096774194e-06	9.930677419354845e-06	9.974000000000005e-06	9.99735483870968e-06	9.99929032258065e-06	9.975870967741942e-06	9.931096774193553e-06	9.901290322580649e-06	9.894548387096777e-06	9.922387096774196e-06	9.969806451612911e-06	9.993580645161297e-06	9.996774193548395e-06
1400	1.0000000000000004e-05	1.0000000000000004e-05	1.0000000000000004e-05	1.0000000000000004e-05	9.999806451612909e-06	9.987354838709679e-06	9.956000000000006e-06	9.942483870967744e-06	9.951064516129039e-06	9.932193548387101e-06	9.892000000000001e-06	9.853709677419358e-06	9.821838709677424e-06	9.848774193548389e-06	9.933354838709684e-06	9.975483870967745e-06	9.953935483870973e-06	9.93412903225807e-06	9.932258064516135e-06
1500	9.963636363636373e-06	9.974515151515155e-06	9.99118181818182e-06	9.997818181818187e-06	9.994151515151523e-06	9.984272727272733e-06	9.98251515151516e-06	9.990757575757578e-06	9.996181818181822e-06	9.997696969696974e-06	9.999212121212124e-06	1.0000000000000004e-05	1.0000000000000004e-05	1.0000000000000004e-05	1.0000000000000004e-05	1.0000000000000004e-05	1.0000000000000004e-05	1.0000000000000004e-05	1.0000000000000004e-05
1600	1.0000000000000004e-05	1.0000000000000004e-05	1.0000000000000004e-05	9.998500000000004e-06	9.996937500000005e-06	9.998375000000004e-06	9.999937500000005e-06	1.0000000000000004e-05	1.0000000000000004e-05	1.0000000000000004e-05	1.0000000000000004e-05	1.0000000000000004e-05	1.0000000000000004e-05	9.999750000000004e-06	9.998187500000004e-06	9.997125000000006e-06	9.998687500000004e-06	1.0000000000000004e-05	1.0000000000000004e-05
1700	9.996875000000004e-06	9.996875000000004e-06	9.997937500000006e-06	9.999500000000003e-06	1.0000000000000004e-05	1.0000000000000004e-05	1.0000000000000004e-05	1.0000000000000004e-05	9.986375000000008e-06	9.950187500000006e-06	9.930562500000004e-06	9.956062500000005e-06	9.989312500000004e-06	1.0000000000000004e-05	1.0000000000000004e-05	1.0000000000000004e-05	9.998437500000005e-06	9.990625000000006e-06	9.984375000000006e-06
1800	9.94411764705883e-06	9.953705882352947e-06	9.967352941176474e-06	9.97955882352942e-06	9.99385294117648e-06	9.998882352941185e-06	9.996117647058832e-06	9.993676470588239e-06	9.976088235294123e-06	9.919147058823534e-06	9.86838235294118e-06	9.890352941176476e-06	9.951294117647065e-06	9.989117647058833e-06	9.999294117647069e-06	9.999205882352952e-06	9.984294117647065e-06	9.946852941176473e-06	9.92352941176471e-06
1900	9.90303030303031e-06	9.904939393939398e-06	9.914060606060615e-06	9.94615151515152e-06	9.985515151515155e-06	9.997969696969704e-06	9.993424242424249e-06	9.992727272727278e-06	9.978969696969701e-06	9.89009090909091e-06	9.778242424242427e-06	9.811666666666671e-06	9.940272727272733e-06	9.998454545454549e-06	1.0000000000000004e-05	9.998909090909095e-06	9.992090909090914e-06	9.97651515151516e-06	9.966666666666672e-06
2000	9.906451612903227e-06	9.906e-06	9.924645161290324e-06	9.967677419354843e-06	9.995806451612907e-06	9.997225806451624e-06	9.994000000000008e-06	9.994838709677427e-06	9.951612903225812e-06	9.837096774193552e-06	9.769032258064518e-06	9.82525806451613e-06	9.896612903225808e-06	9.915548387096779e-06	9.940419354838716e-06	9.975903225806458e-06	9.982064516129039e-06	9.96045161290323e-06	9.945161290322583e-06
2100	9.9e-06	9.891064516129036e-06	9.867967741935487e-06	9.881096774193552e-06	9.927838709677425e-06	9.933741935483873e-06	9.926258064516132e-06	9.955612903225812e-06	9.953193548387101e-06	9.859225806451616e-06	9.778612903225809e-06	9.826903225806453e-06	9.933419354838716e-06	9.976935483870971e-06	9.968580645161294e-06	9.966483870967742e-06	9.966806451612908e-06	9.962258064516134e-06	9.96129032258065e-06
2200	9.903225806451614e-06	9.88951612903226e-06	9.8611935483871e-06	9.878129032258066e-06	9.929935483870971e-06	9.933967741935486e-06	9.922225806451615e-06	9.950838709677424e-06	9.956709677419359e-06	9.872064516129033e-06	9.786903225806454e-06	9.82451612903226e-06	9.90503225806452e-06	9.921580645161293e-06	9.932806451612908e-06	9.949322580645168e-06	9.915322580645165e-06	9.875677419354846e-06	9.867741935483877e-06
2300	9.99354838709678e-06	9.994580645161295e-06	9.997806451612908e-06	1.0000000000000004e-05	1.0000000000000004e-05	1.0000000000000004e-05	1.0000000000000004e-05	1.0000000000000004e-05	1.0000000000000004e-05	1.0000000000000004e-05	1.0000000000000004e-05	9.999258064516136e-06	9.995000000000008e-06	9.987935483870977e-06	9.985161290322586e-06	9.989193548387106e-06	9.994612903225815e-06	9.996774193548395e-06	9.996774193548395e-06
2400	1.0000000000000003e-05	1.0000000000000003e-05	1.0000000000000003e-05	1.0000000000000003e-05	1.0000000000000003e-05	1.0000000000000003e-05	1.0000000000000003e-05	1.0000000000000003e-05	1.0000000000000003e-05	9.99734482758621e-06	9.993896551724138e-06	9.995758620689659e-06	9.999206896551727e-06	9.998482758620695e-06	9.98951724137931e-06	9.977448275862073e-06	9.967724137931037e-06	9.95544827586207e-06	9.948275862068969e-06
2500	9.951612903225812e-06	9.935903225806453e-06	9.922129032258068e-06	9.952064516129037e-06	9.989032258064523e-06	9.997387096774202e-06	9.997774193548392e-06	9.999387096774196e-06	9.989580645161295e-06	9.95103225806452e-06	9.921870967741937e-06	9.948967741935488e-06	9.988548387096778e-06	1.0000000000000004e-05	1.0000000000000004e-05	1.0000000000000004e-05	9.9921935483871e-06	9.972838709677425e-06	9.96129032258065e-06
2600	9.946666666666669e-06	9.937200000000002e-06	9.936133333333335e-06	9.96526666666667e-06	9.993000000000002e-06	1.0000000000000003e-05	1.0000000000000003e-05	9.98873333333334e-06	9.953866666666668e-06	9.904000000000002e-06	9.890400000000001e-06	9.940600000000004e-06	9.986800000000007e-06	9.983266666666671e-06	9.961600000000005e-06	9.954433333333338e-06	9.956633333333336e-06	9.949933333333338e-06	9.943333333333339e-06
2700	9.993939393939399e-06	9.988212121212127e-06	9.957727272727277e-06	9.925363636363641e-06	9.942393939393944e-06	9.98266666666667e-06	9.999151515151518e-06	1.0000000000000004e-05	9.999848484848486e-06	9.985939393939402e-06	9.937212121212127e-06	9.897333333333338e-06	9.927060606060613e-06	9.98036363636364e-06	9.999515151515157e-06	1.0000000000000004e-05	1.0000000000000004e-05	1.0000000000000004e-05	1.0000000000000004e-05
2800	9.764516129032264e-06	9.782483870967747e-06	9.825548387096775e-06	9.897000000000002e-06	9.967709677419359e-06	9.99603225806452e-06	1.0000000000000004e-05	1.0000000000000004e-05	1.0000000000000004e-05	9.996451612903233e-06	9.973870967741943e-06	9.912903225806456e-06	9.851387096774197e-06	9.850096774193552e-06	9.895741935483876e-06	9.940322580645167e-06	9.961903225806455e-06	9.962161290322587e-06	9.958064516129039e-06
2900	1.0000000000000004e-05	1.0000000000000004e-05	1.0000000000000004e-05	1.0000000000000004e-05	1.0000000000000004e-05	1.0000000000000004e-05	1.0000000000000004e-05	1.0000000000000004e-05	1.0000000000000004e-05	1.0000000000000004e-05	1.0000000000000004e-05	1.0000000000000004e-05	1.0000000000000004e-05	1.0000000000000004e-05	1.0000000000000004e-05	1.0000000000000004e-05	9.999187500000005e-06	9.996062500000008e-06	9.993750000000009e-06
3000	1.0000000000000004e-05	1.0000000000000004e-05	1.0000000000000004e-05	1.0000000000000004e-05	9.998750000000005e-06	9.997187500000004e-06	9.997781250000003e-06	9.995718750000008e-06	9.988250000000007e-06	9.986125000000004e-06	9.993343750000006e-06	9.999093750000005e-06	1.0000000000000004e-05	1.0000000000000004e-05	1.0000000000000004e-05	9.997937500000006e-06	9.991937500000004e-06	9.986187500000007e-06	9.984375000000006e-06
3100	9.996969696969698e-06	9.996969696969698e-06	9.996969696969698e-06	9.996424242424247e-06	9.993545454545462e-06	9.98457575757576e-06	9.97724242424243e-06	9.984696969696974e-06	9.99587878787879e-06	9.996909090909094e-06	9.99469696969697e-06	9.99675757575758e-06	9.999515151515157e-06	1.0000000000000004e-05	9.999727272727274e-06	9.997181818181822e-06	9.994424242424247e-06	9.993939393939399e-06	9.993939393939399e-06
3200	9.996875000000004e-06	9.996875000000004e-06	9.995250000000004e-06	9.992125000000004e-06	9.988062500000006e-06	9.967781250000003e-06	9.935281250000007e-06	9.937968750000003e-06	9.958718750000003e-06	9.943531250000008e-06	9.934843750000005e-06	9.966031250000006e-06	9.993718750000004e-06	1.0000000000000004e-05	1.0000000000000004e-05	1.0000000000000004e-05	1.0000000000000004e-05	1.0000000000000004e-05	1.0000000000000004e-05
3300	9.960606060606069e-06	9.954030303030308e-06	9.920818181818186e-06	9.893060606060611e-06	9.920696969696976e-06	9.97266666666667e-06	9.996121212121219e-06	9.980606060606068e-06	9.939939393939399e-06	9.901454545454548e-06	9.907939393939396e-06	9.95733333333334e-06	9.993333333333338e-06	1.0000000000000004e-05	1.0000000000000004e-05	1.0000000000000004e-05	1.0000000000000004e-05	1.0000000000000004e-05	1.0000000000000004e-05
3400	9.98125e-06	9.975625000000007e-06	9.948031250000006e-06	9.926593750000005e-06	9.949375000000008e-06	9.982781250000004e-06	9.996000000000002e-06	9.988750000000007e-06	9.958031250000006e-06	9.930812500000008e-06	9.939281250000007e-06	9.960937500000004e-06	9.969343750000006e-06	9.976937500000005e-06	9.988281250000006e-06	9.983125000000008e-06	9.963031250000007e-06	9.957687500000004e-06	9.962500000000007e-06
3500	9.86774193548387e-06	9.864354838709679e-06	9.844741935483873e-06	9.84135483870968e-06	9.902483870967746e-06	9.972354838709683e-06	9.99629032258065e-06	9.985419354838715e-06	9.92635483870968e-06	9.864451612903225e-06	9.884612903225807e-06	9.95012903225807e-06	9.98970967741936e-06	1.0000000000000004e-05	9.99654838709678e-06	9.976193548387103e-06	9.937451612903227e-06	9.917483870967743e-06	9.91935483870968e-06
3600	9.853125000000006e-06	9.858312500000003e-06	9.85065625e-06	9.849687499999999e-06	9.902031250000005e-06	9.967437500000003e-06	9.989468750000006e-06	9.966843750000006e-06	9.915312500000004e-06	9.873000000000002e-06	9.889968750000006e-06	9.948375000000006e-06	9.989656250000004e-06	1.0000000000000004e-05	9.997500000000004e-06	9.978718750000006e-06	9.946968750000006e-06	9.931375000000005e-06	9.931250000000003e-06
3700	9.87e-06	9.860866666666669e-06	9.834166666666668e-06	9.840066666666667e-06	9.90896666666667e-06	9.975500000000003e-06	9.997333333333338e-06	9.978633333333336e-06	9.919733333333336e-06	9.8702e-06	9.889233333333339e-06	9.947833333333338e-06	9.98866666666667e-06	1.0000000000000003e-05	9.99706666666667e-06	9.971733333333337e-06	9.929633333333336e-06	9.91663333333334e-06	9.923333333333337e-06
3800	9.846875e-06	9.834843750000002e-06	9.780593750000004e-06	9.76675e-06	9.872843750000004e-06	9.973593750000003e-06	9.998312500000003e-06	1.0000000000000004e-05	1.0000000000000004e-05	1.0000000000000004e-05	9.999000000000004e-06	9.997437500000005e-06	9.997875000000005e-06	9.999031250000003e-06	9.982718750000007e-06	9.947343750000007e-06	9.935781250000003e-06	9.951250000000006e-06	9.959375000000007e-06
3900	9.848275862068966e-06	9.835551724137932e-06	9.805965517241382e-06	9.82448275862069e-06	9.904620689655172e-06	9.973172413793106e-06	9.996862068965524e-06	9.98837931034483e-06	9.977827586206902e-06	9.984034482758623e-06	9.996206896551727e-06	1.0000000000000003e-05	1.0000000000000003e-05	9.998517241379317e-06	9.980103448275868e-06	9.929448275862075e-06	9.89972413793104e-06	9.920827586206897e-06	9.93793103448276e-06
4000	9.856666666666667e-06	9.849300000000002e-06	9.806833333333336e-06	9.782533333333335e-06	9.843200000000001e-06	9.932500000000004e-06	9.984633333333336e-06	9.99866666666667e-06	1.0000000000000003e-05	9.998033333333338e-06	9.977833333333338e-06	9.94266666666667e-06	9.941400000000001e-06	9.974000000000006e-06	9.975333333333338e-06	9.944400000000003e-06	9.94466666666667e-06	9.96846666666667e-06	9.976666666666669e-06
4100	9.893750000000005e-06	9.890781250000004e-06	9.857562500000003e-06	9.827218750000004e-06	9.868281250000002e-06	9.940500000000004e-06	9.982937500000007e-06	9.993500000000007e-06	9.993187500000004e-06	9.994656250000005e-06	9.980062500000004e-06	9.953125000000005e-06	9.957375000000004e-06	9.983843750000006e-06	9.976531250000004e-06	9.947468750000004e-06	9.954718750000003e-06	9.983312500000007e-06	9.993750000000009e-06
4200	9.974193548387097e-06	9.973129032258064e-06	9.978258064516135e-06	9.991354838709683e-06	9.999129032258067e-06	9.997096774193557e-06	9.990903225806457e-06	9.985741935483877e-06	9.983193548387101e-06	9.984258064516135e-06	9.985677419354845e-06	9.98354838709678e-06	9.982741935483877e-06	9.983741935483876e-06	9.981387096774199e-06	9.979935483870974e-06	9.980741935483876e-06	9.980645161290329e-06	9.980645161290329e-06
4300	9.92666666666667e-06	9.923666666666671e-06	9.937666666666668e-06	9.97296666666667e-06	9.995633333333336e-06	9.99606666666667e-06	9.984000000000005e-06	9.975033333333337e-06	9.973100000000005e-06	9.972833333333337e-06	9.975833333333335e-06	9.97596666666667e-06	9.969633333333339e-06	9.966e-06	9.973733333333336e-06	9.983566666666667e-06	9.982533333333338e-06	9.976033333333338e-06	9.973333333333338e-06
4400	9.983333333333335e-06	9.983533333333335e-06	9.970000000000003e-06	9.940133333333335e-06	9.934133333333339e-06	9.946133333333333e-06	9.928500000000005e-06	9.903233333333335e-06	9.898866666666668e-06	9.870600000000003e-06	9.656733333333337e-06	9.415400000000003e-06	9.540400000000004e-06	9.816300000000001e-06	9.916866666666668e-06	9.894966666666671e-06	9.83466666666667e-06	9.793200000000001e-06	9.783333333333332e-06
4500	9.996774193548395e-06	9.996774193548395e-06	9.996967741935492e-06	9.998580645161294e-06	1.0000000000000004e-05	1.0000000000000004e-05	1.0000000000000004e-05	1.0000000000000004e-05	1.0000000000000004e-05	1.0000000000000004e-05	1.0000000000000004e-05	1.0000000000000004e-05	1.0000000000000004e-05	1.0000000000000004e-05	1.0000000000000004e-05	1.0000000000000004e-05	1.0000000000000004e-05	1.0000000000000004e-05	1.0000000000000004e-05
4600	9.990625000000004e-06	9.989531250000007e-06	9.991093750000006e-06	9.995906250000004e-06	9.997468750000003e-06	9.993656250000006e-06	9.988968750000007e-06	9.990875000000006e-06	9.997125000000005e-06	1.0000000000000004e-05	1.0000000000000004e-05	1.0000000000000004e-05	1.0000000000000004e-05	1.0000000000000004e-05	1.0000000000000004e-05	1.0000000000000004e-05	1.0000000000000004e-05	1.0000000000000004e-05	1.0000000000000004e-05
4700	9.982758620689659e-06	9.978448275862072e-06	9.972586206896552e-06	9.97320689655173e-06	9.973896551724143e-06	9.978482758620692e-06	9.992275862068967e-06	1.0000000000000003e-05	1.0000000000000003e-05	1.0000000000000003e-05	1.0000000000000003e-05	1.0000000000000003e-05	1.0000000000000003e-05	1.0000000000000003e-05	1.0000000000000003e-05	9.995689655172419e-06	9.981551724137935e-06	9.96689655172414e-06	9.962068965517242e-06
4800	9.971875000000007e-06	9.959562500000004e-06	9.938437500000006e-06	9.947437500000005e-06	9.982281250000003e-06	9.998125000000005e-06	9.995343750000007e-06	9.994875000000005e-06	9.996437500000004e-06	9.997281250000004e-06	9.998843750000005e-06	1.0000000000000004e-05	1.0000000000000004e-05	9.997437500000006e-06	9.973937500000007e-06	9.939625000000006e-06	9.942875000000006e-06	9.965687500000004e-06	9.971875000000007e-06
4900	9.934375000000006e-06	9.917437500000005e-06	9.899250000000002e-06	9.930218750000003e-06	9.979562500000004e-06	9.997968750000004e-06	9.999625000000002e-06	1.0000000000000004e-05	1.0000000000000004e-05	1.0000000000000004e-05	1.0000000000000004e-05	1.0000000000000004e-05	9.987437500000005e-06	9.944093750000003e-06	9.898125000000003e-06	9.892250000000003e-06	9.923500000000006e-06	9.953968750000006e-06	9.962500000000007e-06
5000	9.962500000000007e-06	9.953312500000004e-06	9.947031250000004e-06	9.966968750000004e-06	9.992000000000004e-06	1.0000000000000004e-05	9.998312500000003e-06	9.987093750000006e-06	9.972406250000007e-06	9.976093750000007e-06	9.991781250000005e-06	9.999000000000002e-06	9.988562500000004e-06	9.967375000000006e-06	9.964625000000006e-06	9.982937500000007e-06	9.996000000000002e-06	9.997625000000004e-06	9.996875000000004e-06
5100	1.0000000000000003e-05	1.0000000000000003e-05	1.0000000000000003e-05	1.0000000000000003e-05	1.0000000000000003e-05	1.0000000000000003e-05	1.0000000000000003e-05	1.0000000000000003e-05	9.993400000000003e-06	9.967800000000005e-06	9.932100000000004e-06	9.928033333333336e-06	9.959900000000004e-06	9.981500000000006e-06	9.987900000000006e-06	9.983700000000004e-06	9.946366666666667e-06	9.910300000000002e-06	9.903333333333336e-06
5200	9.993939393939399e-06	9.992303030303036e-06	9.987757575757585e-06	9.985272727272733e-06	9.980363636363641e-06	9.975090909090914e-06	9.985636363636367e-06	9.998060606060609e-06	9.99684848484849e-06	9.97445454545455e-06	9.93306060606061e-06	9.927848484848491e-06	9.970090909090913e-06	9.997696969696974e-06	1.0000000000000004e-05	9.987333333333337e-06	9.945575757575763e-06	9.90672727272728e-06	9.896969696969704e-06
5300	9.913333333333334e-06	9.923566666666668e-06	9.961400000000004e-06	9.994500000000002e-06	1.0000000000000003e-05	1.0000000000000003e-05	1.0000000000000003e-05	1.0000000000000003e-05	9.994533333333336e-06	9.97096666666667e-06	9.93446666666667e-06	9.931600000000003e-06	9.971000000000003e-06	9.990733333333336e-06	9.965333333333338e-06	9.937033333333338e-06	9.930000000000003e-06	9.930000000000003e-06	9.930000000000003e-06
5400	9.945161290322583e-06	9.949548387096777e-06	9.967870967741943e-06	9.974741935483875e-06	9.941419354838713e-06	9.91093548387097e-06	9.93187096774194e-06	9.973032258064522e-06	9.994032258064519e-06	9.999516129032263e-06	1.0000000000000004e-05	1.0000000000000004e-05	1.0000000000000004e-05	9.99822580645162e-06	9.978032258064521e-06	9.931516129032263e-06	9.883806451612905e-06	9.851451612903227e-06	9.838709677419356e-06
5500	9.860000000000004e-06	9.8748e-06	9.925500000000002e-06	9.956466666666667e-06	9.918833333333336e-06	9.888000000000003e-06	9.921833333333336e-06	9.972200000000004e-06	9.995300000000002e-06	1.0000000000000003e-05	1.0000000000000003e-05	1.0000000000000003e-05	1.0000000000000003e-05	1.0000000000000003e-05	1.0000000000000003e-05	1.0000000000000003e-05	1.0000000000000003e-05	1.0000000000000003e-05	1.0000000000000003e-05
5600	9.848484848484852e-06	9.859424242424245e-06	9.90724242424243e-06	9.94415151515152e-06	9.906090909090914e-06	9.855272727272731e-06	9.876878787878789e-06	9.94324242424243e-06	9.984090909090915e-06	9.99645454545455e-06	1.0000000000000004e-05	1.0000000000000004e-05	1.0000000000000004e-05	1.0000000000000004e-05	1.0000000000000004e-05	1.0000000000000004e-05	9.999939393939397e-06	9.998424242424243e-06	9.996969696969698e-06
5700	9.920689655172417e-06	9.929000000000001e-06	9.956448275862073e-06	9.961137931034487e-06	9.914931034482757e-06	9.88e-06	9.88227586206897e-06	9.894482758620694e-06	9.930724137931037e-06	9.978068965517243e-06	9.996206896551729e-06	9.990344827586208e-06	9.98179310344828e-06	9.985517241379315e-06	9.995827586206899e-06	1.0000000000000003e-05	1.0000000000000003e-05	1.0000000000000003e-05	1.0000000000000003e-05
5800	1.0000000000000004e-05	9.999419354838717e-06	9.997806451612911e-06	9.996774193548395e-06	9.996774193548395e-06	9.997354838709684e-06	9.998967741935488e-06	1.0000000000000004e-05	1.0000000000000004e-05	1.0000000000000004e-05	1.0000000000000004e-05	1.0000000000000004e-05	1.0000000000000004e-05	1.0000000000000004e-05	1.0000000000000004e-05	1.0000000000000004e-05	1.0000000000000004e-05	1.0000000000000004e-05	1.0000000000000004e-05
5900	1.0000000000000003e-05	1.0000000000000003e-05	1.0000000000000003e-05	1.0000000000000003e-05	1.0000000000000003e-05	1.0000000000000003e-05	1.0000000000000003e-05	1.0000000000000003e-05	1.0000000000000003e-05	1.0000000000000003e-05	1.0000000000000003e-05	1.0000000000000003e-05	1.0000000000000003e-05	1.0000000000000003e-05	1.0000000000000003e-05	1.0000000000000003e-05	1.0000000000000003e-05	1.0000000000000003e-05	1.0000000000000003e-05
6000	1.000000000000001e-05	1.000000000000001e-05	1.000000000000001e-05	9.993176470588243e-06	9.961235294117654e-06	9.929088235294123e-06	9.945911764705889e-06	9.983617647058833e-06	9.998735294117656e-06	9.990941176470595e-06	9.957529411764713e-06	9.932088235294125e-06	9.954794117647064e-06	9.988735294117656e-06	9.999441176470599e-06	1.000000000000001e-05	1.000000000000001e-05	1.000000000000001e-05	1.000000000000001e-05
6100	9.925000000000007e-06	9.926531250000004e-06	9.922625000000002e-06	9.889093750000003e-06	9.828843750000003e-06	9.798562500000002e-06	9.846093750000002e-06	9.930687500000004e-06	9.981281250000006e-06	9.981906250000007e-06	9.947593750000004e-06	9.924187500000007e-06	9.948718750000005e-06	9.986437500000004e-06	9.999343750000002e-06	9.996125000000006e-06	9.992250000000006e-06	9.992593750000008e-06	9.993750000000009e-06
6200	9.990625000000004e-06	9.990125000000006e-06	9.985687500000002e-06	9.954000000000005e-06	9.866031250000004e-06	9.797156250000002e-06	9.845000000000003e-06	9.939562500000006e-06	9.988812500000004e-06	9.991406250000006e-06	9.951125000000004e-06	9.860468750000004e-06	9.715718750000006e-06	9.640125000000003e-06	9.756718750000002e-06	9.920500000000004e-06	9.988343750000004e-06	9.994718750000002e-06	9.990625000000004e-06
6300	1.0000000000000004e-05	1.0000000000000004e-05	1.0000000000000004e-05	1.0000000000000004e-05	1.0000000000000004e-05	1.0000000000000004e-05	1.0000000000000004e-05	1.0000000000000004e-05	1.0000000000000004e-05	1.0000000000000004e-05	1.0000000000000004e-05	1.0000000000000004e-05	1.0000000000000004e-05	1.0000000000000004e-05	1.0000000000000004e-05	1.0000000000000004e-05	1.0000000000000004e-05	1.0000000000000004e-05	1.0000000000000004e-05
6400	1.0000000000000004e-05	1.0000000000000004e-05	1.0000000000000004e-05	1.0000000000000004e-05	1.0000000000000004e-05	1.0000000000000004e-05	1.0000000000000004e-05	1.0000000000000004e-05	1.0000000000000004e-05	1.0000000000000004e-05	9.999419354838717e-06	9.996774193548395e-06	9.994709677419362e-06	9.996774193548392e-06	9.999419354838713e-06	9.998967741935493e-06	9.996774193548395e-06	9.994580645161299e-06	9.99354838709678e-06
6500	9.99285714285715e-06	9.99346428571429e-06	9.995250000000004e-06	9.995214285714292e-06	9.99164285714286e-06	9.9905e-06	9.994071428571431e-06	9.996428571428575e-06	9.996428571428575e-06	9.995607142857145e-06	9.984285714285718e-06	9.952678571428574e-06	9.929e-06	9.946464285714291e-06	9.957642857142857e-06	9.931035714285718e-06	9.933928571428574e-06	9.963000000000008e-06	9.97142857142858e-06
6600	9.936363636363641e-06	9.925696969696975e-06	9.897030303030308e-06	9.852212121212126e-06	9.788181818181823e-06	9.756333333333337e-06	9.826636363636369e-06	9.92284848484849e-06	9.906909090909095e-06	9.831212121212125e-06	9.826848484848488e-06	9.861151515151516e-06	9.889757575757578e-06	9.940575757575762e-06	9.962696969696973e-06	9.930818181818186e-06	9.928333333333338e-06	9.961606060606062e-06	9.975757575757579e-06
6700	9.82903225806452e-06	9.81583870967742e-06	9.748935483870968e-06	9.669129032258065e-06	9.630000000000001e-06	9.653548387096774e-06	9.791322580645165e-06	9.923322580645165e-06	9.921161290322588e-06	9.867580645161291e-06	9.868225806451614e-06	9.900741935483872e-06	9.91545161290323e-06	9.937064516129035e-06	9.952064516129037e-06	9.933548387096778e-06	9.9361935483871e-06	9.960967741935486e-06	9.967741935483871e-06
6800	9.762500000000002e-06	9.757437500000002e-06	9.719156250000002e-06	9.662437500000002e-06	9.630624999999999e-06	9.657250000000001e-06	9.787437500000003e-06	9.925031250000006e-06	9.934750000000007e-06	9.870812500000005e-06	9.862156250000002e-06	9.900500000000006e-06	9.913406250000006e-06	9.911593750000006e-06	9.884812500000003e-06	9.855031250000002e-06	9.899187500000003e-06	9.960187500000004e-06	9.975000000000005e-06
6900	9.890000000000004e-06	9.883333333333338e-06	9.846233333333336e-06	9.797266666666667e-06	9.7711e-06	9.778566666666668e-06	9.858800000000001e-06	9.954833333333337e-06	9.958866666666669e-06	9.911133333333332e-06	9.907066666666665e-06	9.93436666666667e-06	9.948933333333337e-06	9.965033333333339e-06	9.985766666666674e-06	9.995900000000005e-06	9.998666666666668e-06	1.0000000000000003e-05	1.0000000000000003e-05
7000	9.983333333333335e-06	9.989700000000005e-06	9.984333333333337e-06	9.85586666666667e-06	8.6131e-06	7.486733333333333e-06	8.616700000000002e-06	9.85566666666667e-06	9.92936666666667e-06	9.864600000000004e-06	9.857966666666666e-06	9.892866666666668e-06	9.88896666666667e-06	9.878000000000001e-06	9.879100000000003e-06	9.8524e-06	9.852433333333334e-06	9.8978e-06	9.92e-06
7100	9.976666666666669e-06	9.984200000000005e-06	9.974766666666673e-06	9.848066666666671e-06	9.073966666666668e-06	8.4264e-06	9.120833333333333e-06	9.884800000000004e-06	9.938966666666671e-06	9.87073333333334e-06	9.85476666666667e-06	9.890500000000003e-06	9.894800000000002e-06	9.887333333333333e-06	9.88336666666667e-06	9.837800000000001e-06	9.802433333333336e-06	9.820733333333337e-06	9.83666666666667e-06
7200	9.99333333333334e-06	9.99626666666667e-06	9.976500000000003e-06	9.841000000000003e-06	8.912099999999999e-06	8.108200000000001e-06	8.95196666666667e-06	9.878966666666668e-06	9.94976666666667e-06	9.899633333333336e-06	9.881000000000002e-06	9.896166666666669e-06	9.916800000000005e-06	9.943500000000002e-06	9.94616666666667e-06	9.901e-06	9.849600000000001e-06	9.844166666666673e-06	9.856666666666672e-06
7300	9.990625000000004e-06	9.994375000000005e-06	9.985500000000005e-06	9.839093750000005e-06	8.227281250000002e-06	6.762062499999998e-06	8.257625e-06	9.853906250000004e-06	9.946812500000004e-06	9.911156250000005e-06	9.894937500000003e-06	9.906250000000007e-06	9.949406250000007e-06	9.989281250000001e-06	9.993125000000006e-06	9.968375000000004e-06	9.903562500000005e-06	9.854062500000002e-06	9.850000000000002e-06
7400	9.970000000000003e-06	9.964366666666669e-06	9.925466666666672e-06	9.691133333333333e-06	8.5856e-06	7.798133333333334e-06	8.804100000000001e-06	9.760433333333334e-06	9.853533333333333e-06	9.88576666666667e-06	9.89446666666667e-06	9.911233333333336e-06	9.950066666666671e-06	9.98686666666667e-06	9.997966666666673e-06	9.985366666666671e-06	9.960966666666672e-06	9.94553333333334e-06	9.94333333333334e-06
7500	9.816129032258066e-06	9.817258064516133e-06	9.807516129032262e-06	9.51535483870968e-06	8.331129032258064e-06	7.654709677419354e-06	8.787870967741934e-06	9.758741935483872e-06	9.851870967741936e-06	9.869387096774195e-06	9.835387096774194e-06	9.83661290322581e-06	9.911225806451617e-06	9.980903225806454e-06	9.999903225806455e-06	1.0000000000000004e-05	1.0000000000000004e-05	1.0000000000000004e-05	1.0000000000000004e-05
7600	9.753333333333332e-06	9.758300000000001e-06	9.76056666666667e-06	9.279366666666666e-06	7.182333333333333e-06	5.9309333333333345e-06	7.9373e-06	9.694233333333336e-06	9.841200000000002e-06	9.872233333333335e-06	9.848433333333336e-06	9.826200000000003e-06	9.887700000000002e-06	9.972633333333339e-06	9.977266666666672e-06	9.934800000000002e-06	9.92966666666667e-06	9.959100000000004e-06	9.973333333333338e-06
7700	9.569696969696976e-06	9.588454545454551e-06	9.652848484848486e-06	9.391666666666669e-06	7.912090909090914e-06	6.9846060606060635e-06	8.425666666666668e-06	9.731060606060608e-06	9.863484848484852e-06	9.879818181818184e-06	9.849303030303035e-06	9.83227272727273e-06	9.88984848484849e-06	9.968484848484852e-06	9.980909090909101e-06	9.942090909090915e-06	9.926272727272733e-06	9.948636363636372e-06	9.963636363636373e-06
7800	9.790624999999999e-06	9.797468750000004e-06	9.810000000000001e-06	9.783218750000003e-06	9.74575e-06	9.771468750000002e-06	9.845062500000006e-06	9.931843750000005e-06	9.987656250000003e-06	9.999781250000002e-06	9.999156250000006e-06	9.980031250000005e-06	9.940406250000004e-06	9.924531250000005e-06	9.897375000000003e-06	9.797468750000005e-06	9.768781250000002e-06	9.850562500000004e-06	9.893750000000005e-06
7900	9.664705882352945e-06	9.679264705882358e-06	9.510676470588239e-06	8.039411764705881e-06	5.428911764705881e-06	5.312264705882353e-06	8.071911764705883e-06	9.725794117647064e-06	9.84491176470589e-06	9.874323529411766e-06	9.875911764705886e-06	9.872676470588241e-06	9.920117647058831e-06	9.978529411764712e-06	9.959000000000007e-06	9.896352941176478e-06	9.899764705882358e-06	9.947294117647065e-06	9.964705882352949e-06
8000	8.636666666666668e-06	9.058266666666666e-06	9.592900000000003e-06	9.686199999999999e-06	9.636466666666668e-06	9.637833333333333e-06	9.728133333333334e-06	9.829533333333335e-06	9.89616666666667e-06	9.927533333333334e-06	9.897500000000001e-06	9.832833333333334e-06	9.830700000000002e-06	9.875566666666669e-06	9.878800000000003e-06	9.859900000000002e-06	9.887966666666666e-06	9.927633333333331e-06	9.936666666666666e-06
8100	9.743750000000005e-06	9.761531250000004e-06	9.801375e-06	9.812531250000005e-06	9.822343750000002e-06	9.891687500000003e-06	9.969593750000005e-06	9.999437500000004e-06	1.0000000000000004e-05	1.0000000000000004e-05	1.0000000000000004e-05	1.0000000000000004e-05	1.0000000000000004e-05	1.0000000000000004e-05	1.0000000000000004e-05	1.0000000000000004e-05	9.996593750000005e-06	9.991906250000002e-06	9.990625000000002e-06
8200	9.76969696969697e-06	9.78266666666667e-06	9.815969696969701e-06	9.823787878787882e-06	9.835787878787883e-06	9.903787878787883e-06	9.972515151515154e-06	9.998878787878792e-06	9.997393939393944e-06	9.993000000000007e-06	9.993666666666667e-06	9.997909090909094e-06	9.996303030303033e-06	9.927272727272737e-06	9.757878787878792e-06	9.688696969696972e-06	9.827515151515156e-06	9.950727272727277e-06	9.969696969696973e-06
8300	9.729032258064517e-06	9.732548387096776e-06	9.719548387096773e-06	9.657451612903228e-06	9.641741935483873e-06	9.777096774193549e-06	9.9281935483871e-06	9.980193548387105e-06	9.98522580645162e-06	9.988967741935491e-06	9.996483870967747e-06	9.999451612903231e-06	9.992516129032264e-06	9.605709677419358e-06	8.008612903225809e-06	6.97309677419355e-06	8.373612903225808e-06	9.762064516129038e-06	9.932258064516135e-06
8400	9.743333333333337e-06	9.751866666666666e-06	9.740866666666667e-06	9.685599999999998e-06	9.680633333333334e-06	9.79246666666667e-06	9.928033333333336e-06	9.991266666666669e-06	1.0000000000000003e-05	1.0000000000000003e-05	1.0000000000000003e-05	1.0000000000000003e-05	9.991933333333338e-06	9.655900000000002e-06	8.017699999999998e-06	6.889333333333332e-06	8.380133333333335e-06	9.80953333333334e-06	9.930000000000007e-06
8500	9.735483870967747e-06	9.735193548387096e-06	9.711161290322583e-06	9.654290322580646e-06	9.658483870967743e-06	9.779096774193552e-06	9.92387096774194e-06	9.985225806451615e-06	9.960290322580653e-06	9.927096774193553e-06	9.941612903225812e-06	9.980354838709682e-06	9.987903225806456e-06	9.560258064516134e-06	7.194290322580646e-06	5.482419354838708e-06	7.66135483870968e-06	9.759225806451617e-06	9.912903225806456e-06
8600	9.729032258064517e-06	9.737967741935485e-06	9.727064516129034e-06	9.666064516129035e-06	9.655548387096776e-06	9.751645161290323e-06	9.873193548387102e-06	9.957774193548392e-06	9.966451612903226e-06	9.92877419354839e-06	9.932129032258071e-06	9.975483870967745e-06	9.99287096774194e-06	9.769354838709682e-06	7.946645161290324e-06	6.186064516129033e-06	7.636387096774195e-06	9.60393548387097e-06	9.96451612903226e-06
8700	1.0000000000000004e-05	1.0000000000000004e-05	9.999593750000003e-06	9.997062500000007e-06	9.99440625000001e-06	9.994781250000007e-06	9.996625000000005e-06	9.997812500000002e-06	9.996718750000003e-06	9.993968750000007e-06	9.993906250000007e-06	9.997625000000004e-06	1.0000000000000004e-05	1.0000000000000004e-05	1.0000000000000004e-05	1.0000000000000004e-05	1.0000000000000004e-05	1.0000000000000004e-05	1.0000000000000004e-05
8800	1.0000000000000003e-05	1.0000000000000003e-05	1.0000000000000003e-05	1.0000000000000003e-05	1.0000000000000003e-05	1.0000000000000003e-05	1.0000000000000003e-05	1.0000000000000003e-05	1.0000000000000003e-05	1.0000000000000003e-05	1.0000000000000003e-05	1.0000000000000003e-05	1.0000000000000003e-05	9.996833333333336e-06	9.986833333333337e-06	9.971833333333338e-06	9.966833333333338e-06	9.976666666666669e-06	9.983333333333335e-06
8900	1.0000000000000004e-05	1.0000000000000004e-05	1.0000000000000004e-05	1.0000000000000004e-05	1.0000000000000004e-05	1.0000000000000004e-05	1.0000000000000004e-05	1.0000000000000004e-05	9.998969696969702e-06	9.995939393939398e-06	9.994454545454547e-06	9.995969696969698e-06	9.997484848484853e-06	9.999000000000004e-06	9.997939393939397e-06	9.991878787878794e-06	9.989939393939402e-06	9.996000000000004e-06	1.0000000000000004e-05
9000	1.0000000000000003e-05	1.0000000000000003e-05	1.0000000000000003e-05	9.995733333333337e-06	9.96186666666667e-06	9.911133333333336e-06	9.912200000000003e-06	9.959800000000004e-06	9.992600000000003e-06	1.0000000000000003e-05	1.0000000000000003e-05	1.0000000000000003e-05	1.0000000000000003e-05	1.0000000000000003e-05	1.0000000000000003e-05	1.0000000000000003e-05	9.99646666666667e-06	9.984800000000003e-06	9.976666666666669e-06
9100	1.0000000000000004e-05	1.0000000000000004e-05	1.0000000000000004e-05	9.999156250000004e-06	9.996031250000008e-06	9.994593750000007e-06	9.997718750000004e-06	1.0000000000000004e-05	1.0000000000000004e-05	1.0000000000000004e-05	1.0000000000000004e-05	9.999156250000004e-06	9.996031250000008e-06	9.994593750000007e-06	9.997718750000004e-06	1.0000000000000004e-05	1.0000000000000004e-05	1.0000000000000004e-05	1.0000000000000004e-05
9200	9.977419354838718e-06	9.983419354838716e-06	9.99470967741936e-06	9.996612903225812e-06	9.973612903225813e-06	9.941580645161296e-06	9.94403225806452e-06	9.974709677419359e-06	9.994580645161295e-06	9.982935483870974e-06	9.944225806451614e-06	9.933451612903227e-06	9.969354838709682e-06	9.996516129032261e-06	1.0000000000000004e-05	1.0000000000000004e-05	1.0000000000000004e-05	1.0000000000000004e-05	1.0000000000000004e-05
9300	9.948484848484854e-06	9.961333333333337e-06	9.984454545454549e-06	9.995151515151518e-06	9.97454545454546e-06	9.933484848484853e-06	9.929969696969702e-06	9.968212121212127e-06	9.99324242424243e-06	9.976363636363644e-06	9.932545454545459e-06	9.92484848484849e-06	9.966151515151522e-06	9.995757575757579e-06	1.0000000000000004e-05	1.0000000000000004e-05	1.0000000000000004e-05	1.0000000000000004e-05	1.0000000000000004e-05
9400	9.951612903225812e-06	9.964258064516134e-06	9.988451612903229e-06	9.999580645161296e-06	9.997967741935492e-06	9.997193548387103e-06	9.998806451612905e-06	1.0000000000000004e-05	1.0000000000000004e-05	1.0000000000000004e-05	1.0000000000000004e-05	1.0000000000000004e-05	9.992419354838715e-06	9.838451612903229e-06	9.507354838709679e-06	9.40851612903226e-06	9.685387096774197e-06	9.928516129032263e-06	9.980645161290329e-06
9500	1.0000000000000003e-05	1.0000000000000003e-05	1.0000000000000003e-05	1.0000000000000003e-05	1.0000000000000003e-05	1.0000000000000003e-05	1.0000000000000003e-05	1.0000000000000003e-05	1.0000000000000003e-05	1.0000000000000003e-05	1.0000000000000003e-05	1.0000000000000003e-05	1.0000000000000003e-05	1.0000000000000003e-05	1.0000000000000003e-05	1.0000000000000003e-05	1.0000000000000003e-05	1.0000000000000003e-05	1.0000000000000003e-05
9600	9.806060606060612e-06	9.787727272727277e-06	9.720727272727276e-06	8.767484848484848e-06	5.917090909090911e-06	2.9653333333333345e-06	3.861515151515152e-06	7.754303030303032e-06	9.865484848484855e-06	9.952393939393946e-06	9.903393939393947e-06	9.916424242424246e-06	9.962121212121219e-06	9.901303030303033e-06	9.729606060606063e-06	9.656484848484853e-06	9.749151515151517e-06	9.831878787878792e-06	9.842424242424248e-06
9700	9.796875000000001e-06	9.781750000000002e-06	9.719000000000005e-06	8.846062500000002e-06	5.903218750000001e-06	2.9384687500000003e-06	4.194062500000001e-06	8.043906250000003e-06	9.893500000000004e-06	9.974906250000006e-06	9.934812500000006e-06	9.932562500000005e-06	9.951718750000006e-06	9.288406250000003e-06	7.77346875e-06	7.517531250000001e-06	8.929562499999999e-06	9.761687500000001e-06	9.775000000000002e-06
9800	1.0000000000000003e-05	1.0000000000000003e-05	1.0000000000000003e-05	1.0000000000000003e-05	1.0000000000000003e-05	1.0000000000000003e-05	1.0000000000000003e-05	1.0000000000000003e-05	9.999333333333338e-06	9.984400000000004e-06	9.948966666666669e-06	9.938833333333337e-06	9.968766666666672e-06	9.935766666666669e-06	9.780100000000003e-06	9.689700000000003e-06	9.769433333333335e-06	9.846233333333337e-06	9.856666666666672e-06
9900	9.996774193548395e-06	9.997677419354843e-06	9.997806451612908e-06	9.986516129032261e-06	9.972967741935488e-06	9.978322580645167e-06	9.989774193548395e-06	9.99248387096775e-06	9.992838709677426e-06	9.990774193548394e-06	9.986677419354846e-06	9.990612903225811e-06	9.996451612903231e-06	9.979483870967749e-06	9.95045161290323e-06	9.942516129032263e-06	9.954419354838715e-06	9.96525806451613e-06	9.967741935483871e-06
10000	1.0000000000000003e-05	1.0000000000000003e-05	1.0000000000000003e-05	1.0000000000000003e-05	1.0000000000000003e-05	1.0000000000000003e-05	1.0000000000000003e-05	1.0000000000000003e-05	1.0000000000000003e-05	1.0000000000000003e-05	1.0000000000000003e-05	1.0000000000000003e-05	1.0000000000000003e-05	1.0000000000000003e-05	1.0000000000000003e-05	1.0000000000000003e-05	1.0000000000000003e-05	1.0000000000000003e-05	1.0000000000000003e-05
