	site
generation	50	100	150	200	250	300	350	400	450	500	550	600	650	700	750	800	850	900	950
0	1.0000000000000004e-05	1.0000000000000004e-05	1.0000000000000004e-05	1.0000000000000004e-05	1.0000000000000004e-05	1.0000000000000004e-05	1.0000000000000004e-05	1.0000000000000004e-05	1.0000000000000004e-05	1.0000000000000004e-05	1.0000000000000004e-05	1.0000000000000004e-05	1.0000000000000004e-05	1.0000000000000004e-05	1.0000000000000004e-05	1.0000000000000004e-05	1.0000000000000004e-05	1.0000000000000004e-05	1.0000000000000004e-05
100	1.0000000000000004e-05	1.0000000000000004e-05	1.0000000000000004e-05	1.0000000000000004e-05	1.0000000000000004e-05	1.0000000000000004e-05	1.0000000000000004e-05	1.0000000000000004e-05	1.0000000000000004e-05	1.0000000000000004e-05	1.0000000000000004e-05	1.0000000000000004e-05	1.0000000000000004e-05	1.0000000000000004e-05	1.0000000000000004e-05	1.0000000000000004e-05	1.0000000000000004e-05	1.0000000000000004e-05	1.0000000000000004e-05
200	9.990000000000006e-06	9.981300000000002e-06	9.944733333333335e-06	9.922133333333338e-06	9.95526666666667e-06	9.97786666666667e-06	9.944733333333335e-06	9.922133333333338e-06	9.955400000000003e-06	9.984300000000005e-06	9.957266666666669e-06	9.920766666666667e-06	9.939900000000003e-06	9.981766666666673e-06	9.99633333333334e-06	9.99836666666667e-06	1.0000000000000003e-05	1.0000000000000003e-05	1.0000000000000003e-05
300	9.990000000000006e-06	9.976100000000003e-06	9.934100000000002e-06	9.900466666666671e-06	9.909733333333336e-06	9.931466666666668e-06	9.926800000000001e-06	9.92236666666667e-06	9.95346666666667e-06	9.975733333333339e-06	9.941966666666669e-06	9.899666666666671e-06	9.922733333333334e-06	9.977033333333336e-06	9.999033333333337e-06	1.0000000000000003e-05	1.0000000000000003e-05	1.0000000000000003e-05	1.0000000000000003e-05
400	9.929032258064524e-06	9.894709677419362e-06	9.816032258064518e-06	9.784548387096778e-06	9.841064516129038e-06	9.90912903225807e-06	9.926064516129036e-06	9.926580645161294e-06	9.957645161290326e-06	9.980322580645167e-06	9.962451612903231e-06	9.943967741935488e-06	9.95629032258065e-06	9.977225806451619e-06	9.987064516129038e-06	9.989612903225816e-06	9.978741935483875e-06	9.95796774193549e-06	9.948387096774198e-06
500	9.965625e-06	9.952812500000007e-06	9.886531250000003e-06	9.817250000000003e-06	9.835937500000003e-06	9.8885e-06	9.852187500000005e-06	9.776000000000003e-06	9.827531250000003e-06	9.936375000000005e-06	9.949812500000005e-06	9.921906250000003e-06	9.944156250000004e-06	9.980625000000004e-06	9.972750000000005e-06	9.950125000000007e-06	9.936656250000005e-06	9.925718750000005e-06	9.921875000000004e-06
600	9.925000000000007e-06	9.908406250000004e-06	9.851781250000002e-06	9.814656250000003e-06	9.851093750000006e-06	9.8926875e-06	9.856250000000004e-06	9.792687500000004e-06	9.829625000000002e-06	9.921375000000005e-06	9.942937500000005e-06	9.926000000000006e-06	9.947250000000004e-06	9.984718750000002e-06	9.997312500000008e-06	9.990593750000007e-06	9.964781250000004e-06	9.941156250000004e-06	9.937500000000003e-06
700	9.830000000000004e-06	9.823666666666669e-06	9.775233333333333e-06	9.7117e-06	9.730733333333332e-06	9.798366666666668e-06	9.790599999999999e-06	9.743133333333335e-06	9.807566666666667e-06	9.93443333333334e-06	9.975266666666673e-06	9.960466666666669e-06	9.967200000000003e-06	9.986833333333343e-06	9.99646666666667e-06	9.99946666666667e-06	1.0000000000000003e-05	1.0000000000000003e-05	1.0000000000000003e-05
800	9.831250000000003e-06	9.821031250000004e-06	9.76615625e-06	9.705031250000002e-06	9.731312500000004e-06	9.791781250000002e-06	9.76571875e-06	9.72225e-06	9.798406250000003e-06	9.903625000000005e-06	9.898125000000004e-06	9.843687500000003e-06	9.844875000000006e-06	9.896218750000003e-06	9.953656250000003e-06	9.988968750000003e-06	9.987812500000005e-06	9.968781250000007e-06	9.959375000000007e-06
900	9.818181818181824e-06	9.794787878787883e-06	9.705515151515153e-06	9.631030303030306e-06	9.67706060606061e-06	9.777242424242428e-06	9.80409090909091e-06	9.767393939393943e-06	9.804909090909095e-06	9.900939393939401e-06	9.921787878787882e-06	9.880515151515159e-06	9.865303030303034e-06	9.882242424242428e-06	9.895060606060609e-06	9.913666666666673e-06	9.947212121212125e-06	9.970090909090912e-06	9.975757575757579e-06
1000	9.780645161290324e-06	8.876709677419354e-06	6.047677419354838e-06	4.333645161290322e-06	6.4577096774193544e-06	9.082967741935483e-06	9.847548387096774e-06	9.942225806451617e-06	9.992290322580648e-06	9.987451612903233e-06	9.93429032258065e-06	9.853000000000002e-06	9.823870967741938e-06	9.861870967741936e-06	9.893000000000002e-06	9.906161290322586e-06	9.93683870967742e-06	9.974677419354845e-06	9.99032258064517e-06
1100	9.785294117647064e-06	8.736382352941178e-06	5.2556764705882355e-06	3.2901764705882354e-06	6.1722058823529424e-06	9.190264705882356e-06	9.850323529411768e-06	9.942588235294124e-06	9.98682352941177e-06	9.98855882352942e-06	9.955294117647065e-06	9.92467647058824e-06	9.943205882352946e-06	9.978558823529417e-06	9.99061764705883e-06	9.993794117647065e-06	9.996735294117655e-06	9.997058823529419e-06	9.997058823529419e-06
1200	9.821875000000002e-06	9.65153125e-06	8.142375000000004e-06	6.245843750000001e-06	7.022656250000001e-06	9.115062500000004e-06	9.903375000000006e-06	9.926875000000003e-06	9.927656250000004e-06	9.946343750000003e-06	9.913593750000004e-06	9.846250000000003e-06	9.873125000000004e-06	9.947500000000006e-06	9.945906250000005e-06	9.909000000000001e-06	9.899125000000002e-06	9.901906250000003e-06	9.903125000000004e-06
1300	9.96451612903226e-06	9.962354838709684e-06	9.968483870967747e-06	9.987258064516133e-06	9.99887096774194e-06	1.0000000000000004e-05	1.0000000000000004e-05	1.0000000000000004e-05	1.0000000000000004e-05	9.988741935483877e-06	9.935258064516133e-06	9.86083870967742e-06	9.867806451612906e-06	9.935838709677423e-06	9.945129032258067e-06	9.920193548387099e-06	9.915483870967744e-06	9.916129032258066e-06	9.916129032258066e-06
1400	9.909677419354841e-06	9.916000000000005e-06	9.93512903225807e-06	9.951838709677426e-06	9.924580645161291e-06	9.873741935483872e-06	9.890387096774197e-06	9.958451612903233e-06	9.993741935483878e-06	9.984354838709683e-06	9.924483870967745e-06	9.853096774193551e-06	9.87193548387097e-06	9.945612903225807e-06	9.96877419354839e-06	9.961161290322586e-06	9.960903225806456e-06	9.959548387096779e-06	9.958064516129039e-06
1500	9.877419354838712e-06	9.836032258064518e-06	9.791290322580648e-06	9.831645161290327e-06	9.889806451612903e-06	9.908903225806457e-06	9.94087096774194e-06	9.982000000000004e-06	9.997903225806456e-06	9.9781935483871e-06	9.906774193548389e-06	9.854064516129034e-06	9.896903225806454e-06	9.949000000000002e-06	9.9321935483871e-06	9.910419354838711e-06	9.90841935483871e-06	9.902612903225808e-06	9.9e-06
1600	9.775000000000006e-06	9.756187500000002e-06	9.791593750000003e-06	9.902093750000006e-06	9.946125000000006e-06	9.918343750000004e-06	9.926156250000004e-06	9.967593750000002e-06	9.988656250000005e-06	9.994875000000005e-06	9.999062500000003e-06	1.0000000000000004e-05	1.0000000000000004e-05	1.0000000000000004e-05	1.0000000000000004e-05	1.0000000000000004e-05	1.0000000000000004e-05	1.0000000000000004e-05	1.0000000000000004e-05
1700	9.736666666666668e-06	9.726433333333336e-06	9.770066666666668e-06	9.904100000000004e-06	9.970500000000006e-06	9.933166666666668e-06	9.927900000000004e-06	9.970533333333339e-06	9.99596666666667e-06	9.998533333333336e-06	1.0000000000000003e-05	1.0000000000000003e-05	1.0000000000000003e-05	1.0000000000000003e-05	1.0000000000000003e-05	1.0000000000000003e-05	9.999366666666671e-06	9.992700000000005e-06	9.98666666666667e-06
1800	1.0000000000000004e-05	1.0000000000000004e-05	1.0000000000000004e-05	9.995161290322586e-06	9.965064516129035e-06	9.924322580645166e-06	9.932903225806455e-06	9.977290322580649e-06	9.997064516129038e-06	9.980096774193554e-06	9.941548387096775e-06	9.927870967741939e-06	9.960193548387102e-06	9.992032258064521e-06	9.997032258064525e-06	9.983000000000004e-06	9.963677419354843e-06	9.961580645161292e-06	9.967741935483871e-06
1900	1.0000000000000004e-05	1.0000000000000004e-05	1.0000000000000004e-05	9.994593750000005e-06	9.965718750000005e-06	9.927281250000004e-06	9.935031250000006e-06	9.978125000000004e-06	9.994406250000006e-06	9.971750000000005e-06	9.937312500000007e-06	9.932562500000005e-06	9.964406250000005e-06	9.992562500000004e-06	1.0000000000000004e-05	1.0000000000000004e-05	1.0000000000000004e-05	1.0000000000000004e-05	1.0000000000000004e-05
2000	9.996774193548395e-06	9.997709677419359e-06	9.999322580645164e-06	9.991774193548393e-06	9.956580645161293e-06	9.923967741935486e-06	9.94261290322581e-06	9.945838709677425e-06	9.875225806451616e-06	9.834161290322582e-06	9.867838709677422e-06	9.915096774193552e-06	9.964193548387102e-06	9.99561290322581e-06	9.987387096774198e-06	9.952677419354842e-06	9.927903225806456e-06	9.935193548387101e-06	9.945161290322583e-06
2100	1.0000000000000003e-05	1.0000000000000003e-05	1.0000000000000003e-05	9.99323333333334e-06	9.964633333333338e-06	9.92986666666667e-06	9.93156666666667e-06	9.894266666666671e-06	9.770166666666668e-06	9.712933333333333e-06	9.7732e-06	9.870800000000002e-06	9.956633333333337e-06	9.992333333333338e-06	9.980766666666668e-06	9.942700000000004e-06	9.90026666666667e-06	9.881100000000004e-06	9.880000000000004e-06
2200	1.0000000000000004e-05	1.0000000000000004e-05	1.0000000000000004e-05	9.996187500000003e-06	9.974625000000003e-06	9.934656250000005e-06	9.923062500000004e-06	9.898406250000004e-06	9.803812500000003e-06	9.74046875e-06	9.778500000000001e-06	9.881531250000004e-06	9.966875000000004e-06	9.995625000000005e-06	9.984812500000007e-06	9.899281250000006e-06	9.798906250000002e-06	9.776625000000004e-06	9.784375000000004e-06
2300	1.0000000000000003e-05	1.0000000000000003e-05	9.991500000000003e-06	9.92786666666667e-06	9.8141e-06	9.791933333333334e-06	9.894966666666671e-06	9.978466666666671e-06	9.962633333333339e-06	9.872e-06	9.804600000000003e-06	9.842200000000002e-06	9.932200000000005e-06	9.987533333333336e-06	9.997400000000002e-06	9.96146666666667e-06	9.882533333333337e-06	9.830133333333336e-06	9.823333333333338e-06
2400	9.950000000000003e-06	9.96206666666667e-06	9.97876666666667e-06	9.934366666666671e-06	9.82726666666667e-06	9.793066666666668e-06	9.88216666666667e-06	9.970133333333335e-06	9.953433333333337e-06	9.857333333333335e-06	9.806e-06	9.85776666666667e-06	9.939433333333335e-06	9.987333333333335e-06	1.0000000000000003e-05	1.0000000000000003e-05	9.998200000000004e-06	9.994866666666673e-06	9.99333333333334e-06
2500	9.784375000000004e-06	9.819625000000005e-06	9.894781250000004e-06	9.901000000000002e-06	9.825343750000002e-06	9.807875000000003e-06	9.884031250000003e-06	9.965031250000002e-06	9.961687500000006e-06	9.864843750000004e-06	9.804031250000004e-06	9.854781250000003e-06	9.932906250000003e-06	9.974656250000005e-06	9.951718750000006e-06	9.880187500000003e-06	9.871375000000005e-06	9.925062500000003e-06	9.950000000000005e-06
2600	9.783870967741938e-06	9.806258064516131e-06	9.855870967741938e-06	9.834903225806456e-06	9.756709677419355e-06	9.768838709677421e-06	9.850193548387097e-06	9.900741935483872e-06	9.90141935483871e-06	9.850967741935487e-06	9.806967741935487e-06	9.845548387096776e-06	9.927806451612909e-06	9.974645161290326e-06	9.957354838709683e-06	9.925354838709682e-06	9.942645161290327e-06	9.983645161290327e-06	1.0000000000000004e-05
2700	9.765625000000004e-06	9.797375000000002e-06	9.859281250000004e-06	9.844218750000003e-06	9.763187500000002e-06	9.765718750000003e-06	9.844156250000003e-06	9.893875000000002e-06	9.895468750000003e-06	9.847375000000005e-06	9.800562500000003e-06	9.838687500000004e-06	9.922062500000004e-06	9.966437500000004e-06	9.949625000000007e-06	9.918656250000006e-06	9.936031250000007e-06	9.974593750000007e-06	9.987500000000007e-06
2800	9.996774193548395e-06	9.9921935483871e-06	9.97877419354839e-06	9.970193548387103e-06	9.979709677419362e-06	9.991032258064524e-06	9.989677419354846e-06	9.987354838709686e-06	9.953774193548392e-06	9.863967741935487e-06	9.807516129032262e-06	9.838129032258068e-06	9.903032258064517e-06	9.951838709677423e-06	9.946419354838712e-06	9.911290322580648e-06	9.904032258064518e-06	9.913387096774195e-06	9.916129032258066e-06
2900	9.970967741935486e-06	9.962838709677425e-06	9.948709677419358e-06	9.958516129032263e-06	9.986387096774198e-06	9.999225806451617e-06	9.997548387096784e-06	9.992741935483875e-06	9.972612903225814e-06	9.917483870967745e-06	9.873548387096778e-06	9.898225806451617e-06	9.956290322580652e-06	9.98496774193549e-06	9.969032258064518e-06	9.927967741935486e-06	9.894225806451615e-06	9.890258064516134e-06	9.896774193548391e-06
3000	9.953125000000005e-06	9.940187500000004e-06	9.924500000000005e-06	9.932437500000004e-06	9.941843750000003e-06	9.950718750000004e-06	9.977156250000005e-06	9.993750000000002e-06	9.939375000000007e-06	9.817718750000004e-06	9.766093750000003e-06	9.838656250000003e-06	9.935187500000002e-06	9.980093750000004e-06	9.954906250000007e-06	9.888187500000002e-06	9.841812500000002e-06	9.840687500000008e-06	9.850000000000006e-06
3100	1.0000000000000004e-05	9.999312500000004e-06	9.994625000000003e-06	9.991312500000005e-06	9.996000000000004e-06	1.0000000000000004e-05	1.0000000000000004e-05	9.994218750000005e-06	9.931500000000006e-06	9.777281250000004e-06	9.669968750000002e-06	9.745750000000004e-06	9.898406250000004e-06	9.971781250000004e-06	9.949968750000006e-06	9.888406250000002e-06	9.840187500000004e-06	9.83290625e-06	9.840625000000002e-06
3200	1.0000000000000003e-05	1.0000000000000003e-05	1.0000000000000003e-05	9.99986666666667e-06	9.998200000000007e-06	9.996800000000004e-06	9.99846666666667e-06	9.995666666666673e-06	9.929100000000003e-06	9.77026666666667e-06	9.66746666666667e-06	9.748133333333334e-06	9.903433333333338e-06	9.976900000000004e-06	9.952500000000005e-06	9.895000000000004e-06	9.854900000000003e-06	9.849766666666668e-06	9.856666666666667e-06
3300	9.945161290322583e-06	9.951161290322583e-06	9.973419354838714e-06	9.994838709677424e-06	1.0000000000000004e-05	1.0000000000000004e-05	9.999258064516136e-06	9.97580645161291e-06	9.866580645161294e-06	9.70541935483871e-06	9.644064516129033e-06	9.736774193548389e-06	9.890129032258069e-06	9.970000000000004e-06	9.943774193548394e-06	9.886967741935485e-06	9.849419354838713e-06	9.84245161290323e-06	9.848387096774197e-06
3400	9.996875000000004e-06	9.998343750000005e-06	9.999906250000004e-06	9.997906250000007e-06	9.983625000000004e-06	9.949562500000005e-06	9.923906250000004e-06	9.920500000000006e-06	9.844593750000002e-06	9.571062500000001e-06	9.369125e-06	9.565312500000004e-06	9.851500000000004e-06	9.920812500000003e-06	9.843468750000003e-06	9.757031250000002e-06	9.761031250000002e-06	9.813812500000002e-06	9.837500000000002e-06
3500	1.0000000000000003e-05	1.0000000000000003e-05	1.0000000000000003e-05	1.0000000000000003e-05	9.999758620689656e-06	9.996724137931038e-06	9.987482758620693e-06	9.948103448275862e-06	9.839655172413794e-06	9.578413793103447e-06	9.362620689655171e-06	9.542965517241378e-06	9.862655172413793e-06	9.9428275862069e-06	9.838310344827588e-06	9.744724137931036e-06	9.75506896551724e-06	9.798689655172415e-06	9.813793103448281e-06
3600	1.0000000000000004e-05	1.0000000000000004e-05	1.0000000000000004e-05	1.0000000000000004e-05	9.986516129032263e-06	9.94761290322581e-06	9.912709677419355e-06	9.894645161290325e-06	9.816838709677423e-06	8.744838709677422e-06	7.463032258064519e-06	8.203935483870968e-06	9.590064516129036e-06	9.93193548387097e-06	9.841483870967744e-06	9.756516129032257e-06	9.766387096774195e-06	9.818516129032257e-06	9.84193548387097e-06
3700	1.0000000000000004e-05	1.0000000000000004e-05	1.0000000000000004e-05	9.999354838709685e-06	9.98322580645162e-06	9.932935483870973e-06	9.884709677419358e-06	9.863193548387097e-06	9.808322580645162e-06	9.707709677419356e-06	9.702419354838713e-06	9.84677419354839e-06	9.969709677419358e-06	9.998419354838713e-06	1.0000000000000004e-05	9.998677419354848e-06	9.994580645161299e-06	9.989451612903233e-06	9.987096774193556e-06
3800	9.843333333333338e-06	9.866733333333335e-06	9.90733333333334e-06	9.910266666666669e-06	9.866866666666665e-06	9.771999999999999e-06	9.709699999999998e-06	9.7605e-06	9.771333333333336e-06	9.667533333333332e-06	9.643966666666668e-06	9.784799999999998e-06	9.921200000000004e-06	9.980000000000003e-06	9.99976666666667e-06	1.0000000000000003e-05	1.0000000000000003e-05	1.0000000000000003e-05	1.0000000000000003e-05
3900	9.86451612903226e-06	9.87325806451613e-06	9.898774193548392e-06	9.906709677419357e-06	9.8661935483871e-06	9.774516129032259e-06	9.716161290322583e-06	9.565064516129032e-06	8.62283870967742e-06	7.953774193548388e-06	8.884580645161294e-06	9.79551612903226e-06	9.929258064516131e-06	9.9811935483871e-06	9.99800000000001e-06	9.982838709677423e-06	9.948e-06	9.918032258064518e-06	9.909677419354841e-06
4000	9.800000000000004e-06	9.80406060606061e-06	9.812696969696973e-06	9.83187878787879e-06	9.844939393939397e-06	9.79636363636364e-06	9.73915151515152e-06	9.567303030303033e-06	7.610424242424244e-06	4.1602424242424235e-06	3.8048181818181815e-06	6.981848484848485e-06	9.416878787878793e-06	9.986969696969702e-06	9.999636363636364e-06	9.980696969696975e-06	9.935121212121219e-06	9.905818181818189e-06	9.90303030303031e-06
4100	9.760606060606065e-06	9.777818181818186e-06	9.788757575757577e-06	9.765090909090911e-06	9.749242424242426e-06	9.740121212121212e-06	9.733303030303034e-06	9.697666666666672e-06	9.247909090909091e-06	7.91451515151515e-06	7.029212121212123e-06	8.091e-06	9.549575757575762e-06	9.976272727272734e-06	9.941484848484852e-06	9.921606060606066e-06	9.955484848484853e-06	9.991181818181822e-06	1.0000000000000004e-05
4200	9.780645161290324e-06	9.81177419354839e-06	9.837354838709679e-06	9.779967741935485e-06	9.730774193548386e-06	9.718645161290325e-06	9.709096774193549e-06	9.659645161290323e-06	8.834483870967742e-06	7.315774193548389e-06	7.0978387096774194e-06	8.506387096774193e-06	9.676161290322583e-06	9.962548387096777e-06	9.935516129032261e-06	9.927645161290324e-06	9.964354838709681e-06	9.993516129032261e-06	1.0000000000000004e-05
4300	9.787878787878792e-06	9.822333333333334e-06	9.919090909090915e-06	9.97657575757576e-06	9.912303030303035e-06	9.778515151515155e-06	9.689303030303031e-06	9.577878787878789e-06	8.8409696969697e-06	8.04757575757576e-06	8.50187878787879e-06	9.43175757575758e-06	9.86163636363637e-06	9.98445454545455e-06	9.9999696969697e-06	9.999363636363637e-06	9.997848484848487e-06	9.996969696969698e-06	9.996969696969698e-06
4400	9.73225806451613e-06	9.776483870967744e-06	9.897225806451618e-06	9.974290322580651e-06	9.916806451612907e-06	9.785322580645164e-06	9.689129032258065e-06	9.563967741935484e-06	8.78248387096774e-06	7.661354838709676e-06	7.842258064516127e-06	9.078225806451613e-06	9.814967741935486e-06	9.919903225806452e-06	9.871387096774198e-06	9.832935483870974e-06	9.82561290322581e-06	9.839322580645164e-06	9.85161290322581e-06
4500	9.69677419354839e-06	9.740225806451614e-06	9.841000000000001e-06	9.919580645161295e-06	9.908064516129034e-06	9.783645161290325e-06	9.670967741935484e-06	9.562483870967744e-06	8.140129032258065e-06	5.801322580645159e-06	5.908806451612902e-06	8.194838709677421e-06	9.63429032258065e-06	9.864677419354844e-06	9.822774193548388e-06	9.82977419354839e-06	9.867677419354839e-06	9.918129032258067e-06	9.945161290322583e-06
4600	7.553124999999999e-06	8.228812499999997e-06	9.388031250000001e-06	9.894593750000003e-06	9.872812500000002e-06	9.779593750000003e-06	9.696375000000003e-06	9.61859375e-06	8.0716875e-06	5.1877500000000004e-06	5.155562499999998e-06	7.973437499999998e-06	9.654156250000004e-06	9.836250000000003e-06	9.808968750000003e-06	9.825625000000001e-06	9.869281250000006e-06	9.915968750000008e-06	9.934375000000006e-06
4700	9.62903225806452e-06	9.775935483870971e-06	9.944580645161296e-06	9.975935483870974e-06	9.948354838709682e-06	9.85029032258065e-06	9.769290322580647e-06	9.676709677419358e-06	7.452967741935481e-06	3.041612903225806e-06	2.654935483870967e-06	6.90851612903226e-06	9.584322580645166e-06	9.840580645161293e-06	9.791741935483872e-06	9.79851612903226e-06	9.857290322580649e-06	9.93216129032258e-06	9.96451612903226e-06
4800	7.086666666666662e-06	7.686266666666663e-06	8.999933333333333e-06	9.735733333333334e-06	9.765000000000002e-06	9.737166666666669e-06	9.68936666666667e-06	9.593399999999999e-06	7.4024000000000005e-06	3.883733333333333e-06	4.435966666666665e-06	7.946333333333332e-06	9.67556666666667e-06	9.842933333333332e-06	9.872200000000002e-06	9.950100000000003e-06	9.991900000000003e-06	1.0000000000000003e-05	1.0000000000000003e-05
4900	9.966666666666672e-06	9.943878787878795e-06	9.871727272727277e-06	9.806696969696972e-06	9.697242424242427e-06	9.343424242424245e-06	9.105515151515153e-06	9.278818181818184e-06	8.041727272727274e-06	4.968212121212121e-06	4.360333333333333e-06	7.260787878787881e-06	9.491848484848484e-06	9.911303030303035e-06	9.949757575757581e-06	9.98836363636364e-06	1.0000000000000004e-05	1.0000000000000004e-05	1.0000000000000004e-05
5000	1.0000000000000004e-05	9.998677419354847e-06	9.983387096774198e-06	9.944322580645164e-06	9.898903225806452e-06	9.846419354838712e-06	9.77125806451613e-06	9.624806451612902e-06	8.088193548387098e-06	4.64925806451613e-06	3.4905161290322574e-06	6.468548387096773e-06	9.238741935483872e-06	9.910709677419358e-06	9.962677419354846e-06	9.982741935483877e-06	9.987161290322587e-06	9.99374193548388e-06	9.996774193548395e-06
5100	1.0000000000000004e-05	1.0000000000000004e-05	1.0000000000000004e-05	1.0000000000000004e-05	1.0000000000000004e-05	1.0000000000000004e-05	1.0000000000000004e-05	9.985757575757584e-06	9.854090909090915e-06	9.648060606060612e-06	9.65836363636364e-06	9.860121212121217e-06	9.980939393939396e-06	9.996818181818188e-06	9.992000000000009e-06	9.991212121212125e-06	9.996424242424247e-06	9.999848484848488e-06	1.0000000000000004e-05
5200	1.0000000000000004e-05	1.0000000000000004e-05	9.997031250000003e-06	9.976281250000005e-06	9.934687500000004e-06	9.923062500000002e-06	9.947156250000006e-06	9.833218750000006e-06	8.66559375e-06	7.202218750000002e-06	7.655031250000001e-06	9.075406250000003e-06	9.799250000000006e-06	9.983875000000008e-06	9.995000000000003e-06	9.999687500000004e-06	1.0000000000000004e-05	1.0000000000000004e-05	1.0000000000000004e-05
5300	9.99354838709678e-06	9.991419354838715e-06	9.959419354838716e-06	9.892903225806454e-06	9.852419354838713e-06	9.843064516129034e-06	9.791419354838711e-06	9.586387096774193e-06	8.458000000000001e-06	7.587064516129033e-06	8.721000000000005e-06	9.859419354838715e-06	9.977709677419364e-06	9.995741935483874e-06	9.999258064516132e-06	1.0000000000000004e-05	1.0000000000000004e-05	1.0000000000000004e-05	1.0000000000000004e-05
5400	1.0000000000000004e-05	9.993483870967747e-06	9.955483870967745e-06	9.900096774193554e-06	9.869258064516134e-06	9.846129032258069e-06	9.772645161290323e-06	9.498580645161292e-06	7.920064516129029e-06	6.751225806451613e-06	8.374322580645165e-06	9.875000000000005e-06	9.972741935483874e-06	1.0000000000000004e-05	1.0000000000000004e-05	1.0000000000000004e-05	9.999096774193556e-06	9.997483870967751e-06	9.996774193548395e-06
5500	9.906666666666668e-06	9.906666666666668e-06	9.91426666666667e-06	9.944233333333337e-06	9.981566666666673e-06	9.998033333333337e-06	9.988366666666672e-06	9.86386666666667e-06	8.454500000000002e-06	5.038333333333336e-06	3.4056333333333343e-06	6.083900000000001e-06	9.036533333333332e-06	9.793333333333333e-06	9.827433333333334e-06	9.914033333333337e-06	9.980633333333336e-06	9.99986666666667e-06	1.0000000000000003e-05
5600	9.95757575757576e-06	9.968515151515157e-06	9.98145454545455e-06	9.95372727272728e-06	9.906636363636367e-06	9.856606060606064e-06	9.79275757575758e-06	9.734454545454548e-06	9.266969696969697e-06	8.774939393939396e-06	9.200878787878792e-06	9.81966666666667e-06	9.980424242424246e-06	9.999757575757579e-06	9.98524242424243e-06	9.941696969696973e-06	9.920727272727277e-06	9.947848484848489e-06	9.966666666666672e-06
5700	9.996666666666672e-06	9.996666666666672e-06	9.997700000000003e-06	9.999366666666668e-06	9.970066666666671e-06	9.864733333333337e-06	9.737133333333334e-06	9.623766666666668e-06	9.120266666666668e-06	8.686500000000004e-06	9.207700000000008e-06	9.848333333333337e-06	9.98816666666667e-06	9.997900000000001e-06	9.956166666666671e-06	9.866800000000004e-06	9.85026666666667e-06	9.916733333333336e-06	9.950000000000003e-06
5800	1.000000000000001e-05	1.000000000000001e-05	1.000000000000001e-05	1.000000000000001e-05	9.978176470588242e-06	9.889000000000005e-06	9.741382352941179e-06	9.551852941176473e-06	8.41858823529412e-06	7.47323529411765e-06	8.66402941176471e-06	9.874147058823537e-06	9.98605882352942e-06	1.000000000000001e-05	9.992500000000006e-06	9.964941176470596e-06	9.933441176470594e-06	9.933058823529416e-06	9.94411764705883e-06
5900	1.0000000000000004e-05	1.0000000000000004e-05	1.0000000000000004e-05	1.0000000000000004e-05	9.984666666666673e-06	9.901848484848491e-06	9.740666666666668e-06	9.575030303030304e-06	8.356272727272726e-06	7.187484848484849e-06	8.384818181818184e-06	9.745121212121218e-06	9.898424242424247e-06	9.930515151515158e-06	9.968575757575763e-06	9.966757575757583e-06	9.929606060606065e-06	9.919909090909094e-06	9.927272727272732e-06
6000	9.993103448275862e-06	9.991862068965522e-06	9.990275862068968e-06	9.991655172413795e-06	9.968379310344832e-06	9.86534482758621e-06	9.736482758620692e-06	9.70662068965517e-06	9.783896551724138e-06	9.875896551724137e-06	9.913793103448277e-06	9.90593103448276e-06	9.881068965517242e-06	9.860793103448278e-06	9.85262068965517e-06	9.83289655172414e-06	9.819241379310345e-06	9.842344827586205e-06	9.86206896551724e-06
6100	1.0000000000000003e-05	1.0000000000000003e-05	1.0000000000000003e-05	1.0000000000000003e-05	9.965933333333336e-06	9.867200000000001e-06	9.738700000000002e-06	9.691233333333336e-06	9.749533333333336e-06	9.795933333333336e-06	9.836033333333334e-06	9.888233333333333e-06	9.879100000000003e-06	9.842600000000003e-06	9.824600000000006e-06	9.813133333333338e-06	9.821033333333336e-06	9.846600000000003e-06	9.860000000000004e-06
6200	9.906060606060612e-06	9.888484848484851e-06	9.868363636363636e-06	9.900151515151516e-06	9.942606060606066e-06	9.883696969696975e-06	9.73787878787879e-06	9.688727272727275e-06	9.785575757575761e-06	9.871696969696974e-06	9.910060606060613e-06	9.943212121212123e-06	9.936454545454552e-06	9.872818181818186e-06	9.803939393939395e-06	9.785818181818181e-06	9.803121212121216e-06	9.821575757575762e-06	9.830303030303034e-06
6300	9.890322580645166e-06	9.878967741935487e-06	9.86987096774194e-06	9.911419354838712e-06	9.946580645161292e-06	9.870129032258067e-06	9.743580645161292e-06	9.706064516129033e-06	9.769258064516131e-06	9.843774193548386e-06	9.89667741935484e-06	9.949806451612908e-06	9.954000000000005e-06	9.864645161290325e-06	9.781580645161293e-06	9.778161290322585e-06	9.80725806451613e-06	9.849709677419358e-06	9.877419354838712e-06
6400	9.884375000000003e-06	9.884375000000003e-06	9.889000000000005e-06	9.919750000000003e-06	9.944375000000006e-06	9.874468750000005e-06	9.739125000000001e-06	9.695e-06	9.782093750000004e-06	9.87271875e-06	9.916187500000004e-06	9.950156250000004e-06	9.946968750000001e-06	9.874062500000005e-06	9.771156250000001e-06	9.71140625e-06	9.737062500000003e-06	9.794031250000009e-06	9.815625000000007e-06
6500	9.980645161290329e-06	9.98380645161291e-06	9.991741935483878e-06	9.996580645161295e-06	9.977000000000005e-06	9.864322580645163e-06	9.712774193548387e-06	9.697870967741938e-06	9.805258064516132e-06	9.920129032258068e-06	9.985612903225812e-06	1.0000000000000004e-05	1.0000000000000004e-05	1.0000000000000004e-05	1.0000000000000004e-05	1.0000000000000004e-05	9.992354838709685e-06	9.973000000000004e-06	9.96129032258065e-06
6600	1.0000000000000004e-05	9.99922580645162e-06	9.996000000000009e-06	9.994322580645168e-06	9.983677419354843e-06	9.89770967741936e-06	9.748258064516131e-06	9.701935483870968e-06	9.802193548387099e-06	9.91977419354839e-06	9.982774193548391e-06	9.991548387096778e-06	9.95945161290323e-06	9.92961290322581e-06	9.947161290322588e-06	9.984645161290327e-06	9.973580645161295e-06	9.92270967741936e-06	9.896774193548391e-06
6700	9.832352941176471e-06	9.865235294117652e-06	9.942911764705888e-06	9.99385294117648e-06	9.985352941176478e-06	9.89217647058824e-06	9.731411764705885e-06	9.685470588235295e-06	9.783529411764708e-06	9.863941176470593e-06	9.90723529411765e-06	9.945529411764712e-06	9.933735294117654e-06	9.887088235294124e-06	9.883941176470594e-06	9.922823529411771e-06	9.93517647058824e-06	9.91482352941177e-06	9.902941176470595e-06
6800	9.906451612903227e-06	9.918741935483872e-06	9.953870967741943e-06	9.98696774193549e-06	9.980193548387103e-06	9.883354838709678e-06	9.727483870967743e-06	9.689032258064516e-06	9.793483870967742e-06	9.862225806451614e-06	9.853032258064515e-06	9.873387096774194e-06	9.929838709677424e-06	9.934741935483877e-06	9.89603225806452e-06	9.886e-06	9.89603225806452e-06	9.889064516129037e-06	9.880645161290326e-06
6900	9.906250000000002e-06	9.913000000000003e-06	9.948812500000005e-06	9.988937500000003e-06	9.976156250000007e-06	9.884750000000006e-06	9.712937500000002e-06	9.623093750000004e-06	9.729093750000003e-06	9.833343750000004e-06	9.815312500000005e-06	9.79921875e-06	9.854937500000005e-06	9.899562500000003e-06	9.8925e-06	9.868968750000003e-06	9.837250000000001e-06	9.813937500000004e-06	9.809375000000005e-06
7000	9.953125000000005e-06	9.958000000000007e-06	9.974906250000006e-06	9.992812500000006e-06	9.979125000000008e-06	9.874593750000005e-06	9.696187500000001e-06	9.625624999999998e-06	9.729218750000003e-06	9.816312500000002e-06	9.793000000000003e-06	9.788468750000002e-06	9.850750000000002e-06	9.903843750000001e-06	9.923968750000005e-06	9.917968750000003e-06	9.891437500000006e-06	9.862531250000008e-06	9.850000000000006e-06
7100	9.89117647058824e-06	9.90858823529412e-06	9.955941176470595e-06	9.992941176470598e-06	9.984235294117655e-06	9.884764705882358e-06	9.681764705882356e-06	9.60008823529412e-06	9.738058823529417e-06	9.83323529411765e-06	9.79232352941177e-06	9.784294117647063e-06	9.854500000000004e-06	9.903705882352946e-06	9.906235294117655e-06	9.879411764705887e-06	9.835882352941181e-06	9.814852941176474e-06	9.814705882352945e-06
7200	1.0000000000000004e-05	1.0000000000000004e-05	1.0000000000000004e-05	1.0000000000000004e-05	9.980484848484855e-06	9.868666666666671e-06	9.682484848484852e-06	9.618090909090914e-06	9.73284848484849e-06	9.811000000000003e-06	9.75139393939394e-06	9.726969696969699e-06	9.811757575757578e-06	9.891151515151522e-06	9.91600000000001e-06	9.913727272727279e-06	9.928000000000006e-06	9.958212121212126e-06	9.969696969696973e-06
7300	1.0000000000000004e-05	1.0000000000000004e-05	9.999903225806457e-06	9.998290322580655e-06	9.984387096774199e-06	9.905000000000003e-06	9.632516129032261e-06	9.408161290322583e-06	9.569483870967744e-06	9.776967741935486e-06	9.767741935483872e-06	9.761258064516129e-06	9.848451612903227e-06	9.918580645161296e-06	9.93190322580646e-06	9.935000000000004e-06	9.95361290322581e-06	9.976677419354844e-06	9.983870967741943e-06
7400	1.0000000000000003e-05	1.0000000000000003e-05	9.989366666666673e-06	9.946300000000005e-06	9.882366666666669e-06	9.789900000000001e-06	9.3842e-06	8.998633333333336e-06	9.304300000000002e-06	9.719366666666669e-06	9.7459e-06	9.7248e-06	9.8035e-06	9.886733333333337e-06	9.914433333333338e-06	9.903300000000006e-06	9.884966666666671e-06	9.880000000000004e-06	9.880000000000004e-06
7500	9.818750000000003e-06	9.828062500000004e-06	9.849093750000002e-06	9.861906250000002e-06	9.859437500000005e-06	9.862656250000003e-06	9.844531250000001e-06	9.774187500000003e-06	9.73784375e-06	9.744843750000002e-06	9.730437500000004e-06	9.768937500000002e-06	9.872781250000002e-06	9.941656250000005e-06	9.958437500000007e-06	9.954250000000006e-06	9.948281250000003e-06	9.950281250000004e-06	9.953125000000005e-06
7600	9.956666666666669e-06	9.946266666666672e-06	9.907733333333335e-06	9.867166666666671e-06	9.8608e-06	9.874300000000003e-06	9.857200000000001e-06	9.794966666666669e-06	9.7491e-06	9.7178e-06	9.7064e-06	9.7951e-06	9.905166666666668e-06	9.926100000000001e-06	9.923633333333336e-06	9.959866666666671e-06	9.993200000000005e-06	1.0000000000000003e-05	1.0000000000000003e-05
7700	9.954838709677424e-06	9.945322580645164e-06	9.912741935483875e-06	9.858903225806454e-06	9.805290322580646e-06	9.793322580645165e-06	9.805290322580648e-06	9.778225806451615e-06	9.750290322580646e-06	9.72993548387097e-06	9.710870967741936e-06	9.789451612903226e-06	9.902774193548392e-06	9.927741935483872e-06	9.9221935483871e-06	9.955870967741939e-06	9.991903225806456e-06	1.0000000000000004e-05	1.0000000000000004e-05
7800	9.916129032258066e-06	9.892870967741938e-06	9.847967741935487e-06	9.811516129032262e-06	9.778000000000002e-06	9.779612903225809e-06	9.806000000000002e-06	9.795000000000002e-06	9.76845161290323e-06	9.765612903225807e-06	9.834935483870968e-06	9.938774193548393e-06	9.989967741935487e-06	1.0000000000000004e-05	1.0000000000000004e-05	1.0000000000000004e-05	1.0000000000000004e-05	1.0000000000000004e-05	1.0000000000000004e-05
7900	9.9e-06	9.874281250000003e-06	9.832875000000002e-06	9.808312500000003e-06	9.779406250000004e-06	9.773718750000006e-06	9.795281250000001e-06	9.790125000000001e-06	9.772562500000003e-06	9.776125000000003e-06	9.831312500000003e-06	9.919656250000003e-06	9.979750000000006e-06	9.998968750000003e-06	1.0000000000000004e-05	1.0000000000000004e-05	1.0000000000000004e-05	1.0000000000000004e-05	1.0000000000000004e-05
8000	9.996875000000004e-06	9.996875000000004e-06	9.998343750000005e-06	9.999906250000004e-06	1.0000000000000004e-05	9.994406250000004e-06	9.959468750000003e-06	9.882312500000001e-06	9.804656250000003e-06	9.780750000000003e-06	9.8315e-06	9.922562500000003e-06	9.982843750000003e-06	9.998093750000005e-06	9.998593750000002e-06	9.997375000000004e-06	9.997937500000006e-06	9.999500000000003e-06	1.0000000000000004e-05
8100	1.0000000000000003e-05	9.999333333333338e-06	9.997666666666673e-06	9.997333333333337e-06	9.999000000000004e-06	9.994000000000003e-06	9.955233333333334e-06	9.877633333333335e-06	9.794833333333335e-06	9.765933333333334e-06	9.832833333333337e-06	9.932433333333335e-06	9.987100000000003e-06	1.0000000000000003e-05	1.0000000000000003e-05	1.0000000000000003e-05	1.0000000000000003e-05	1.0000000000000003e-05	1.0000000000000003e-05
8200	9.996774193548395e-06	9.997516129032263e-06	9.999129032258067e-06	1.0000000000000004e-05	9.999645161290328e-06	9.99129032258065e-06	9.948870967741939e-06	9.838193548387098e-06	9.76641935483871e-06	9.854774193548389e-06	9.96796774193549e-06	9.973774193548394e-06	9.931322580645162e-06	9.932677419354843e-06	9.97287096774194e-06	9.996387096774196e-06	1.0000000000000004e-05	1.0000000000000004e-05	1.0000000000000004e-05
8300	9.987878787878793e-06	9.983757575757581e-06	9.960333333333337e-06	9.927666666666673e-06	9.908666666666674e-06	9.898121212121216e-06	9.870727272727276e-06	9.814818181818187e-06	9.784787878787881e-06	9.832424242424246e-06	9.913151515151521e-06	9.962818181818187e-06	9.987333333333337e-06	9.998060606060607e-06	9.996636363636369e-06	9.996151515151517e-06	9.997303030303034e-06	9.99906060606061e-06	1.0000000000000004e-05
8400	1.0000000000000003e-05	9.999600000000003e-06	9.978400000000003e-06	9.934600000000003e-06	9.904133333333337e-06	9.892700000000004e-06	9.87036666666667e-06	9.817600000000004e-06	9.763866666666668e-06	9.784233333333335e-06	9.886566666666668e-06	9.968300000000004e-06	9.988700000000007e-06	9.980933333333336e-06	9.946400000000002e-06	9.922500000000004e-06	9.95156666666667e-06	9.989533333333335e-06	1.0000000000000003e-05
8500	1.0000000000000003e-05	9.998862068965519e-06	9.980241379310348e-06	9.939241379310346e-06	9.902827586206898e-06	9.868551724137933e-06	9.818793103448275e-06	9.762758620689656e-06	9.755620689655173e-06	9.848827586206895e-06	9.956103448275863e-06	9.971241379310347e-06	9.935275862068967e-06	9.923172413793106e-06	9.923931034482762e-06	9.927344827586207e-06	9.958241379310349e-06	9.991034482758623e-06	1.0000000000000003e-05
8600	1.0000000000000003e-05	9.999200000000004e-06	9.975066666666674e-06	9.907533333333335e-06	9.842366666666666e-06	9.833900000000003e-06	9.83196666666667e-06	9.7707e-06	9.742366666666668e-06	9.822366666666668e-06	9.9002e-06	9.909933333333335e-06	9.901033333333332e-06	9.901033333333334e-06	9.904e-06	9.917733333333337e-06	9.956333333333337e-06	9.990933333333335e-06	1.0000000000000003e-05
8700	9.98125e-06	9.980437500000003e-06	9.958406250000005e-06	9.900625000000003e-06	9.840718750000002e-06	9.816750000000004e-06	9.780531250000003e-06	9.708968750000001e-06	9.719875e-06	9.827343750000005e-06	9.897656250000002e-06	9.899000000000001e-06	9.894812500000003e-06	9.910093750000003e-06	9.915468750000005e-06	9.906125000000005e-06	9.930843750000005e-06	9.974906250000002e-06	9.990625000000004e-06
8800	9.916666666666671e-06	9.91826666666667e-06	9.901433333333335e-06	9.840233333333336e-06	9.798733333333333e-06	9.819833333333334e-06	9.80196666666667e-06	9.695433333333335e-06	9.650500000000002e-06	9.764866666666669e-06	9.878933333333335e-06	9.890033333333339e-06	9.885433333333337e-06	9.90893333333334e-06	9.906700000000003e-06	9.86726666666667e-06	9.873633333333338e-06	9.927466666666671e-06	9.953333333333337e-06
8900	9.912500000000004e-06	9.912875000000001e-06	9.882500000000002e-06	9.814906250000002e-06	9.780093750000004e-06	9.801718750000004e-06	9.798031250000004e-06	9.714156250000005e-06	9.664937500000006e-06	9.753500000000004e-06	9.868656250000003e-06	9.902375e-06	9.907375000000004e-06	9.925968750000006e-06	9.908593750000005e-06	9.850906250000005e-06	9.837125000000001e-06	9.869343750000004e-06	9.884375000000006e-06
9000	9.996875000000004e-06	9.985343750000009e-06	9.919187500000006e-06	9.823937500000004e-06	9.787468750000002e-06	9.761562500000004e-06	8.910343750000001e-06	6.9695937500000006e-06	6.63821875e-06	8.612875e-06	9.848906250000004e-06	9.886750000000005e-06	9.888156250000003e-06	9.927843750000005e-06	9.953593750000005e-06	9.918218750000006e-06	9.873562500000002e-06	9.873937500000003e-06	9.884375000000003e-06
9100	1.0000000000000003e-05	9.987700000000004e-06	9.927500000000006e-06	9.832033333333335e-06	9.783766666666668e-06	9.780800000000003e-06	8.6932e-06	5.945199999999999e-06	5.2994000000000005e-06	8.025966666666667e-06	9.821566666666671e-06	9.888733333333332e-06	9.881166666666668e-06	9.923933333333335e-06	9.958800000000004e-06	9.92716666666667e-06	9.874533333333337e-06	9.860066666666666e-06	9.863333333333333e-06
9200	1.0000000000000003e-05	9.987866666666671e-06	9.940666666666673e-06	9.844166666666668e-06	9.776466666666667e-06	9.766966666666665e-06	9.130966666666664e-06	6.844766666666663e-06	5.770299999999996e-06	8.053100000000001e-06	9.828266666666667e-06	9.893133333333335e-06	9.893266666666667e-06	9.931100000000004e-06	9.96676666666667e-06	9.919933333333336e-06	9.849333333333334e-06	9.83166666666667e-06	9.833333333333335e-06
9300	1.0000000000000004e-05	9.985593750000006e-06	9.909937500000002e-06	9.783781250000003e-06	9.72634375e-06	9.655874999999998e-06	8.43115625e-06	5.7549687499999995e-06	5.292687500000001e-06	8.0079375e-06	9.738937500000004e-06	9.824218750000003e-06	9.859093750000003e-06	9.913625000000006e-06	9.913875000000007e-06	9.855156250000002e-06	9.824875000000001e-06	9.837625000000004e-06	9.843750000000004e-06
9400	9.906250000000002e-06	9.922375000000003e-06	9.960375000000005e-06	9.991125000000003e-06	1.0000000000000004e-05	9.994156250000005e-06	9.949687500000007e-06	9.792843750000004e-06	9.642125000000002e-06	9.704031250000003e-06	9.828343750000002e-06	9.824062500000002e-06	9.806562500000004e-06	9.869468750000004e-06	9.902125000000005e-06	9.846156250000003e-06	9.8103125e-06	9.827187500000002e-06	9.837500000000002e-06
9500	9.916129032258066e-06	9.925387096774198e-06	9.938838709677425e-06	9.934000000000003e-06	9.936064516129035e-06	9.959387096774195e-06	9.923096774193552e-06	9.211225806451617e-06	8.45474193548387e-06	8.997548387096775e-06	9.735741935483874e-06	9.802483870967744e-06	9.761419354838712e-06	9.800548387096776e-06	9.85535483870968e-06	9.834096774193552e-06	9.810354838709679e-06	9.83803225806452e-06	9.858064516129036e-06
9600	9.909677419354841e-06	9.923741935483875e-06	9.942838709677425e-06	9.931161290322585e-06	9.9241935483871e-06	9.944387096774197e-06	9.854903225806452e-06	7.673129032258066e-06	4.31709677419355e-06	5.013387096774194e-06	8.318999999999998e-06	9.704129032258064e-06	9.747290322580648e-06	9.786870967741936e-06	9.853548387096775e-06	9.845387096774194e-06	9.823064516129036e-06	9.845225806451618e-06	9.86129032258065e-06
9700	1.0000000000000004e-05	1.0000000000000004e-05	1.0000000000000004e-05	9.992272727272733e-06	9.953303030303034e-06	9.873454545454551e-06	9.407515151515155e-06	8.420939393939395e-06	8.18509090909091e-06	9.05524242424243e-06	9.602878787878791e-06	9.63409090909091e-06	9.686030303030305e-06	9.742696969696972e-06	9.805909090909095e-06	9.853696969696971e-06	9.871878787878791e-06	9.893242424242427e-06	9.906060606060612e-06
9800	1.0000000000000004e-05	1.0000000000000004e-05	1.0000000000000004e-05	9.991875000000007e-06	9.958968750000004e-06	9.910031250000004e-06	9.858812500000004e-06	9.759125000000001e-06	9.634250000000004e-06	9.589406250000002e-06	9.602593750000001e-06	9.627937500000004e-06	9.657000000000004e-06	9.68346875e-06	9.755375000000003e-06	9.824000000000003e-06	9.843656250000004e-06	9.860750000000004e-06	9.871875000000003e-06
9900	1.0000000000000003e-05	1.0000000000000003e-05	1.0000000000000003e-05	9.990933333333338e-06	9.959466666666668e-06	9.897533333333336e-06	9.82726666666667e-06	9.7189e-06	9.602733333333332e-06	9.5855e-06	9.621600000000001e-06	9.664600000000002e-06	9.691433333333333e-06	9.68876666666667e-06	9.722566666666667e-06	9.783666666666666e-06	9.829133333333336e-06	9.86596666666667e-06	9.883333333333334e-06
10000	9.982352941176477e-06	9.988411764705889e-06	9.997235294117656e-06	9.994970588235301e-06	9.962411764705886e-06	9.8854705882353e-06	9.790205882352944e-06	9.685588235294123e-06	9.592617647058828e-06	9.556176470588239e-06	9.567470588235297e-06	9.637441176470593e-06	9.70052941176471e-06	9.702882352941176e-06	9.759058823529414e-06	9.861235294117653e-06	9.928794117647065e-06	9.968500000000005e-06	9.982352941176477e-06
