	site
generation	50	100	150	200	250	300	350	400	450	500	550	600	650	700	750	800	850	900	950
0	1.0000000000000003e-05	1.0000000000000003e-05	1.0000000000000003e-05	1.0000000000000003e-05	1.0000000000000003e-05	1.0000000000000003e-05	1.0000000000000003e-05	1.0000000000000003e-05	1.0000000000000003e-05	1.0000000000000003e-05	1.0000000000000003e-05	1.0000000000000003e-05	1.0000000000000003e-05	1.0000000000000003e-05	1.0000000000000003e-05	1.0000000000000003e-05	1.0000000000000003e-05	1.0000000000000003e-05	1.0000000000000003e-05
100	9.954838709677424e-06	9.95329032258065e-06	9.933451612903227e-06	9.923645161290324e-06	9.958419354838715e-06	9.99235483870968e-06	1.0000000000000004e-05	1.0000000000000004e-05	1.0000000000000004e-05	1.0000000000000004e-05	9.987096774193554e-06	9.949290322580649e-06	9.922645161290328e-06	9.94503225806452e-06	9.983806451612908e-06	9.999225806451617e-06	1.0000000000000004e-05	1.0000000000000004e-05	1.0000000000000004e-05
200	9.963636363636373e-06	9.97027272727273e-06	9.959121212121218e-06	9.927090909090916e-06	9.935757575757583e-06	9.978393939393943e-06	9.98033333333334e-06	9.937333333333337e-06	9.924787878787885e-06	9.962878787878794e-06	9.990939393939399e-06	9.963606060606063e-06	9.889424242424246e-06	9.831636363636366e-06	9.843030303030307e-06	9.907454545454548e-06	9.968545454545456e-06	9.99357575757576e-06	9.996969696969698e-06
300	9.906060606060612e-06	9.920424242424246e-06	9.95545454545455e-06	9.960060606060612e-06	9.926909090909095e-06	9.931303030303036e-06	9.955969696969703e-06	9.933303030303037e-06	9.896151515151521e-06	9.892878787878795e-06	9.924454545454551e-06	9.93484848484849e-06	9.878181818181822e-06	9.827696969696974e-06	9.843878787878793e-06	9.881727272727273e-06	9.899242424242428e-06	9.91012121212122e-06	9.918181818181827e-06
400	9.982758620689659e-06	9.98317241379311e-06	9.990413793103451e-06	9.998206896551727e-06	9.99320689655173e-06	9.987137931034488e-06	9.993000000000002e-06	9.999482758620692e-06	1.0000000000000003e-05	1.0000000000000003e-05	1.0000000000000003e-05	1.0000000000000003e-05	1.0000000000000003e-05	1.0000000000000003e-05	1.0000000000000003e-05	1.0000000000000003e-05	9.999137931034487e-06	9.997413793103453e-06	9.996551724137936e-06
500	9.818750000000003e-06	9.838062500000004e-06	9.897500000000005e-06	9.952281250000007e-06	9.976687500000006e-06	9.991250000000004e-06	9.995656250000007e-06	9.992593750000006e-06	9.986812500000007e-06	9.985937500000006e-06	9.992062500000008e-06	9.992062500000006e-06	9.977875000000008e-06	9.968968750000005e-06	9.980437500000006e-06	9.992531250000007e-06	9.992781250000007e-06	9.989250000000008e-06	9.987500000000007e-06
600	9.784375000000004e-06	9.799062500000005e-06	9.853843750000003e-06	9.933531250000003e-06	9.976875000000006e-06	9.953750000000006e-06	9.918187500000007e-06	9.906125e-06	9.8665625e-06	9.810250000000003e-06	9.834812500000005e-06	9.929875000000005e-06	9.990125000000005e-06	9.999906250000004e-06	9.987093750000006e-06	9.947687500000002e-06	9.913625000000001e-06	9.906250000000002e-06	9.906250000000002e-06
700	1.0000000000000003e-05	1.0000000000000003e-05	1.0000000000000003e-05	1.0000000000000003e-05	1.0000000000000003e-05	1.0000000000000003e-05	1.0000000000000003e-05	1.0000000000000003e-05	1.0000000000000003e-05	1.0000000000000003e-05	1.0000000000000003e-05	1.0000000000000003e-05	1.0000000000000003e-05	1.0000000000000003e-05	1.0000000000000003e-05	1.0000000000000003e-05	1.0000000000000003e-05	1.0000000000000003e-05	1.0000000000000003e-05
800	9.978787878787885e-06	9.972454545454551e-06	9.94966666666667e-06	9.944151515151518e-06	9.974272727272733e-06	9.996060606060611e-06	9.974272727272733e-06	9.926575757575762e-06	9.92063636363637e-06	9.961969696969703e-06	9.992969696969701e-06	1.0000000000000004e-05	1.0000000000000004e-05	1.0000000000000004e-05	1.0000000000000004e-05	1.0000000000000004e-05	1.0000000000000004e-05	1.0000000000000004e-05	1.0000000000000004e-05
900	9.60967741935484e-06	9.631354838709678e-06	9.711967741935485e-06	9.811096774193549e-06	9.906741935483877e-06	9.97854838709678e-06	9.990580645161298e-06	9.978032258064518e-06	9.97403225806452e-06	9.986677419354844e-06	9.997548387096778e-06	1.0000000000000004e-05	1.0000000000000004e-05	1.0000000000000004e-05	1.0000000000000004e-05	9.99732258064517e-06	9.984322580645163e-06	9.969258064516131e-06	9.96451612903226e-06
1000	9.931250000000003e-06	9.900750000000002e-06	9.852625000000001e-06	9.868156250000005e-06	9.923718750000003e-06	9.954843750000005e-06	9.971156250000006e-06	9.984531250000005e-06	9.994656250000005e-06	9.999500000000003e-06	1.0000000000000004e-05	1.0000000000000004e-05	1.0000000000000004e-05	9.999781250000002e-06	9.993718750000005e-06	9.976687500000005e-06	9.947968750000007e-06	9.921468750000008e-06	9.912500000000005e-06
1100	9.893750000000005e-06	9.882218750000005e-06	9.853062500000003e-06	9.840468750000003e-06	9.835718750000003e-06	9.830781250000005e-06	9.871718750000002e-06	9.922656250000003e-06	9.927500000000003e-06	9.925031250000006e-06	9.959437500000004e-06	9.993156250000003e-06	1.0000000000000004e-05	1.0000000000000004e-05	1.0000000000000004e-05	1.0000000000000004e-05	9.998968750000003e-06	9.997406250000004e-06	9.996875000000004e-06
1200	9.98666666666667e-06	9.987800000000006e-06	9.990866666666673e-06	9.99473333333334e-06	9.99596666666667e-06	9.99543333333334e-06	9.996833333333339e-06	9.999033333333337e-06	1.0000000000000003e-05	1.0000000000000003e-05	1.0000000000000003e-05	9.998866666666673e-06	9.995800000000005e-06	9.991933333333338e-06	9.991400000000006e-06	9.99586666666667e-06	9.99946666666667e-06	1.0000000000000003e-05	1.0000000000000003e-05
1300	1.0000000000000004e-05	1.0000000000000004e-05	1.0000000000000004e-05	1.0000000000000004e-05	1.0000000000000004e-05	1.0000000000000004e-05	1.0000000000000004e-05	1.0000000000000004e-05	1.0000000000000004e-05	1.0000000000000004e-05	1.0000000000000004e-05	1.0000000000000004e-05	9.997468750000003e-06	9.992375000000006e-06	9.991187500000004e-06	9.995125000000005e-06	9.996125000000008e-06	9.994156250000007e-06	9.993750000000009e-06
1400	9.924137931034484e-06	9.942103448275864e-06	9.978379310344832e-06	9.99834482758621e-06	1.0000000000000003e-05	9.982034482758624e-06	9.944793103448277e-06	9.93934482758621e-06	9.972448275862072e-06	9.99586206896552e-06	9.999034482758624e-06	9.97734482758621e-06	9.928172413793106e-06	9.896965517241377e-06	9.914482758620694e-06	9.937793103448279e-06	9.931655172413796e-06	9.923310344827588e-06	9.924137931034484e-06
1500	1.0000000000000004e-05	1.0000000000000004e-05	1.0000000000000004e-05	1.0000000000000004e-05	1.0000000000000004e-05	1.0000000000000004e-05	1.0000000000000004e-05	9.998645161290333e-06	9.997032258064525e-06	9.998129032258067e-06	9.999741935483874e-06	1.0000000000000004e-05	1.0000000000000004e-05	1.0000000000000004e-05	1.0000000000000004e-05	1.0000000000000004e-05	9.985806451612909e-06	9.94387096774194e-06	9.916129032258066e-06
1600	1.0000000000000004e-05	9.998625000000005e-06	9.997062500000005e-06	9.998250000000004e-06	9.999812500000003e-06	9.999062500000003e-06	9.992406250000005e-06	9.986468750000008e-06	9.991968750000005e-06	9.998843750000005e-06	9.996937500000007e-06	9.993812500000008e-06	9.996812500000003e-06	9.999937500000005e-06	1.0000000000000004e-05	1.0000000000000004e-05	9.985531250000007e-06	9.951156250000003e-06	9.931250000000003e-06
1700	9.931250000000003e-06	9.942656250000001e-06	9.972750000000005e-06	9.995718750000005e-06	1.0000000000000004e-05	1.0000000000000004e-05	1.0000000000000004e-05	1.0000000000000004e-05	1.0000000000000004e-05	1.0000000000000004e-05	1.0000000000000004e-05	1.0000000000000004e-05	1.0000000000000004e-05	1.0000000000000004e-05	9.999437500000004e-06	9.997187500000004e-06	9.968968750000005e-06	9.90090625000001e-06	9.859375000000008e-06
1800	9.925806451612908e-06	9.935774193548388e-06	9.967677419354843e-06	9.980000000000006e-06	9.946774193548389e-06	9.92687096774194e-06	9.933870967741938e-06	9.928612903225809e-06	9.93329032258065e-06	9.946322580645166e-06	9.932645161290327e-06	9.935677419354842e-06	9.97354838709678e-06	9.997451612903228e-06	9.999612903225812e-06	9.984903225806456e-06	9.910806451612909e-06	9.807774193548392e-06	9.764516129032262e-06
1900	9.906250000000002e-06	9.874125000000003e-06	9.823250000000003e-06	9.852218750000003e-06	9.941593750000003e-06	9.978437500000007e-06	9.958593750000006e-06	9.953718750000006e-06	9.979062500000003e-06	9.995656250000005e-06	9.97859375000001e-06	9.934093750000005e-06	9.912531250000003e-06	9.941531250000003e-06	9.978843750000003e-06	9.994593750000005e-06	9.998781250000002e-06	1.0000000000000004e-05	1.0000000000000004e-05
2000	9.826666666666667e-06	9.823533333333332e-06	9.8276e-06	9.869366666666666e-06	9.935300000000005e-06	9.959033333333336e-06	9.944500000000004e-06	9.949900000000001e-06	9.977700000000004e-06	9.996600000000004e-06	1.0000000000000003e-05	1.0000000000000003e-05	1.0000000000000003e-05	1.0000000000000003e-05	1.0000000000000003e-05	1.0000000000000003e-05	1.0000000000000003e-05	1.0000000000000003e-05	1.0000000000000003e-05
2100	9.79677419354839e-06	9.804387096774197e-06	9.843161290322585e-06	9.908903225806455e-06	9.968741935483874e-06	9.9963870967742e-06	9.997774193548395e-06	9.9973870967742e-06	9.999000000000004e-06	1.0000000000000004e-05	9.998516129032269e-06	9.996903225806458e-06	9.998258064516132e-06	9.999258064516134e-06	9.996870967741946e-06	9.979774193548392e-06	9.933967741935491e-06	9.898451612903231e-06	9.893548387096782e-06
2200	9.850000000000002e-06	9.811966666666669e-06	9.763266666666668e-06	9.819866666666666e-06	9.916400000000002e-06	9.932000000000002e-06	9.919566666666672e-06	9.949633333333337e-06	9.980366666666674e-06	9.953566666666669e-06	9.921233333333336e-06	9.939100000000005e-06	9.954766666666673e-06	9.92316666666667e-06	9.893500000000004e-06	9.892400000000004e-06	9.914666666666668e-06	9.948733333333337e-06	9.963333333333335e-06
2300	9.851612903225811e-06	9.831290322580646e-06	9.777677419354842e-06	9.791516129032262e-06	9.89635483870968e-06	9.948870967741939e-06	9.933354838709681e-06	9.944129032258069e-06	9.97745161290323e-06	9.96867741935484e-06	9.93093548387097e-06	9.907193548387102e-06	9.880387096774196e-06	9.86780645161291e-06	9.883548387096778e-06	9.88483870967742e-06	9.901903225806455e-06	9.942129032258068e-06	9.958064516129039e-06
2400	9.903125000000007e-06	9.862218750000005e-06	9.753781250000003e-06	9.733562500000002e-06	9.861812500000004e-06	9.970281250000004e-06	9.998906250000004e-06	1.0000000000000004e-05	1.0000000000000004e-05	9.998593750000002e-06	9.988593750000006e-06	9.951500000000006e-06	9.888906250000003e-06	9.833062500000003e-06	9.794718750000003e-06	9.774187500000003e-06	9.802406250000002e-06	9.864156250000003e-06	9.893750000000005e-06
2500	9.910000000000003e-06	9.871966666666668e-06	9.7564e-06	9.683966666666666e-06	9.737433333333333e-06	9.822533333333336e-06	9.879833333333333e-06	9.912400000000002e-06	9.95186666666667e-06	9.98966666666667e-06	9.99576666666667e-06	9.971066666666672e-06	9.906466666666669e-06	9.838133333333335e-06	9.805600000000001e-06	9.7978e-06	9.5819e-06	9.296066666666664e-06	9.226666666666666e-06
2600	9.935483870967745e-06	9.887935483870969e-06	9.770354838709678e-06	9.70893548387097e-06	9.758645161290325e-06	9.837903225806454e-06	9.894193548387099e-06	9.927870967741939e-06	9.964645161290327e-06	9.99293548387097e-06	9.995354838709681e-06	9.963580645161295e-06	9.808612903225808e-06	8.000322580645163e-06	5.716161290322578e-06	6.788193548387097e-06	9.188387096774195e-06	9.922548387096781e-06	9.932258064516135e-06
2700	9.935483870967745e-06	9.92693548387097e-06	9.922806451612908e-06	9.934774193548391e-06	9.909806451612908e-06	9.859419354838711e-06	9.881741935483873e-06	9.954096774193553e-06	9.99312903225807e-06	1.0000000000000004e-05	1.0000000000000004e-05	1.0000000000000004e-05	9.997774193548394e-06	9.98329032258065e-06	9.952161290322583e-06	9.919096774193552e-06	9.871548387096776e-06	9.81425806451613e-06	9.790322580645163e-06
2800	9.879310344827587e-06	9.840344827586207e-06	9.756551724137931e-06	9.775758620689656e-06	9.889206896551725e-06	9.92889655172414e-06	9.925827586206896e-06	9.955551724137936e-06	9.989310344827589e-06	1.0000000000000003e-05	1.0000000000000003e-05	1.0000000000000003e-05	9.995551724137934e-06	9.968931034482762e-06	9.926896551724142e-06	9.924655172413796e-06	9.952275862068966e-06	9.955275862068967e-06	9.948275862068969e-06
2900	9.925806451612908e-06	9.944677419354842e-06	9.98170967741936e-06	9.999935483870972e-06	1.0000000000000004e-05	1.0000000000000004e-05	1.0000000000000004e-05	1.0000000000000004e-05	1.0000000000000004e-05	1.0000000000000004e-05	1.0000000000000004e-05	1.0000000000000004e-05	1.0000000000000004e-05	1.0000000000000004e-05	1.0000000000000004e-05	1.0000000000000004e-05	1.0000000000000004e-05	1.0000000000000004e-05	1.0000000000000004e-05
3000	9.941176470588241e-06	9.958794117647065e-06	9.987382352941185e-06	9.997705882352948e-06	9.995382352941185e-06	9.99391176470589e-06	9.99650000000001e-06	9.999441176470599e-06	1.000000000000001e-05	1.000000000000001e-05	1.000000000000001e-05	1.000000000000001e-05	9.99935294117648e-06	9.997882352941184e-06	9.993235294117654e-06	9.985882352941183e-06	9.986705882352948e-06	9.99405882352942e-06	9.997058823529419e-06
3100	9.903225806451614e-06	9.910032258064521e-06	9.928129032258067e-06	9.93954838709678e-06	9.923709677419356e-06	9.916064516129036e-06	9.93683870967742e-06	9.913516129032264e-06	9.845967741935486e-06	9.856580645161291e-06	9.931516129032258e-06	9.956516129032262e-06	9.956000000000001e-06	9.963580645161292e-06	9.95945161290323e-06	9.966193548387103e-06	9.988000000000005e-06	9.9975806451613e-06	9.996774193548395e-06
3200	9.996875000000004e-06	9.996406250000007e-06	9.994843750000008e-06	9.993281250000007e-06	9.991718750000003e-06	9.991562500000002e-06	9.992437500000004e-06	9.98181250000001e-06	9.964625000000003e-06	9.968375000000008e-06	9.986250000000006e-06	9.991718750000004e-06	9.989875000000002e-06	9.990343750000005e-06	9.990062500000005e-06	9.992093750000007e-06	9.997062500000002e-06	9.999718750000003e-06	1.0000000000000004e-05
3300	1.0000000000000004e-05	1.0000000000000004e-05	1.0000000000000004e-05	1.0000000000000004e-05	1.0000000000000004e-05	9.996419354838719e-06	9.952709677419358e-06	9.83925806451613e-06	9.737451612903227e-06	9.750903225806456e-06	9.831548387096776e-06	9.899645161290325e-06	9.958935483870972e-06	9.994419354838714e-06	1.0000000000000004e-05	1.0000000000000004e-05	1.0000000000000004e-05	1.0000000000000004e-05	1.0000000000000004e-05
3400	9.978787878787885e-06	9.977515151515156e-06	9.98066666666667e-06	9.992424242424246e-06	9.999878787878792e-06	9.990424242424247e-06	9.94754545454546e-06	9.848090909090913e-06	9.742121212121214e-06	9.738363636363641e-06	9.813030303030307e-06	9.873060606060611e-06	9.91906060606061e-06	9.959000000000006e-06	9.984303030303036e-06	9.995575757575763e-06	9.995000000000007e-06	9.992000000000007e-06	9.9909090909091e-06
3500	1.0000000000000004e-05	1.0000000000000004e-05	1.0000000000000004e-05	1.0000000000000004e-05	1.0000000000000004e-05	9.992218750000007e-06	9.930625000000005e-06	9.812562500000006e-06	9.683437500000002e-06	9.651031250000002e-06	9.751781249999999e-06	9.851906250000002e-06	9.934156250000004e-06	9.992281250000003e-06	1.0000000000000004e-05	9.996000000000004e-06	9.960000000000006e-06	9.918687500000006e-06	9.909375000000005e-06
3600	1.0000000000000004e-05	1.0000000000000004e-05	1.0000000000000004e-05	1.0000000000000004e-05	9.99954545454546e-06	9.985545454545462e-06	9.931575757575761e-06	9.824606060606063e-06	9.67666666666667e-06	9.631242424242427e-06	9.729909090909095e-06	9.83018181818182e-06	9.919909090909094e-06	9.976787878787887e-06	9.988393939393942e-06	9.991787878787886e-06	9.960515151515158e-06	9.922424242424245e-06	9.912121212121214e-06
3700	1.0000000000000004e-05	1.0000000000000004e-05	1.0000000000000004e-05	1.0000000000000004e-05	9.999468750000004e-06	9.976406250000005e-06	9.466687500000001e-06	7.687531250000003e-06	6.811593749999998e-06	8.491687500000003e-06	9.776562500000005e-06	9.816000000000004e-06	9.872812500000006e-06	9.938718750000005e-06	9.979125000000002e-06	9.991562500000005e-06	9.970437500000005e-06	9.935718750000003e-06	9.921875000000004e-06
3800	1.0000000000000004e-05	1.0000000000000004e-05	1.0000000000000004e-05	1.0000000000000004e-05	1.0000000000000004e-05	9.998677419354848e-06	9.997064516129041e-06	9.99809677419355e-06	9.999709677419358e-06	1.0000000000000004e-05	1.0000000000000004e-05	9.998677419354848e-06	9.997064516129041e-06	9.99809677419355e-06	9.999709677419358e-06	1.0000000000000004e-05	1.0000000000000004e-05	1.0000000000000004e-05	1.0000000000000004e-05
3900	9.978125000000007e-06	9.974093750000006e-06	9.968531250000003e-06	9.974343750000007e-06	9.989062500000005e-06	9.993375000000005e-06	9.977343750000005e-06	9.964281250000006e-06	9.978031250000004e-06	9.995937500000005e-06	9.995156250000008e-06	9.980218750000004e-06	9.958937500000005e-06	9.956000000000004e-06	9.977468750000004e-06	9.990656250000003e-06	9.993437500000004e-06	9.998125000000005e-06	1.0000000000000004e-05
4000	9.96129032258065e-06	9.935483870967747e-06	9.873000000000002e-06	9.85851612903226e-06	9.927000000000005e-06	9.972096774193555e-06	9.945225806451615e-06	9.92751612903226e-06	9.953741935483875e-06	9.949387096774198e-06	9.873387096774194e-06	9.810580645161288e-06	9.808645161290324e-06	9.835354838709678e-06	9.891419354838714e-06	9.923580645161292e-06	9.909903225806456e-06	9.911741935483876e-06	9.922580645161297e-06
4100	1.0000000000000003e-05	1.0000000000000003e-05	1.0000000000000003e-05	1.0000000000000003e-05	1.0000000000000003e-05	1.0000000000000003e-05	1.0000000000000003e-05	1.0000000000000003e-05	1.0000000000000003e-05	9.998800000000005e-06	9.995900000000007e-06	9.993766666666676e-06	9.99333333333334e-06	9.99453333333334e-06	9.997433333333339e-06	9.99956666666667e-06	1.0000000000000003e-05	1.0000000000000003e-05	1.0000000000000003e-05
4200	9.966666666666672e-06	9.956833333333338e-06	9.930266666666669e-06	9.905066666666668e-06	9.880066666666665e-06	9.867233333333334e-06	9.887033333333334e-06	9.920733333333337e-06	9.960700000000004e-06	9.984533333333336e-06	9.964800000000003e-06	9.936200000000003e-06	9.949266666666671e-06	9.984133333333337e-06	9.998833333333338e-06	9.985900000000005e-06	9.95876666666667e-06	9.947433333333336e-06	9.950000000000003e-06
4300	1.0000000000000003e-05	9.992413793103452e-06	9.949655172413798e-06	9.876413793103452e-06	9.82434482758621e-06	9.810793103448276e-06	9.832172413793103e-06	9.885206896551728e-06	9.945551724137934e-06	9.98689655172414e-06	1.0000000000000003e-05	1.0000000000000003e-05	1.0000000000000003e-05	1.0000000000000003e-05	1.0000000000000003e-05	1.0000000000000003e-05	1.0000000000000003e-05	1.0000000000000003e-05	1.0000000000000003e-05
4400	1.0000000000000004e-05	9.994774193548396e-06	9.970903225806456e-06	9.915967741935489e-06	9.872516129032264e-06	9.87929032258065e-06	9.904483870967745e-06	9.916419354838713e-06	9.924290322580648e-06	9.958225806451618e-06	9.992322580645164e-06	9.999838709677423e-06	9.999483870967749e-06	9.994000000000008e-06	9.988580645161297e-06	9.993096774193553e-06	9.99903225806452e-06	1.0000000000000004e-05	1.0000000000000004e-05
4500	1.0000000000000004e-05	9.989838709677423e-06	9.934387096774199e-06	9.833e-06	9.797419354838713e-06	9.883903225806456e-06	9.974548387096776e-06	9.985838709677423e-06	9.954548387096782e-06	9.941774193548393e-06	9.964903225806456e-06	9.99145161290323e-06	9.991580645161296e-06	9.941129032258065e-06	9.868387096774193e-06	9.87251612903226e-06	9.946483870967746e-06	9.992806451612907e-06	1.0000000000000004e-05
4600	1.0000000000000004e-05	9.994437500000006e-06	9.937906250000004e-06	9.816687500000003e-06	9.776750000000003e-06	9.882750000000003e-06	9.979093750000004e-06	9.989843750000005e-06	9.957062500000004e-06	9.928687500000005e-06	9.946062500000004e-06	9.984468750000005e-06	9.991718750000008e-06	9.941968750000005e-06	9.868750000000003e-06	9.848843750000003e-06	9.879593750000002e-06	9.910187500000003e-06	9.921875000000004e-06
4700	1.0000000000000003e-05	9.99272413793104e-06	9.952379310344829e-06	9.871172413793106e-06	9.838068965517245e-06	9.908517241379313e-06	9.981965517241382e-06	9.985379310344834e-06	9.95193103448276e-06	9.938620689655172e-06	9.96241379310345e-06	9.98979310344828e-06	9.995413793103452e-06	9.947689655172415e-06	9.87137931034483e-06	9.854137931034484e-06	9.885620689655176e-06	9.909758620689655e-06	9.917241379310347e-06
4800	1.0000000000000004e-05	9.989625000000005e-06	9.931531250000002e-06	9.832375000000004e-06	9.798937500000001e-06	9.878375000000002e-06	9.969531250000004e-06	9.987968750000006e-06	9.950875000000003e-06	9.924187500000003e-06	9.949125000000004e-06	9.987468750000003e-06	9.995187500000005e-06	9.948906250000003e-06	9.85559375e-06	9.807656250000003e-06	9.842687500000002e-06	9.891593750000002e-06	9.909375e-06
4900	9.993939393939399e-06	9.98075757575758e-06	9.904787878787884e-06	9.806393939393942e-06	9.819333333333338e-06	9.919303030303036e-06	9.982909090909095e-06	9.983939393939402e-06	9.961030303030308e-06	9.957939393939398e-06	9.980727272727277e-06	9.997424242424247e-06	1.0000000000000004e-05	1.0000000000000004e-05	1.0000000000000004e-05	1.0000000000000004e-05	1.0000000000000004e-05	1.0000000000000004e-05	1.0000000000000004e-05
5000	9.996969696969698e-06	9.974242424242432e-06	9.88145454545455e-06	9.773454545454545e-06	9.774303030303034e-06	9.87515151515152e-06	9.965393939393942e-06	9.975515151515159e-06	9.938787878787882e-06	9.935878787878793e-06	9.973515151515154e-06	9.997696969696974e-06	1.0000000000000004e-05	9.998363636363642e-06	9.995333333333337e-06	9.995575757575763e-06	9.998606060606064e-06	1.0000000000000004e-05	1.0000000000000004e-05
5100	1.0000000000000004e-05	9.992343750000004e-06	9.976531250000006e-06	9.973093750000007e-06	9.985968750000005e-06	9.997062500000005e-06	9.998937500000004e-06	9.988156250000006e-06	9.972406250000005e-06	9.975218750000005e-06	9.991156250000004e-06	9.999125000000004e-06	1.0000000000000004e-05	1.0000000000000004e-05	1.0000000000000004e-05	1.0000000000000004e-05	1.0000000000000004e-05	1.0000000000000004e-05	1.0000000000000004e-05
5200	9.980645161290329e-06	9.972354838709682e-06	9.940903225806456e-06	9.926709677419359e-06	9.960806451612908e-06	9.992967741935487e-06	1.0000000000000004e-05	1.0000000000000004e-05	9.996580645161296e-06	9.973322580645163e-06	9.933709677419357e-06	9.91225806451613e-06	9.913451612903229e-06	9.935806451612908e-06	9.974387096774202e-06	9.987806451612906e-06	9.967774193548392e-06	9.955741935483876e-06	9.958064516129039e-06
5300	9.959375000000007e-06	9.967218750000005e-06	9.985718750000003e-06	9.997812500000005e-06	9.999625000000002e-06	1.0000000000000004e-05	1.0000000000000004e-05	1.0000000000000004e-05	1.0000000000000004e-05	1.0000000000000004e-05	1.0000000000000004e-05	9.990968750000008e-06	9.964500000000008e-06	9.940468750000004e-06	9.951218750000005e-06	9.984187500000003e-06	9.999906250000004e-06	1.0000000000000004e-05	1.0000000000000004e-05
5400	9.982758620689659e-06	9.946310344827591e-06	9.859620689655172e-06	9.705620689655175e-06	9.59037931034483e-06	9.692068965517241e-06	9.850344827586209e-06	9.865482758620692e-06	9.826448275862072e-06	9.882137931034485e-06	9.97341379310345e-06	9.967034482758625e-06	9.901551724137933e-06	9.869931034482759e-06	9.901000000000002e-06	9.963034482758623e-06	9.997482758620693e-06	1.0000000000000003e-05	1.0000000000000003e-05
5500	9.962500000000007e-06	9.953500000000004e-06	9.897281250000005e-06	9.779468750000001e-06	9.732781250000001e-06	9.829312500000003e-06	9.917937500000006e-06	9.913718750000006e-06	9.896218750000003e-06	9.933406250000006e-06	9.974937500000004e-06	9.959343750000006e-06	9.917531250000005e-06	9.905000000000004e-06	9.935468750000005e-06	9.978937500000005e-06	9.999281250000003e-06	1.0000000000000004e-05	1.0000000000000004e-05
5600	9.933333333333337e-06	9.942484848484853e-06	9.9489393939394e-06	9.92906060606061e-06	9.913515151515153e-06	9.912454545454549e-06	9.923212121212125e-06	9.959818181818187e-06	9.986818181818189e-06	9.987969696969704e-06	9.988212121212126e-06	9.994787878787883e-06	9.999212121212124e-06	1.0000000000000004e-05	1.0000000000000004e-05	9.997878787878795e-06	9.990666666666674e-06	9.983696969696977e-06	9.981818181818188e-06
5700	9.954838709677424e-06	9.962483870967745e-06	9.965709677419361e-06	9.950645161290324e-06	9.942580645161295e-06	9.942258064516134e-06	9.945225806451618e-06	9.968903225806456e-06	9.991580645161296e-06	9.980129032258068e-06	9.949483870967749e-06	9.935322580645164e-06	9.935193548387101e-06	9.946838709677426e-06	9.974354838709686e-06	9.98551612903226e-06	9.972161290322587e-06	9.963870967741938e-06	9.96451612903226e-06
5800	9.927272727272732e-06	9.943515151515155e-06	9.97715151515152e-06	9.970424242424249e-06	9.926818181818187e-06	9.930515151515155e-06	9.975242424242429e-06	9.992666666666672e-06	9.968060606060613e-06	9.932121212121218e-06	9.932303030303037e-06	9.947545454545458e-06	9.929121212121216e-06	9.927848484848491e-06	9.967484848484853e-06	9.98957575757576e-06	9.970212121212128e-06	9.942484848484853e-06	9.933333333333337e-06
5900	9.959375000000007e-06	9.969156250000005e-06	9.985437500000007e-06	9.972125000000002e-06	9.937000000000005e-06	9.937812500000003e-06	9.971937500000005e-06	9.990375000000003e-06	9.974218750000003e-06	9.949218750000008e-06	9.958312500000003e-06	9.987718750000002e-06	9.999812500000003e-06	1.0000000000000004e-05	1.0000000000000004e-05	1.0000000000000004e-05	1.0000000000000004e-05	1.0000000000000004e-05	1.0000000000000004e-05
6000	9.938709677419356e-06	9.947483870967745e-06	9.974612903225813e-06	9.976419354838714e-06	9.938354838709682e-06	9.93170967741936e-06	9.97087096774194e-06	9.99754838709678e-06	9.98670967741936e-06	9.953838709677424e-06	9.933580645161294e-06	9.952645161290328e-06	9.986161290322583e-06	1.0000000000000004e-05	1.0000000000000004e-05	1.0000000000000004e-05	9.999419354838717e-06	9.996193548387108e-06	9.99354838709678e-06
6100	9.941935483870972e-06	9.924354838709685e-06	9.879129032258065e-06	9.854774193548389e-06	9.865580645161292e-06	9.88658064516129e-06	9.921516129032261e-06	9.961838709677425e-06	9.962064516129037e-06	9.89245161290323e-06	9.829645161290328e-06	9.820225806451617e-06	9.836000000000002e-06	9.888096774193552e-06	9.913548387096778e-06	9.85703225806452e-06	9.818967741935488e-06	9.839483870967747e-06	9.854838709677422e-06
6200	9.923333333333337e-06	9.902800000000001e-06	9.857600000000002e-06	9.875333333333337e-06	9.955166666666669e-06	9.996300000000003e-06	1.0000000000000003e-05	9.995700000000003e-06	9.961200000000006e-06	9.890099999999999e-06	9.8358e-06	9.823833333333334e-06	9.842266666666667e-06	9.891166666666671e-06	9.903666666666666e-06	9.851000000000003e-06	9.858733333333336e-06	9.929866666666673e-06	9.960000000000006e-06
6300	9.777419354838713e-06	9.752387096774195e-06	9.736903225806454e-06	9.819032258064516e-06	9.940967741935486e-06	9.995161290322584e-06	1.0000000000000004e-05	9.996483870967749e-06	9.961774193548393e-06	9.892903225806452e-06	9.840064516129034e-06	9.80203225806452e-06	9.715258064516131e-06	9.656451612903226e-06	9.7221935483871e-06	9.803129032258068e-06	9.866870967741939e-06	9.9341935483871e-06	9.958064516129039e-06
6400	9.79354838709678e-06	9.751032258064518e-06	9.71135483870968e-06	9.809064516129034e-06	9.941612903225812e-06	9.978419354838715e-06	9.985935483870974e-06	9.993258064516133e-06	9.965000000000004e-06	9.891258064516134e-06	9.82903225806452e-06	9.787645161290326e-06	9.709580645161289e-06	9.673935483870969e-06	9.74351612903226e-06	9.809483870967742e-06	9.858903225806454e-06	9.920193548387099e-06	9.945161290322583e-06
6500	9.838709677419356e-06	9.877161290322585e-06	9.955548387096779e-06	9.997741935483875e-06	9.997096774193555e-06	9.971129032258067e-06	9.92987096774194e-06	9.926225806451616e-06	9.934483870967745e-06	9.887967741935485e-06	9.833774193548392e-06	9.42758064516129e-06	8.709806451612906e-06	8.760967741935485e-06	9.469645161290326e-06	9.82735483870968e-06	9.882483870967743e-06	9.933354838709681e-06	9.954838709677424e-06
6600	9.860000000000004e-06	9.894100000000002e-06	9.960300000000004e-06	9.996200000000003e-06	9.99376666666667e-06	9.95566666666667e-06	9.900533333333336e-06	9.897466666666673e-06	9.90803333333334e-06	9.858133333333335e-06	9.818700000000001e-06	9.832800000000005e-06	9.847066666666671e-06	9.876333333333339e-06	9.941900000000006e-06	9.989600000000003e-06	1.0000000000000003e-05	1.0000000000000003e-05	1.0000000000000003e-05
6700	9.811111111111116e-06	9.850888888888894e-06	9.938000000000005e-06	9.99200000000001e-06	9.996361111111117e-06	9.9486388888889e-06	9.859611111111117e-06	9.83791666666667e-06	9.858388888888893e-06	9.825083333333339e-06	9.79019444444445e-06	9.758861111111116e-06	9.699833333333337e-06	9.732861111111115e-06	9.87833333333334e-06	9.979972222222232e-06	9.999916666666676e-06	9.998583333333345e-06	9.997222222222234e-06
6800	9.829411764705888e-06	9.866941176470594e-06	9.948852941176478e-06	9.996617647058833e-06	9.99541176470589e-06	9.95376470588236e-06	9.882176470588242e-06	9.8659705882353e-06	9.862676470588242e-06	9.791205882352945e-06	9.756823529411766e-06	9.778176470588243e-06	9.760500000000004e-06	9.77788235294118e-06	9.863088235294126e-06	9.870235294117654e-06	9.816647058823533e-06	9.822147058823533e-06	9.844117647058827e-06
6900	9.800000000000006e-06	9.826000000000006e-06	9.875970588235298e-06	9.921500000000005e-06	9.95961764705883e-06	9.933264705882356e-06	9.85582352941177e-06	9.847264705882357e-06	9.851205882352946e-06	9.765941176470591e-06	9.696970588235298e-06	9.67988235294118e-06	9.65823529411765e-06	9.716852941176475e-06	9.837823529411767e-06	9.838941176470594e-06	9.766411764705885e-06	9.775352941176472e-06	9.805882352941178e-06
7000	9.793750000000003e-06	9.794406250000004e-06	9.793812500000002e-06	9.802531250000004e-06	9.844218750000003e-06	9.897375000000004e-06	9.931625000000003e-06	9.949343750000003e-06	9.891406250000004e-06	9.753906249999999e-06	9.683375000000003e-06	9.688500000000004e-06	9.672687500000004e-06	9.678000000000005e-06	9.647906250000003e-06	9.455062500000001e-06	9.375625000000006e-06	9.57934375000001e-06	9.72187500000001e-06
7100	9.724137931034479e-06	9.202310344827583e-06	7.643862068965517e-06	7.126241379310344e-06	8.717241379310343e-06	9.865137931034485e-06	9.962448275862072e-06	9.971482758620694e-06	9.923413793103452e-06	9.839551724137932e-06	9.782827586206898e-06	9.763103448275861e-06	9.74644827586207e-06	9.778793103448276e-06	9.833965517241378e-06	9.79955172413793e-06	9.725793103448281e-06	9.731206896551727e-06	9.758620689655174e-06
7200	9.809090909090913e-06	9.506333333333334e-06	8.439939393939393e-06	7.97227272727273e-06	9.055878787878791e-06	9.881515151515158e-06	9.925727272727278e-06	9.949393939393944e-06	9.9819696969697e-06	9.998545454545458e-06	1.0000000000000004e-05	1.0000000000000004e-05	1.0000000000000004e-05	9.9999696969697e-06	9.989484848484856e-06	9.955727272727278e-06	9.93142424242425e-06	9.937939393939403e-06	9.945454545454551e-06
7300	9.760606060606065e-06	9.383333333333337e-06	8.00578787878788e-06	7.353030303030306e-06	8.727636363636367e-06	9.825424242424245e-06	9.904939393939397e-06	9.939151515151519e-06	9.98084848484849e-06	9.998575757575763e-06	1.0000000000000004e-05	1.0000000000000004e-05	1.0000000000000004e-05	9.999757575757579e-06	9.983000000000006e-06	9.932575757575763e-06	9.899818181818186e-06	9.924727272727278e-06	9.948484848484854e-06
7400	9.703225806451615e-06	9.08877419354839e-06	6.8760645161290325e-06	5.733000000000001e-06	7.82909677419355e-06	9.679677419354842e-06	9.898774193548392e-06	9.930483870967746e-06	9.97416129032259e-06	9.995967741935493e-06	9.982741935483876e-06	9.947258064516134e-06	9.927483870967745e-06	9.952258064516134e-06	9.98745161290323e-06	9.99112903225807e-06	9.960516129032264e-06	9.933870967741942e-06	9.929032258064522e-06
7500	8.434374999999998e-06	7.296281249999999e-06	4.3418125e-06	3.776624999999999e-06	6.933937500000001e-06	9.339875e-06	9.836812500000005e-06	9.880500000000005e-06	9.952500000000007e-06	9.955718750000007e-06	9.917531250000003e-06	9.872218750000003e-06	9.804375000000002e-06	9.773031250000005e-06	9.822500000000005e-06	9.860531250000004e-06	9.854125000000003e-06	9.880687500000006e-06	9.909375000000005e-06
7600	9.616129032258061e-06	8.098387096774192e-06	4.051709677419353e-06	2.7651290322580645e-06	6.605000000000002e-06	9.523967741935486e-06	9.827483870967744e-06	9.825032258064518e-06	9.86135483870968e-06	9.883419354838713e-06	9.882064516129035e-06	9.847290322580649e-06	9.756967741935482e-06	9.722451612903223e-06	9.811741935483873e-06	9.866516129032262e-06	9.852129032258067e-06	9.861419354838709e-06	9.874193548387096e-06
7700	9.40625e-06	8.349437500000001e-06	5.69728125e-06	4.832437500000001e-06	7.2135625e-06	9.372375000000007e-06	9.874656250000003e-06	9.894281250000005e-06	9.937187500000005e-06	9.943937500000007e-06	9.920156250000002e-06	9.870062500000001e-06	9.785343750000004e-06	9.748562500000001e-06	9.8100625e-06	9.864718750000005e-06	9.861406250000002e-06	9.870718750000003e-06	9.887500000000005e-06
7800	1.0000000000000004e-05	1.0000000000000004e-05	1.0000000000000004e-05	1.0000000000000004e-05	1.0000000000000004e-05	1.0000000000000004e-05	1.0000000000000004e-05	1.0000000000000004e-05	1.0000000000000004e-05	1.0000000000000004e-05	9.999575757575761e-06	9.998060606060607e-06	9.997393939393944e-06	9.998878787878792e-06	9.97803030303031e-06	9.910484848484856e-06	9.866939393939396e-06	9.889060606060609e-06	9.909090909090913e-06
7900	9.922580645161297e-06	9.951451612903229e-06	9.990161290322584e-06	1.0000000000000004e-05	1.0000000000000004e-05	9.999096774193555e-06	9.982000000000005e-06	9.939806451612904e-06	9.924000000000002e-06	9.961096774193553e-06	9.994000000000003e-06	9.996870967741943e-06	9.992032258064525e-06	9.97596774193549e-06	9.922548387096781e-06	9.835548387096776e-06	9.799903225806453e-06	9.835129032258068e-06	9.858064516129036e-06
8000	8.746875000000001e-06	8.915375000000006e-06	7.372343750000004e-06	5.38925e-06	6.955187500000001e-06	9.381031250000001e-06	9.955937500000007e-06	9.909500000000004e-06	9.883812500000004e-06	9.922000000000004e-06	9.958437500000007e-06	9.949375000000007e-06	9.937250000000004e-06	9.935968750000004e-06	9.890562500000004e-06	9.818375000000004e-06	9.805843750000003e-06	9.84475e-06	9.865625000000001e-06
8100	1.0000000000000004e-05	1.0000000000000004e-05	1.0000000000000004e-05	1.0000000000000004e-05	1.0000000000000004e-05	1.0000000000000004e-05	1.0000000000000004e-05	1.0000000000000004e-05	1.0000000000000004e-05	1.0000000000000004e-05	1.0000000000000004e-05	1.0000000000000004e-05	1.0000000000000004e-05	1.0000000000000004e-05	9.999935483870972e-06	9.996709677419365e-06	9.993580645161297e-06	9.995193548387104e-06	9.996774193548395e-06
8200	1.0000000000000003e-05	1.0000000000000003e-05	1.0000000000000003e-05	1.0000000000000003e-05	9.999200000000004e-06	9.99593333333334e-06	9.994200000000007e-06	9.997400000000002e-06	9.989933333333337e-06	9.954366666666674e-06	9.929666666666667e-06	9.95593333333334e-06	9.990333333333337e-06	9.999700000000002e-06	9.981033333333338e-06	9.911433333333335e-06	9.860600000000002e-06	9.881866666666668e-06	9.903333333333336e-06
8300	9.659999999999999e-06	9.694200000000005e-06	9.793533333333337e-06	9.885200000000003e-06	9.884200000000001e-06	9.858266666666667e-06	9.903666666666671e-06	9.97296666666667e-06	9.990000000000006e-06	9.955733333333337e-06	9.924533333333336e-06	9.939033333333338e-06	9.940133333333335e-06	9.884800000000004e-06	9.87646666666667e-06	9.947100000000002e-06	9.992233333333336e-06	9.98246666666667e-06	9.970000000000003e-06
8400	9.626666666666669e-06	9.671633333333336e-06	9.794500000000003e-06	9.886433333333338e-06	9.841166666666672e-06	9.774933333333334e-06	9.82386666666667e-06	9.891966666666671e-06	9.902900000000003e-06	9.903433333333334e-06	9.90606666666667e-06	9.92286666666667e-06	9.916233333333337e-06	9.865000000000005e-06	9.870533333333337e-06	9.942800000000004e-06	9.988033333333335e-06	9.98756666666667e-06	9.980000000000004e-06
8500	9.65757575757576e-06	9.694575757575758e-06	9.79566666666667e-06	9.878545454545457e-06	9.848969696969699e-06	9.787909090909093e-06	9.82175757575758e-06	9.871757575757578e-06	9.83130303030303e-06	9.74206060606061e-06	9.721212121212126e-06	9.826787878787884e-06	9.906787878787883e-06	9.86127272727273e-06	9.827484848484855e-06	9.864818181818185e-06	9.912090909090913e-06	9.926939393939401e-06	9.921212121212128e-06
8600	9.645161290322578e-06	9.686064516129032e-06	9.790322580645163e-06	9.865322580645163e-06	9.822677419354842e-06	9.750806451612905e-06	9.769161290322582e-06	9.816064516129034e-06	9.7971935483871e-06	9.729612903225806e-06	9.71858064516129e-06	9.818806451612905e-06	9.895322580645166e-06	9.867032258064518e-06	9.844548387096778e-06	9.873322580645164e-06	9.914645161290326e-06	9.93412903225807e-06	9.932258064516135e-06
8700	4.209374999999999e-06	3.82640625e-06	3.3289375e-06	5.283031249999999e-06	8.580406250000002e-06	9.880343750000006e-06	9.972343750000006e-06	9.978125000000004e-06	9.946968750000004e-06	9.940187500000006e-06	9.962312500000005e-06	9.979281250000007e-06	9.977968750000005e-06	9.970156250000007e-06	9.964156250000006e-06	9.929406250000006e-06	9.894937500000003e-06	9.912968750000006e-06	9.934375000000006e-06
8800	9.928125000000004e-06	9.924250000000004e-06	9.929343750000005e-06	9.958781250000006e-06	9.989625000000003e-06	1.0000000000000004e-05	1.0000000000000004e-05	9.994687500000009e-06	9.927281250000001e-06	9.814312500000003e-06	9.799687500000003e-06	9.878031250000007e-06	9.866093750000003e-06	9.777531250000001e-06	9.791625000000005e-06	9.849750000000003e-06	9.851375000000002e-06	9.854562500000005e-06	9.865625000000006e-06
8900	9.933333333333337e-06	9.928575757575761e-06	9.941969696969703e-06	9.978757575757579e-06	9.998696969696974e-06	1.0000000000000004e-05	1.0000000000000004e-05	9.998818181818188e-06	9.982393939393945e-06	9.944818181818186e-06	9.932212121212126e-06	9.96545454545455e-06	9.993939393939395e-06	9.997939393939396e-06	9.997515151515158e-06	9.98215151515152e-06	9.945484848484853e-06	9.916909090909093e-06	9.909090909090913e-06
9000	9.947058823529416e-06	9.944529411764712e-06	9.956176470588242e-06	9.983529411764714e-06	9.99835294117648e-06	1.000000000000001e-05	1.000000000000001e-05	9.995852941176479e-06	9.963735294117654e-06	9.908411764705887e-06	9.900941176470596e-06	9.932588235294124e-06	9.925058823529419e-06	9.914235294117652e-06	9.949294117647062e-06	9.984764705882358e-06	9.987500000000007e-06	9.978911764705894e-06	9.976470588235305e-06
9100	9.984375000000006e-06	9.981375000000007e-06	9.979562500000006e-06	9.986656250000008e-06	9.992500000000006e-06	9.990562500000005e-06	9.990312500000006e-06	9.993812500000007e-06	9.992750000000009e-06	9.977687500000007e-06	9.964437500000005e-06	9.974343750000003e-06	9.987343750000007e-06	9.988000000000008e-06	9.98709375000001e-06	9.985312500000003e-06	9.982187500000002e-06	9.98125e-06	9.98125e-06
9200	1.0000000000000004e-05	1.0000000000000004e-05	9.99890322580646e-06	9.997290322580654e-06	9.99787096774194e-06	9.999483870967747e-06	1.0000000000000004e-05	1.0000000000000004e-05	1.0000000000000004e-05	1.0000000000000004e-05	1.0000000000000004e-05	1.0000000000000004e-05	1.0000000000000004e-05	1.0000000000000004e-05	1.0000000000000004e-05	1.0000000000000004e-05	9.99890322580646e-06	9.997290322580654e-06	9.996774193548395e-06
9300	1.0000000000000004e-05	1.0000000000000004e-05	1.0000000000000004e-05	1.0000000000000004e-05	1.0000000000000004e-05	1.0000000000000004e-05	1.0000000000000004e-05	1.0000000000000004e-05	1.0000000000000004e-05	1.0000000000000004e-05	1.0000000000000004e-05	9.997531250000008e-06	9.986031250000004e-06	9.972250000000004e-06	9.976500000000003e-06	9.990250000000007e-06	9.986000000000002e-06	9.971312500000001e-06	9.965625e-06
9400	1.0000000000000004e-05	9.997000000000004e-06	9.966193548387101e-06	9.920096774193553e-06	9.89929032258065e-06	9.901709677419357e-06	9.935741935483874e-06	9.980580645161297e-06	9.97380645161291e-06	9.932193548387101e-06	9.930903225806453e-06	9.968419354838713e-06	9.992096774193555e-06	9.991677419354847e-06	9.97809677419355e-06	9.965483870967747e-06	9.943548387096776e-06	9.912516129032258e-06	9.9e-06
9500	9.996774193548395e-06	9.992225806451621e-06	9.966838709677425e-06	9.9211935483871e-06	9.887967741935488e-06	9.884612903225807e-06	9.894419354838709e-06	9.905096774193554e-06	9.91680645161291e-06	9.91751612903226e-06	9.909451612903228e-06	9.906e-06	9.918000000000004e-06	9.955774193548391e-06	9.989903225806457e-06	9.990580645161293e-06	9.958903225806455e-06	9.924129032258067e-06	9.912903225806456e-06
9600	9.996666666666672e-06	9.993566666666672e-06	9.952066666666669e-06	9.868766666666668e-06	9.823200000000003e-06	9.848133333333335e-06	9.886866666666667e-06	9.903533333333336e-06	9.911866666666672e-06	9.913833333333338e-06	9.908833333333332e-06	9.906000000000001e-06	9.920600000000003e-06	9.958566666666672e-06	9.971033333333335e-06	9.930266666666669e-06	9.884866666666666e-06	9.87e-06	9.87e-06
9700	9.970000000000003e-06	9.978900000000002e-06	9.963300000000003e-06	9.886566666666671e-06	9.819133333333334e-06	9.833500000000002e-06	9.881533333333332e-06	9.906900000000002e-06	9.935533333333335e-06	9.97626666666667e-06	9.997633333333337e-06	1.0000000000000003e-05	1.0000000000000003e-05	1.0000000000000003e-05	1.0000000000000003e-05	1.0000000000000003e-05	1.0000000000000003e-05	1.0000000000000003e-05	1.0000000000000003e-05
9800	9.983870967741943e-06	9.990580645161293e-06	9.998645161290326e-06	9.999225806451618e-06	9.996000000000009e-06	9.993935483870976e-06	9.98645161290323e-06	9.964774193548393e-06	9.958774193548393e-06	9.980774193548392e-06	9.997483870967746e-06	1.0000000000000004e-05	9.990967741935487e-06	9.961000000000003e-06	9.923096774193552e-06	9.88467741935484e-06	9.8491935483871e-06	9.832096774193553e-06	9.829032258064521e-06
9900	9.89666666666667e-06	9.910299999999999e-06	9.921833333333336e-06	9.883200000000002e-06	9.8368e-06	9.85626666666667e-06	9.898300000000001e-06	9.912800000000003e-06	9.931933333333337e-06	9.972033333333337e-06	9.997400000000002e-06	1.0000000000000003e-05	9.995033333333337e-06	9.960900000000003e-06	9.905300000000003e-06	9.843300000000003e-06	9.790133333333335e-06	9.769600000000002e-06	9.76666666666667e-06
10000	1.0000000000000004e-05	1.0000000000000004e-05	1.0000000000000004e-05	1.0000000000000004e-05	1.0000000000000004e-05	1.0000000000000004e-05	1.0000000000000004e-05	1.0000000000000004e-05	1.0000000000000004e-05	1.0000000000000004e-05	1.0000000000000004e-05	1.0000000000000004e-05	1.0000000000000004e-05	1.0000000000000004e-05	1.0000000000000004e-05	1.0000000000000004e-05	1.0000000000000004e-05	1.0000000000000004e-05	1.0000000000000004e-05
