	site
generation	50	100	150	200	250	300	350	400	450	500	550	600	650	700	750	800	850	900	950
0	1.0000000000000003e-05	1.0000000000000003e-05	1.0000000000000003e-05	1.0000000000000003e-05	1.0000000000000003e-05	1.0000000000000003e-05	1.0000000000000003e-05	1.0000000000000003e-05	1.0000000000000003e-05	1.0000000000000003e-05	1.0000000000000003e-05	1.0000000000000003e-05	1.0000000000000003e-05	1.0000000000000003e-05	1.0000000000000003e-05	1.0000000000000003e-05	1.0000000000000003e-05	1.0000000000000003e-05	1.0000000000000003e-05
100	9.996875000000004e-06	9.997500000000007e-06	9.999062500000003e-06	1.0000000000000004e-05	1.0000000000000004e-05	9.996656250000007e-06	9.987750000000006e-06	9.978812500000004e-06	9.981000000000005e-06	9.993281250000005e-06	1.0000000000000004e-05	1.0000000000000004e-05	1.0000000000000004e-05	1.0000000000000004e-05	1.0000000000000004e-05	9.998062500000006e-06	9.990718750000007e-06	9.978593750000008e-06	9.971875000000007e-06
200	1.0000000000000004e-05	9.994387096774197e-06	9.965225806451616e-06	9.930516129032262e-06	9.942064516129036e-06	9.981548387096778e-06	9.999161290322585e-06	1.0000000000000004e-05	1.0000000000000004e-05	1.0000000000000004e-05	9.999935483870972e-06	9.988709677419361e-06	9.955677419354844e-06	9.933935483870972e-06	9.933935483870972e-06	9.91951612903226e-06	9.901000000000006e-06	9.896774193548391e-06	9.896774193548391e-06
300	1.0000000000000003e-05	9.991172413793108e-06	9.939034482758624e-06	9.86103448275862e-06	9.865310344827586e-06	9.947793103448277e-06	9.985241379310349e-06	9.95372413793104e-06	9.925275862068968e-06	9.947000000000005e-06	9.985068965517244e-06	9.985758620689659e-06	9.94934482758621e-06	9.910655172413795e-06	9.876172413793103e-06	9.839275862068965e-06	9.837827586206898e-06	9.866517241379309e-06	9.879310344827585e-06
400	9.921428571428575e-06	9.928714285714286e-06	9.912250000000002e-06	9.852892857142856e-06	9.861214285714286e-06	9.947892857142858e-06	9.987000000000001e-06	9.960785714285717e-06	9.928214285714289e-06	9.940000000000001e-06	9.978607142857147e-06	9.981107142857146e-06	9.939285714285714e-06	9.916607142857145e-06	9.929785714285713e-06	9.926750000000001e-06	9.932428571428574e-06	9.960464285714292e-06	9.97142857142858e-06
500	9.91935483870968e-06	9.926741935483875e-06	9.908580645161293e-06	9.852354838709681e-06	9.867354838709679e-06	9.953419354838713e-06	9.989419354838715e-06	9.961161290322584e-06	9.926322580645167e-06	9.93903225806452e-06	9.981161290322583e-06	9.98754838709678e-06	9.93445161290323e-06	9.869387096774194e-06	9.859e-06	9.885290322580649e-06	9.915935483870971e-06	9.944387096774199e-06	9.954838709677424e-06
600	9.930000000000003e-06	9.921066666666669e-06	9.87206666666667e-06	9.795133333333336e-06	9.81026666666667e-06	9.924333333333336e-06	9.98286666666667e-06	9.952533333333335e-06	9.9232e-06	9.947466666666671e-06	9.987133333333336e-06	1.0000000000000003e-05	9.999166666666672e-06	9.997500000000007e-06	9.996666666666672e-06	9.996666666666672e-06	9.996666666666672e-06	9.991666666666671e-06	9.98666666666667e-06
700	1.0000000000000004e-05	9.994696969696974e-06	9.947787878787886e-06	9.873575757575761e-06	9.876484848484852e-06	9.949909090909096e-06	9.987424242424246e-06	9.965636363636369e-06	9.907909090909097e-06	9.843121212121217e-06	9.832454545454546e-06	9.88124242424243e-06	9.895818181818184e-06	9.865333333333335e-06	9.86336363636364e-06	9.885666666666671e-06	9.920515151515155e-06	9.95136363636364e-06	9.95757575757576e-06
800	1.0000000000000004e-05	9.982281250000006e-06	9.897687500000004e-06	9.795375000000001e-06	9.816125000000004e-06	9.925468750000006e-06	9.982937500000007e-06	9.961718750000005e-06	9.904250000000003e-06	9.850031250000003e-06	9.834218750000001e-06	9.875218750000005e-06	9.904843750000005e-06	9.876656250000004e-06	9.855281250000002e-06	9.872562500000005e-06	9.918125000000004e-06	9.958531250000007e-06	9.968750000000009e-06
900	1.0000000000000003e-05	9.98876666666667e-06	9.91106666666667e-06	9.798266666666667e-06	9.787466666666667e-06	9.880100000000004e-06	9.958633333333338e-06	9.95276666666667e-06	9.888500000000004e-06	9.8528e-06	9.877800000000004e-06	9.918833333333336e-06	9.919233333333337e-06	9.895933333333333e-06	9.92156666666667e-06	9.969200000000006e-06	9.99236666666667e-06	9.998300000000006e-06	9.996666666666672e-06
1000	1.0000000000000004e-05	1.0000000000000004e-05	9.993774193548393e-06	9.961451612903229e-06	9.92603225806452e-06	9.94229032258065e-06	9.965032258064518e-06	9.909677419354841e-06	9.836935483870969e-06	9.842290322580648e-06	9.895580645161293e-06	9.950741935483875e-06	9.980161290322584e-06	9.9551935483871e-06	9.923064516129037e-06	9.944806451612907e-06	9.985870967741937e-06	1.0000000000000004e-05	1.0000000000000004e-05
1100	9.951724137931039e-06	9.926137931034486e-06	9.884068965517246e-06	9.877620689655172e-06	9.903034482758623e-06	9.940655172413795e-06	9.958689655172416e-06	9.909275862068968e-06	9.835103448275865e-06	9.829724137931034e-06	9.892275862068966e-06	9.954931034482762e-06	9.981689655172419e-06	9.96131034482759e-06	9.926758620689657e-06	9.938896551724141e-06	9.98086206896552e-06	9.999793103448279e-06	1.0000000000000003e-05
1200	1.0000000000000004e-05	9.999250000000004e-06	9.997687500000005e-06	9.997593750000005e-06	9.993375000000005e-06	9.961843750000005e-06	9.906625000000004e-06	9.8503125e-06	9.814843750000001e-06	9.834687500000002e-06	9.892843750000003e-06	9.949312500000004e-06	9.983750000000004e-06	9.976343750000004e-06	9.949718750000007e-06	9.952843750000005e-06	9.975343750000007e-06	9.977937500000006e-06	9.971875000000007e-06
1300	1.0000000000000003e-05	9.999200000000004e-06	9.99593333333334e-06	9.992566666666675e-06	9.986300000000003e-06	9.963200000000007e-06	9.9064e-06	9.841133333333336e-06	9.808500000000003e-06	9.820666666666667e-06	9.8496e-06	9.847966666666668e-06	9.847433333333335e-06	9.876000000000002e-06	9.905433333333333e-06	9.939433333333337e-06	9.971366666666672e-06	9.970800000000006e-06	9.960000000000006e-06
1400	9.98666666666667e-06	9.97316666666667e-06	9.92886666666667e-06	9.885700000000001e-06	9.863899999999999e-06	9.838733333333335e-06	9.818500000000001e-06	9.810166666666666e-06	9.807966666666665e-06	9.833633333333335e-06	9.871466666666667e-06	9.889133333333335e-06	9.916600000000003e-06	9.963600000000004e-06	9.993500000000004e-06	1.0000000000000003e-05	9.988233333333339e-06	9.964900000000005e-06	9.953333333333337e-06
1500	9.98125e-06	9.970531250000004e-06	9.938406250000005e-06	9.908500000000003e-06	9.889312500000003e-06	9.843906250000005e-06	9.795250000000002e-06	9.783093750000006e-06	9.795718750000005e-06	9.835093750000005e-06	9.872156250000002e-06	9.88721875e-06	9.916656250000005e-06	9.964156250000004e-06	9.994375000000004e-06	1.0000000000000004e-05	9.991062500000006e-06	9.970750000000006e-06	9.959375000000007e-06
1600	1.0000000000000004e-05	1.0000000000000004e-05	1.0000000000000004e-05	1.0000000000000004e-05	1.0000000000000004e-05	9.989156250000005e-06	9.936843750000006e-06	9.849312500000003e-06	9.78609375e-06	9.776375000000003e-06	9.779312500000004e-06	9.799843750000002e-06	9.880375000000004e-06	9.944718750000005e-06	9.929937500000004e-06	9.905000000000003e-06	9.926093750000004e-06	9.949250000000003e-06	9.950000000000005e-06
1700	1.0000000000000004e-05	1.0000000000000004e-05	1.0000000000000004e-05	9.997612903225813e-06	9.969709677419358e-06	9.902483870967743e-06	9.83851612903226e-06	9.812000000000002e-06	9.807967741935487e-06	9.826322580645164e-06	9.859225806451616e-06	9.882774193548387e-06	9.912322580645165e-06	9.931903225806453e-06	9.922225806451615e-06	9.935193548387101e-06	9.96761290322581e-06	9.969935483870973e-06	9.96129032258065e-06
1800	1.0000000000000004e-05	9.998258064516139e-06	9.99290322580646e-06	9.986290322580647e-06	9.963806451612908e-06	9.903483870967745e-06	9.841612903225808e-06	9.810870967741938e-06	9.802967741935485e-06	9.833709677419355e-06	9.890612903225809e-06	9.934838709677423e-06	9.960612903225808e-06	9.970451612903228e-06	9.968419354838712e-06	9.975419354838715e-06	9.991967741935488e-06	9.999580645161294e-06	1.0000000000000004e-05
1900	1.0000000000000004e-05	9.983677419354843e-06	9.95370967741936e-06	9.93683870967742e-06	9.918387096774198e-06	9.874451612903226e-06	9.839645161290324e-06	9.825806451612905e-06	9.80851612903226e-06	9.824870967741938e-06	9.869935483870972e-06	9.905258064516131e-06	9.94103225806452e-06	9.957774193548394e-06	9.94729032258065e-06	9.956161290322585e-06	9.984032258064522e-06	9.992870967741942e-06	9.99032258064517e-06
2000	1.0000000000000004e-05	1.0000000000000004e-05	1.0000000000000004e-05	9.991031250000007e-06	9.930531250000005e-06	9.826937500000002e-06	9.778625000000003e-06	9.795312500000003e-06	9.806250000000005e-06	9.811375000000004e-06	9.811812500000004e-06	9.813656250000003e-06	9.872031250000002e-06	9.932218750000003e-06	9.926812500000004e-06	9.931312500000005e-06	9.973562500000003e-06	9.994656250000006e-06	9.993750000000007e-06
2100	9.946875000000003e-06	9.923375000000004e-06	9.855906250000005e-06	9.824187500000004e-06	9.842500000000006e-06	9.830812500000003e-06	9.812031250000002e-06	9.808437500000003e-06	9.802625000000002e-06	9.813468750000005e-06	9.831656250000001e-06	9.828343750000002e-06	9.844562500000005e-06	9.890781250000004e-06	9.911875000000006e-06	9.934125000000004e-06	9.976937500000005e-06	9.991750000000008e-06	9.987500000000007e-06
2200	1.0000000000000004e-05	1.0000000000000004e-05	1.0000000000000004e-05	9.987757575757581e-06	9.922030303030307e-06	9.820606060606063e-06	9.781181818181823e-06	9.79936363636364e-06	9.806424242424247e-06	9.815363636363639e-06	9.795727272727274e-06	9.721030303030305e-06	9.718303030303035e-06	9.818636363636367e-06	9.896303030303034e-06	9.935787878787884e-06	9.976787878787884e-06	9.995181818181823e-06	9.993939393939399e-06
2300	1.0000000000000003e-05	9.994133333333337e-06	9.97413333333334e-06	9.944000000000005e-06	9.890533333333335e-06	9.803600000000002e-06	9.744533333333331e-06	9.745266666666668e-06	9.768566666666668e-06	9.79526666666667e-06	9.789333333333338e-06	9.741433333333336e-06	9.740133333333337e-06	9.80196666666667e-06	9.847766666666669e-06	9.880633333333338e-06	9.896566666666668e-06	9.868600000000002e-06	9.846666666666668e-06
2400	9.9909090909091e-06	9.978696969696974e-06	9.945696969696975e-06	9.918515151515156e-06	9.888212121212127e-06	9.800030303030309e-06	9.715181818181819e-06	9.687727272727275e-06	9.687e-06	9.741939393939395e-06	9.797393939393943e-06	9.786242424242426e-06	9.795727272727276e-06	9.846151515151517e-06	9.874181818181822e-06	9.900060606060613e-06	9.913000000000005e-06	9.884303030303037e-06	9.86363636363637e-06
2500	1.0000000000000004e-05	9.983156250000008e-06	9.945187500000005e-06	9.914875000000002e-06	9.887781250000003e-06	9.803000000000004e-06	9.711343750000003e-06	9.676625000000002e-06	9.681812500000004e-06	9.753812500000002e-06	9.821875000000002e-06	9.835750000000005e-06	9.849906250000004e-06	9.845781250000002e-06	9.824062500000002e-06	9.83240625e-06	9.842593749999999e-06	9.833218750000002e-06	9.828125000000002e-06
2600	9.978125000000007e-06	9.941156250000006e-06	9.833750000000004e-06	9.767781250000002e-06	9.796062500000003e-06	9.785218750000002e-06	9.721750000000004e-06	9.65903125e-06	9.61646875e-06	9.677312500000002e-06	9.789375000000005e-06	9.837968750000006e-06	9.86171875e-06	9.863937500000003e-06	9.838468750000004e-06	9.860312500000005e-06	9.906968750000008e-06	9.920281250000006e-06	9.918750000000006e-06
2700	9.993939393939399e-06	9.966303030303037e-06	9.863606060606066e-06	9.643727272727275e-06	9.526363636363639e-06	9.67057575757576e-06	9.74809090909091e-06	9.66048484848485e-06	9.623424242424244e-06	9.712121212121215e-06	9.835515151515157e-06	9.887818181818185e-06	9.911030303030309e-06	9.949090909090913e-06	9.983606060606061e-06	9.996969696969698e-06	9.997060606060612e-06	9.998575757575763e-06	1.0000000000000004e-05
2800	9.868750000000006e-06	9.838781250000005e-06	9.657093750000002e-06	9.471437500000001e-06	9.568218750000004e-06	9.723812500000003e-06	9.71465625e-06	9.651906250000004e-06	9.62740625e-06	9.688750000000003e-06	9.786656250000003e-06	9.848062500000002e-06	9.915906250000005e-06	9.970062500000004e-06	9.956593750000005e-06	9.931437500000004e-06	9.940875000000005e-06	9.958781250000006e-06	9.962500000000007e-06
2900	9.99032258064517e-06	9.957000000000006e-06	9.853451612903228e-06	9.75267741935484e-06	9.719967741935486e-06	9.704870967741936e-06	9.682290322580648e-06	9.641193548387098e-06	9.620032258064519e-06	9.68958064516129e-06	9.757e-06	9.792774193548388e-06	9.884838709677425e-06	9.962451612903231e-06	9.950483870967744e-06	9.923064516129037e-06	9.94380645161291e-06	9.97696774193549e-06	9.987096774193556e-06
3000	9.890000000000004e-06	9.844433333333335e-06	9.762933333333334e-06	9.679099999999999e-06	9.306999999999999e-06	8.9739e-06	9.265033333333334e-06	9.571633333333332e-06	9.6057e-06	9.69106666666667e-06	9.749933333333335e-06	9.785233333333336e-06	9.868500000000002e-06	9.902300000000003e-06	9.868566666666667e-06	9.88113333333334e-06	9.94436666666667e-06	9.988233333333335e-06	1.0000000000000003e-05
3100	9.970967741935486e-06	9.941580645161296e-06	9.837322580645166e-06	9.708548387096776e-06	9.645290322580646e-06	9.675096774193549e-06	9.758129032258062e-06	9.769709677419357e-06	9.713096774193553e-06	9.701483870967744e-06	9.68916129032258e-06	9.683483870967742e-06	9.74793548387097e-06	9.77735483870968e-06	9.750096774193549e-06	9.797258064516133e-06	9.900645161290324e-06	9.94845161290323e-06	9.951612903225812e-06
3200	9.978125000000007e-06	9.938656250000004e-06	9.824406250000002e-06	9.697937500000003e-06	9.642437500000005e-06	9.649249999999999e-06	9.67134375e-06	9.670468750000003e-06	9.52065625e-06	9.3426875e-06	9.441125e-06	9.698000000000001e-06	9.875250000000007e-06	9.896656250000003e-06	9.806812500000003e-06	9.794937500000004e-06	9.894687500000006e-06	9.974062500000007e-06	9.993750000000009e-06
3300	9.973333333333338e-06	9.953766666666671e-06	9.753100000000002e-06	9.404933333333334e-06	9.295833333333333e-06	9.479833333333334e-06	9.655766666666667e-06	9.707e-06	9.671033333333333e-06	9.616733333333337e-06	9.597733333333335e-06	9.628066666666668e-06	9.735666666666666e-06	9.860600000000003e-06	9.945700000000004e-06	9.98723333333334e-06	9.996233333333336e-06	9.99956666666667e-06	1.0000000000000003e-05
3400	9.962500000000007e-06	9.939781250000003e-06	9.829875000000004e-06	9.69734375e-06	9.642093749999998e-06	9.656749999999999e-06	9.73425e-06	9.777687500000002e-06	9.72725e-06	9.662e-06	9.311562500000002e-06	9.030031250000002e-06	9.476906250000001e-06	9.923406250000004e-06	9.983312500000002e-06	9.997000000000008e-06	9.994875000000007e-06	9.995812500000003e-06	9.996875000000004e-06
3500	9.945454545454551e-06	9.930909090909097e-06	9.864000000000004e-06	9.752545454545455e-06	9.695212121212123e-06	9.71627272727273e-06	9.733818181818183e-06	9.693272727272728e-06	9.63048484848485e-06	9.609212121212121e-06	9.609030303030307e-06	9.65706060606061e-06	9.782818181818187e-06	9.917393939393945e-06	9.988575757575761e-06	1.0000000000000004e-05	1.0000000000000004e-05	1.0000000000000004e-05	1.0000000000000004e-05
3600	9.938709677419356e-06	9.921870967741939e-06	9.839451612903229e-06	9.70861290322581e-06	9.645290322580645e-06	9.666451612903226e-06	9.484387096774195e-06	7.636258064516131e-06	5.683225806451614e-06	6.947612903225809e-06	8.864290322580646e-06	9.304451612903227e-06	9.603548387096778e-06	9.854258064516133e-06	9.925677419354844e-06	9.974967741935488e-06	9.999258064516132e-06	1.0000000000000004e-05	1.0000000000000004e-05
3700	9.86129032258065e-06	9.85903225806452e-06	9.804967741935486e-06	9.722967741935486e-06	9.692451612903225e-06	9.696612903225808e-06	9.501193548387096e-06	7.566645161290323e-06	4.627612903225806e-06	4.991774193548388e-06	7.97316129032258e-06	9.594612903225808e-06	9.853677419354842e-06	9.894161290322585e-06	9.88435483870968e-06	9.915645161290327e-06	9.968580645161296e-06	9.9935806451613e-06	9.996774193548395e-06
3800	9.834375000000005e-06	9.835281250000006e-06	9.787375e-06	9.692875000000003e-06	9.647031249999998e-06	9.667875000000001e-06	9.482125000000002e-06	7.445281250000001e-06	4.8155625e-06	4.945937500000001e-06	6.227812500000001e-06	7.528593750000001e-06	9.209468750000003e-06	9.944718750000003e-06	9.930125000000003e-06	9.931968750000007e-06	9.968968750000004e-06	9.988437500000002e-06	9.990625000000004e-06
3900	9.846875e-06	9.840750000000002e-06	9.788031250000004e-06	9.694906250000003e-06	9.643281249999998e-06	9.658968750000001e-06	9.573562500000003e-06	8.209625000000002e-06	6.385812500000002e-06	5.905343750000002e-06	5.420312500000004e-06	6.070468750000001e-06	8.6178125e-06	9.971062500000003e-06	9.995593750000006e-06	9.971093750000006e-06	9.922562500000005e-06	9.891937500000007e-06	9.887500000000005e-06
4000	9.832258064516132e-06	9.837709677419357e-06	9.794645161290326e-06	9.700870967741936e-06	9.655032258064516e-06	9.66616129032258e-06	9.453677419354841e-06	7.53274193548387e-06	5.205677419354839e-06	5.284774193548391e-06	6.17551612903226e-06	7.396483870967743e-06	9.18641935483871e-06	9.96803225806452e-06	9.998258064516135e-06	9.975322580645167e-06	9.933709677419357e-06	9.911806451612906e-06	9.909677419354841e-06
4100	9.824137931034483e-06	9.824862068965518e-06	9.770620689655175e-06	9.678586206896551e-06	9.641551724137933e-06	9.671896551724135e-06	8.995965517241378e-06	6.682275862068964e-06	2.744241379310345e-06	2.0682758620689657e-07	2.006379310344827e-06	5.837413793103448e-06	8.80051724137931e-06	9.969482758620693e-06	9.999068965517244e-06	9.989689655172417e-06	9.955206896551726e-06	9.921482758620689e-06	9.913793103448275e-06
4200	9.796969696969702e-06	9.805969696969703e-06	9.781606060606066e-06	9.701878787878793e-06	9.656515151515154e-06	9.69684848484849e-06	8.91781818181818e-06	5.3578484848484855e-06	1.334030303030303e-06	2.5909090909090915e-08	9.525151515151517e-07	4.696878787878788e-06	8.708212121212123e-06	9.949757575757581e-06	9.962606060606068e-06	9.942484848484855e-06	9.90615151515152e-06	9.870666666666674e-06	9.860606060606068e-06
4300	9.760606060606065e-06	9.758484848484851e-06	9.703606060606062e-06	9.627030303030304e-06	9.60869696969697e-06	9.658030303030304e-06	9.298666666666668e-06	7.275696969696968e-06	4.48790909090909e-06	3.069212121212121e-06	2.940515151515151e-06	4.937e-06	8.340484848484849e-06	9.914303030303035e-06	9.972727272727278e-06	9.967454545454552e-06	9.904515151515157e-06	9.846878787878792e-06	9.833333333333336e-06
4400	9.764516129032262e-06	9.762419354838709e-06	9.075483870967744e-06	8.042161290322581e-06	8.34332258064516e-06	9.352774193548387e-06	9.042129032258064e-06	6.772290322580647e-06	4.43716129032258e-06	3.591838709677419e-06	3.8145806451612898e-06	5.861806451612902e-06	8.710838709677419e-06	9.88993548387097e-06	9.946741935483876e-06	9.927258064516135e-06	9.832419354838713e-06	9.752193548387096e-06	9.735483870967742e-06
4500	9.929032258064522e-06	9.941225806451618e-06	9.974935483870972e-06	9.998225806451618e-06	1.0000000000000004e-05	9.997193548387105e-06	9.923483870967748e-06	9.76141935483871e-06	9.620935483870972e-06	9.311548387096774e-06	7.796709677419357e-06	6.779870967741936e-06	8.366161290322584e-06	9.83061290322581e-06	9.97335483870968e-06	1.0000000000000004e-05	1.0000000000000004e-05	1.0000000000000004e-05	1.0000000000000004e-05
4600	9.706451612903227e-06	9.717645161290325e-06	9.197516129032256e-06	8.183064516129035e-06	8.210451612903228e-06	9.207612903225807e-06	9.11793548387097e-06	7.514999999999999e-06	7.061838709677423e-06	8.650870967741937e-06	9.708225806451614e-06	9.850516129032263e-06	9.966774193548392e-06	9.949419354838712e-06	9.916903225806456e-06	9.950580645161297e-06	9.991838709677423e-06	1.0000000000000004e-05	1.0000000000000004e-05
4700	9.715151515151516e-06	9.562000000000001e-06	7.549121212121214e-06	4.768727272727273e-06	5.607727272727272e-06	8.442909090909091e-06	9.10336363636364e-06	7.845727272727273e-06	7.4765454545454564e-06	8.793787878787879e-06	9.698121212121214e-06	9.820818181818184e-06	9.901090909090913e-06	9.92503030303031e-06	9.955575757575763e-06	9.989515151515152e-06	9.997878787878791e-06	9.996969696969698e-06	9.996969696969698e-06
4800	9.73333333333333e-06	9.513266666666667e-06	7.261766666666665e-06	4.308566666666666e-06	5.320366666666666e-06	8.392833333333334e-06	9.221766666666665e-06	7.4607666666666655e-06	5.523033333333332e-06	6.407933333333333e-06	8.678566666666667e-06	9.71846666666667e-06	9.88406666666667e-06	9.913033333333337e-06	9.94656666666667e-06	9.987933333333336e-06	1.0000000000000003e-05	1.0000000000000003e-05	1.0000000000000003e-05
4900	9.74516129032258e-06	9.37222580645161e-06	7.021935483870971e-06	4.413967741935485e-06	5.409709677419357e-06	7.985225806451619e-06	8.668483870967742e-06	7.033193548387096e-06	5.875580645161291e-06	7.489225806451613e-06	9.301612903225808e-06	9.792483870967744e-06	9.899225806451616e-06	9.925516129032261e-06	9.94970967741936e-06	9.987000000000005e-06	1.0000000000000004e-05	1.0000000000000004e-05	1.0000000000000004e-05
5000	9.743333333333337e-06	9.513033333333334e-06	7.013833333333332e-06	3.7492333333333343e-06	4.372433333333334e-06	7.089199999999999e-06	8.287833333333334e-06	7.555400000000003e-06	7.220633333333336e-06	8.449600000000005e-06	8.263366666666668e-06	7.227666666666669e-06	7.861200000000004e-06	8.999e-06	9.651766666666668e-06	9.937433333333336e-06	9.93446666666667e-06	9.913300000000004e-06	9.913333333333334e-06
5100	9.73125e-06	9.11478125e-06	6.381e-06	2.5815937500000012e-06	6.7834375e-07	2.1820937500000002e-06	5.978593749999999e-06	8.074750000000001e-06	8.32271875e-06	8.594125000000001e-06	7.450687500000001e-06	5.772281250000001e-06	5.929374999999997e-06	7.603125e-06	9.286281250000005e-06	9.947281250000004e-06	9.931375000000005e-06	9.911781250000001e-06	9.915625000000002e-06
5200	9.819354838709682e-06	9.822258064516132e-06	9.828193548387103e-06	9.833354838709677e-06	9.816193548387101e-06	9.766612903225806e-06	9.251161290322581e-06	8.246225806451611e-06	8.17661290322581e-06	8.671709677419358e-06	6.907290322580645e-06	3.7379999999999996e-06	3.7344516129032266e-06	6.958451612903225e-06	9.369612903225808e-06	9.928193548387102e-06	9.922129032258068e-06	9.905354838709679e-06	9.909677419354841e-06
5300	9.821212121212129e-06	9.82106060606061e-06	9.827424242424244e-06	9.839848484848488e-06	9.822818181818185e-06	9.769696969696974e-06	9.001060606060608e-06	6.723454545454544e-06	5.101606060606061e-06	5.180212121212122e-06	3.779909090909092e-06	1.900818181818182e-06	3.535939393939395e-06	7.2104242424242425e-06	9.425212121212124e-06	9.958818181818186e-06	9.999757575757579e-06	1.0000000000000004e-05	1.0000000000000004e-05
5400	9.800000000000004e-06	9.800125000000005e-06	9.824093750000003e-06	9.84859375e-06	9.800062500000002e-06	9.705375000000002e-06	9.331406250000002e-06	6.718218750000001e-06	2.678031249999999e-06	1.59128125e-06	2.3106875e-06	2.05215625e-06	3.15103125e-06	6.535e-06	9.218437500000002e-06	9.962343750000004e-06	9.999343750000002e-06	1.0000000000000004e-05	1.0000000000000004e-05
5500	9.815151515151516e-06	9.815151515151516e-06	9.82745454545455e-06	9.841000000000008e-06	9.80187878787879e-06	9.706909090909093e-06	9.08569696969697e-06	6.000454545454547e-06	2.33330303030303e-06	2.1287575757575763e-06	2.6279393939393946e-06	2.756393939393939e-06	5.348545454545457e-06	8.44757575757576e-06	9.743000000000001e-06	9.975575757575765e-06	9.990303030303037e-06	9.986303030303039e-06	9.984848484848492e-06
5600	9.726666666666664e-06	9.740066666666667e-06	9.788966666666669e-06	9.836899999999997e-06	9.813333333333335e-06	9.716533333333333e-06	8.931033333333333e-06	5.795566666666665e-06	2.4398333333333333e-06	2.9142666666666672e-06	3.7229000000000017e-06	2.9718e-06	5.1254999999999995e-06	8.633866666666669e-06	9.909333333333337e-06	9.985233333333337e-06	1.0000000000000003e-05	1.0000000000000003e-05	1.0000000000000003e-05
5700	9.675000000000003e-06	9.7051875e-06	9.772531250000006e-06	9.794312500000003e-06	9.728468750000001e-06	9.639781250000004e-06	8.94465625e-06	6.003687499999999e-06	2.44728125e-06	1.7874687500000006e-06	1.9936875e-06	2.5147187500000003e-06	5.809281250000003e-06	9.015656250000001e-06	9.915593750000003e-06	9.945656250000002e-06	9.869750000000007e-06	9.818531250000003e-06	9.812500000000003e-06
5800	9.706666666666671e-06	9.718866666666666e-06	9.732533333333332e-06	9.687166666666666e-06	9.594499999999998e-06	9.3978e-06	7.978233333333331e-06	4.663266666666666e-06	1.7369e-06	1.7954000000000008e-06	2.6761333333333343e-06	1.9498e-06	3.412533333333333e-06	7.550866666666666e-06	9.76056666666667e-06	9.95056666666667e-06	9.893000000000002e-06	9.842333333333337e-06	9.83666666666667e-06
5900	9.716129032258065e-06	9.736064516129036e-06	9.763483870967744e-06	9.726838709677421e-06	9.64435483870968e-06	9.440548387096776e-06	8.323322580645164e-06	4.799548387096774e-06	1.5745483870967741e-06	1.8494838709677423e-06	2.463741935483872e-06	1.7700967741935482e-06	3.075290322580645e-06	7.031935483870969e-06	9.63061290322581e-06	9.933225806451616e-06	9.874419354838712e-06	9.836225806451617e-06	9.832258064516132e-06
6000	9.94193548387097e-06	9.923741935483873e-06	9.867612903225809e-06	9.80925806451613e-06	9.717193548387097e-06	9.61658064516129e-06	8.438032258064515e-06	5.54541935483871e-06	2.6792903225806446e-06	2.16841935483871e-06	2.024000000000001e-06	1.1083548387096776e-06	3.8045806451612903e-06	8.01651612903226e-06	9.67109677419355e-06	9.932838709677425e-06	9.784483870967746e-06	9.653870967741936e-06	9.635483870967743e-06
6100	9.94193548387097e-06	9.919580645161292e-06	9.860064516129036e-06	9.780387096774193e-06	9.564903225806453e-06	9.329774193548388e-06	8.313387096774194e-06	4.978290322580645e-06	2.100451612903226e-06	2.8065806451612907e-06	3.207935483870968e-06	1.6614838709677422e-06	3.1140322580645165e-06	7.3566451612903254e-06	9.660322580645164e-06	9.884161290322583e-06	9.807774193548392e-06	9.768419354838715e-06	9.77096774193549e-06
6200	9.948275862068969e-06	9.930689655172417e-06	9.861965517241381e-06	9.782448275862069e-06	9.685724137931035e-06	9.446379310344831e-06	7.764344827586207e-06	4.5292068965517244e-06	1.7200689655172418e-06	1.3366551724137928e-06	1.9992068965517245e-06	1.7886206896551729e-06	4.029896551724137e-06	7.854000000000001e-06	9.622000000000004e-06	9.986517241379314e-06	9.986965517241381e-06	9.979448275862069e-06	9.979310344827587e-06
6300	9.932258064516135e-06	9.910741935483874e-06	9.850419354838712e-06	9.764225806451613e-06	9.679161290322581e-06	9.616806451612903e-06	9.056548387096773e-06	5.943451612903226e-06	2.0700645161290327e-06	1.4709677419354845e-06	1.783741935483871e-06	1.1930322580645164e-06	2.888129032258065e-06	6.9824516129032275e-06	9.575580645161293e-06	9.94361290322581e-06	9.8731935483871e-06	9.82896774193549e-06	9.822580645161294e-06
6400	9.912903225806456e-06	9.895741935483874e-06	9.827870967741936e-06	9.740903225806454e-06	9.667161290322582e-06	9.61032258064516e-06	8.163290322580646e-06	4.609548387096774e-06	1.8061935483870967e-06	1.953161290322581e-06	2.3416774193548394e-06	1.5313225806451615e-06	3.6039677419354826e-06	7.806645161290322e-06	9.760387096774197e-06	9.945838709677422e-06	9.889419354838714e-06	9.839064516129037e-06	9.832258064516132e-06
6500	9.896774193548391e-06	9.879806451612908e-06	9.815967741935486e-06	9.675258064516128e-06	8.08932258064516e-06	4.194451612903226e-06	1.6619677419354836e-06	1.320806451612903e-06	5.546774193548386e-07	0.0	9.193548387096774e-09	5.911290322580647e-07	3.1929032258064517e-06	7.39193548387097e-06	9.759806451612906e-06	9.940354838709681e-06	9.900483870967747e-06	9.877677419354842e-06	9.877419354838712e-06
6600	9.861290322580647e-06	9.834419354838712e-06	9.77677419354839e-06	9.677709677419357e-06	7.91874193548387e-06	3.927258064516129e-06	1.2729032258064517e-06	8.764516129032258e-07	4.167741935483871e-07	0.0	2.6048387096774194e-07	8.510645161290324e-07	3.136774193548388e-06	7.218516129032259e-06	9.652709677419358e-06	9.94380645161291e-06	9.886129032258065e-06	9.842064516129032e-06	9.838709677419356e-06
6700	9.825806451612907e-06	9.814967741935484e-06	9.759064516129036e-06	9.606935483870966e-06	7.93583870967742e-06	4.034774193548389e-06	1.308548387096774e-06	8.059677419354838e-07	3.462903225806452e-07	8.580645161290324e-08	2.4822580645161285e-07	9.630645161290323e-07	3.662548387096774e-06	7.600548387096777e-06	9.716000000000005e-06	9.954516129032262e-06	9.942000000000006e-06	9.927741935483877e-06	9.925806451612908e-06
6800	9.783333333333332e-06	9.754433333333334e-06	9.698066666666668e-06	9.612866666666666e-06	8.794833333333334e-06	6.166433333333334e-06	3.1745666666666662e-06	1.671e-06	6.488e-07	3.2000000000000005e-09	0.0	5.936666666666668e-07	3.3686666666666666e-06	7.3363333333333355e-06	9.552666666666667e-06	9.953933333333336e-06	9.881633333333335e-06	9.835700000000003e-06	9.833333333333335e-06
6900	9.736363636363637e-06	9.721454545454546e-06	9.683515151515154e-06	9.577e-06	7.671666666666668e-06	3.6389393939393943e-06	1.1488787878787884e-06	8.523333333333338e-07	4.1748484848484855e-07	0.0	0.0	4.240909090909092e-07	3.3253030303030306e-06	7.755909090909093e-06	9.841363636363642e-06	9.97824242424243e-06	9.950939393939401e-06	9.888151515151517e-06	9.85757575757576e-06
7000	9.09032258064516e-06	7.599290322580642e-06	4.825709677419354e-06	5.190193548387097e-06	6.8728064516129015e-06	4.368000000000001e-06	1.3721290322580645e-06	9.228387096774194e-07	4.707096774193549e-07	6.193548387096775e-09	0.0	3.1812903225806456e-07	2.422838709677419e-06	6.5491935483870955e-06	9.388064516129034e-06	9.921290322580652e-06	9.974935483870975e-06	9.995612903225815e-06	9.996774193548395e-06
7100	9.759375000000005e-06	9.24521875e-06	8.232156250000004e-06	8.144500000000005e-06	7.760406250000003e-06	4.578562500000003e-06	1.3869687500000004e-06	5.7890625e-07	2.9390625000000007e-07	5.9375e-09	0.0	5.564375000000002e-07	3.212249999999999e-06	7.28071875e-06	9.563093750000003e-06	9.857031250000003e-06	9.827781250000003e-06	9.82925e-06	9.840625000000002e-06
7200	9.321428571428565e-06	8.959464285714285e-06	8.556464285714288e-06	9.003428571428575e-06	8.02639285714286e-06	4.0983928571428574e-06	1.157142857142857e-06	6.788571428571431e-07	3.428571428571429e-07	3.428571428571429e-09	0.0	3.641785714285715e-07	2.7377857142857143e-06	6.932142857142857e-06	9.483285714285715e-06	9.83875e-06	9.82232142857143e-06	9.836892857142858e-06	9.857142857142859e-06
7300	8.506060606060604e-06	6.90969696969697e-06	4.676272727272729e-06	6.0158181818181845e-06	7.703181818181822e-06	4.9391515151515194e-06	1.377636363636364e-06	2.8509090909090917e-07	1.3963636363636366e-07	0.0	0.0	6.15939393939394e-07	3.135909090909091e-06	6.979727272727275e-06	9.356181818181821e-06	9.7979393939394e-06	9.80675757575758e-06	9.818878787878792e-06	9.82727272727273e-06
7400	8.05806451612903e-06	7.35748387096774e-06	6.0815806451612915e-06	6.7023225806451625e-06	6.389516129032256e-06	2.921580645161291e-06	1.09441935483871e-06	1.2201290322580647e-06	6.131612903225807e-07	6.193548387096775e-09	0.0	3.2522580645161297e-07	3.1481290322580645e-06	7.468e-06	9.538322580645163e-06	9.762741935483873e-06	9.754129032258067e-06	9.799129032258067e-06	9.829032258064521e-06
7500	7.784375e-06	6.6617812500000016e-06	5.234562500000003e-06	6.540125000000002e-06	6.884718750000003e-06	3.293500000000001e-06	7.839374999999999e-07	5.970000000000002e-07	2.97e-07	0.0	0.0	1.5440625000000002e-07	2.1254374999999997e-06	6.327093750000001e-06	9.22353125e-06	9.724656250000002e-06	9.735968750000004e-06	9.786593750000007e-06	9.815625000000007e-06
7600	7.775000000000001e-06	7.1897187500000004e-06	6.222343750000002e-06	6.766437500000004e-06	5.844968750000001e-06	2.4386250000000003e-06	7.324687500000003e-07	5.879375000000001e-07	3.013750000000001e-07	5.9375e-09	0.0	8.609375e-08	1.97109375e-06	5.5812499999999984e-06	8.529374999999998e-06	9.65234375e-06	9.638343749999999e-06	9.6519375e-06	9.665625000000001e-06
7700	9.770000000000005e-06	9.025133333333336e-06	6.748233333333334e-06	4.793100000000001e-06	4.3985e-06	2.9766666666666677e-06	1.0671666666666667e-06	6.206666666666666e-07	3.2933333333333337e-07	1.2666666666666668e-08	0.0	0.0	1.210666666666667e-06	5.005266666666668e-06	8.619400000000003e-06	9.641633333333334e-06	9.633633333333332e-06	9.646799999999999e-06	9.659999999999999e-06
7800	9.783870967741938e-06	8.754580645161294e-06	5.826064516129034e-06	3.738806451612903e-06	4.2531290322580675e-06	3.6704838709677436e-06	1.3475806451612905e-06	3.03483870967742e-07	1.486451612903226e-07	0.0	0.0	8.058064516129033e-08	1.4334193548387104e-06	4.999387096774193e-06	8.372612903225805e-06	9.562322580645161e-06	9.699999999999999e-06	9.737935483870967e-06	9.748387096774194e-06
7900	9.746666666666668e-06	8.993766666666668e-06	6.514600000000002e-06	4.709e-06	4.702500000000002e-06	2.9957000000000012e-06	7.680333333333334e-07	3.1679999999999987e-07	1.5680000000000003e-07	0.0	0.0	0.0	1.1047333333333336e-06	4.868066666666667e-06	8.731933333333335e-06	9.968600000000003e-06	1.0000000000000003e-05	1.0000000000000003e-05	1.0000000000000003e-05
8000	9.706896551724139e-06	8.880482758620688e-06	6.252896551724139e-06	4.322413793103448e-06	4.035862068965519e-06	2.5289655172413794e-06	7.551724137931033e-07	3.310344827586208e-07	1.6551724137931037e-07	0.0	0.0	0.0	1.2663103448275864e-06	4.878241379310345e-06	8.571793103448275e-06	9.926413793103451e-06	9.935206896551726e-06	9.944517241379317e-06	9.951724137931039e-06
8100	9.67272727272727e-06	9.092272727272729e-06	7.1220303030303035e-06	5.415121212121216e-06	4.965333333333337e-06	3.0352727272727296e-06	1.1817878787878788e-06	1.1314848484848486e-06	5.830606060606063e-07	1.4424242424242426e-08	0.0	5.2363636363636354e-08	1.0145757575757578e-06	4.614818181818181e-06	8.580363636363641e-06	9.834909090909098e-06	9.713515151515159e-06	9.6169696969697e-06	9.621212121212124e-06
8200	9.675000000000003e-06	9.001250000000001e-06	6.696281249999998e-06	4.972843750000001e-06	4.785625000000001e-06	2.891562500000001e-06	6.962499999999999e-07	3.000000000000001e-07	1.5000000000000002e-07	0.0	0.0	6.037812500000001e-07	3.3574375000000003e-06	7.476593749999999e-06	9.610000000000001e-06	9.846281250000003e-06	9.951312500000005e-06	9.992093750000005e-06	1.0000000000000004e-05
8300	1.0000000000000004e-05	9.999625000000002e-06	9.966531250000004e-06	9.835343750000002e-06	7.540593750000004e-06	3.42740625e-06	1.04775e-06	5.879375000000001e-07	3.013750000000001e-07	5.9375e-09	6.575e-08	1.331375e-06	5.4467500000000025e-06	9.18075e-06	9.977343750000005e-06	9.935250000000003e-06	9.928250000000006e-06	9.951968750000007e-06	9.962500000000007e-06
8400	1.0000000000000003e-05	9.999900000000002e-06	9.975033333333337e-06	9.84396666666667e-06	7.907033333333336e-06	3.752300000000001e-06	8.724333333333334e-07	3.0716666666666664e-07	1.4883333333333334e-07	0.0	4.8000000000000006e-08	1.4886333333333334e-06	5.392633333333334e-06	8.948500000000004e-06	9.95806666666667e-06	9.887100000000002e-06	9.875633333333334e-06	9.921766666666672e-06	9.943333333333339e-06
8500	9.948387096774198e-06	9.92845161290323e-06	9.868354838709679e-06	9.75225806451613e-06	8.184225806451614e-06	4.243967741935485e-06	1.048064516129032e-06	3.033870967741935e-07	1.5629032258064514e-07	3.0645161290322582e-09	1.0448387096774192e-07	2.1895806451612905e-06	6.509645161290325e-06	9.420806451612907e-06	9.973193548387103e-06	9.93335483870968e-06	9.92945161290323e-06	9.955290322580647e-06	9.96451612903226e-06
8600	9.946875000000003e-06	9.933531250000006e-06	9.884031250000004e-06	9.760187500000004e-06	7.74375e-06	3.5463437500000008e-06	1.0841562499999996e-06	8.728124999999997e-07	4.2749999999999993e-07	0.0	4.500000000000001e-08	1.58009375e-06	5.6270625000000015e-06	9.086093750000004e-06	9.967156250000005e-06	9.928843750000007e-06	9.930187500000004e-06	9.960312500000006e-06	9.971875000000007e-06
8700	9.816666666666669e-06	9.830933333333334e-06	9.861766666666668e-06	9.769200000000003e-06	7.880900000000001e-06	3.854466666666667e-06	1.1236000000000001e-06	6.335999999999997e-07	3.1360000000000006e-07	0.0	2.5333333333333335e-08	1.5630666666666663e-06	5.655733333333333e-06	9.11093333333334e-06	9.969866666666667e-06	9.936700000000003e-06	9.936166666666668e-06	9.961400000000003e-06	9.970000000000003e-06
8800	9.825000000000005e-06	9.841625000000004e-06	9.872468750000004e-06	9.797250000000003e-06	8.27571875e-06	4.4710625e-06	1.1992500000000002e-06	2.9400000000000007e-07	1.4400000000000002e-07	0.0	6.000000000000001e-08	1.93778125e-06	6.199968749999998e-06	9.279625000000002e-06	9.695437500000003e-06	9.254781250000002e-06	9.217281250000001e-06	9.620812500000002e-06	9.840625000000002e-06
8900	9.840625000000002e-06	9.855156250000002e-06	9.874468750000001e-06	9.820093750000002e-06	8.095781250000002e-06	3.6783749999999993e-06	9.055625e-07	8.879375e-07	4.513750000000001e-07	5.9375e-09	1.8000000000000002e-08	1.5517187499999997e-06	5.203875000000001e-06	8.622656250000003e-06	9.836625000000003e-06	9.748000000000002e-06	9.782781250000001e-06	9.887656250000002e-06	9.937500000000003e-06
9000	9.827272727272729e-06	9.842575757575758e-06	9.873151515151517e-06	9.80524242424243e-06	8.090636363636364e-06	4.156030303030303e-06	1.643515151515151e-06	1.4428484848484846e-06	7.344242424242423e-07	8.666666666666667e-09	2.0212121212121212e-08	1.895090909090909e-06	6.2610606060606074e-06	9.241515151515152e-06	9.68036363636364e-06	9.699787878787881e-06	9.813787878787882e-06	9.899636363636372e-06	9.921212121212128e-06
9100	9.845454545454549e-06	9.85633333333334e-06	9.857090909090915e-06	9.373515151515155e-06	6.912454545454549e-06	3.0151515151515168e-06	5.527272727272728e-07	0.0	0.0	0.0	2.8909090909090912e-08	1.6414848484848484e-06	5.7311212121212125e-06	9.00009090909091e-06	9.747212121212122e-06	9.750424242424246e-06	9.820333333333337e-06	9.899212121212125e-06	9.927272727272732e-06
9200	9.838709677419356e-06	9.84729032258065e-06	9.846806451612904e-06	9.215516129032258e-06	6.482935483870968e-06	2.667451612903226e-06	1.0911612903225809e-06	1.21383870967742e-06	6.09967741935484e-07	6.1290322580645165e-09	4.635483870967742e-08	1.8499677419354844e-06	6.1356129032258055e-06	9.184354838709677e-06	9.678096774193547e-06	9.726225806451614e-06	9.885096774193552e-06	9.98461290322581e-06	1.0000000000000004e-05
9300	9.828125000000002e-06	9.843843750000005e-06	9.846031250000004e-06	8.044312500000003e-06	3.772781249999999e-06	6.447187500000001e-07	2.925e-07	5.909375000000001e-07	3.043750000000001e-07	5.9375e-09	6.000000000000001e-09	2.0413437500000004e-06	6.552031249999997e-06	9.366781250000002e-06	9.666593750000001e-06	9.715281250000002e-06	9.883031250000002e-06	9.979562500000003e-06	9.990625000000004e-06
9400	9.850000000000002e-06	9.859800000000002e-06	9.846433333333335e-06	8.561433333333336e-06	5.0089666666666656e-06	1.359166666666667e-06	0.0	0.0	0.0	0.0	7.636666666666667e-08	1.9213666666666665e-06	5.912833333333333e-06	8.919433333333333e-06	9.675266666666669e-06	9.715400000000004e-06	9.852666666666668e-06	9.937600000000005e-06	9.953333333333337e-06
9500	9.835483870967743e-06	9.849225806451613e-06	9.836193548387099e-06	8.035e-06	3.847838709677419e-06	7.236774193548388e-07	3.125806451612903e-07	6.06774193548387e-07	3.0032258064516125e-07	0.0	0.0	1.2573225806451617e-06	4.900677419354837e-06	8.48458064516129e-06	9.692258064516132e-06	9.694451612903228e-06	9.755483870967744e-06	9.852387096774197e-06	9.880645161290326e-06
9600	9.813793103448281e-06	9.826827586206898e-06	9.766517241379311e-06	8.139448275862071e-06	4.233862068965518e-06	9.475517241379312e-07	3.341379310344827e-07	6.486206896551725e-07	3.2103448275862067e-07	0.0	0.0	1.2030689655172412e-06	4.789586206896551e-06	8.434620689655171e-06	9.76e-06	9.882586206896553e-06	9.967551724137935e-06	9.99168965517242e-06	9.989655172413803e-06
9700	9.848275862068966e-06	9.858379310344828e-06	9.720551724137932e-06	7.815896551724134e-06	3.885620689655172e-06	8.560344827586207e-07	0.0	0.0	0.0	0.0	0.0	9.653793103448278e-07	4.187931034482758e-06	8.055793103448275e-06	9.728206896551724e-06	9.828758620689655e-06	9.90055172413793e-06	9.946068965517244e-06	9.958620689655177e-06
9800	9.835483870967743e-06	9.842580645161294e-06	9.603000000000001e-06	7.302612903225806e-06	3.0541935483870964e-06	4.4506451612903235e-07	4.7500000000000016e-07	9.04032258064516e-07	4.443548387096774e-07	0.0	0.0	6.564516129032259e-07	3.6743548387096766e-06	7.835387096774193e-06	9.700387096774196e-06	9.787838709677424e-06	9.862096774193552e-06	9.931354838709683e-06	9.948387096774198e-06
9900	9.83666666666667e-06	9.842433333333334e-06	9.753000000000001e-06	8.274966666666664e-06	4.251533333333333e-06	8.054666666666668e-07	0.0	0.0	0.0	0.0	0.0	8.692000000000003e-07	4.423499999999999e-06	8.386833333333334e-06	9.664000000000001e-06	9.681733333333331e-06	9.791833333333337e-06	9.914900000000002e-06	9.946666666666669e-06
10000	9.850000000000002e-06	9.853500000000001e-06	9.720533333333335e-06	8.038100000000002e-06	3.7884333333333334e-06	5.455333333333334e-07	1.6149999999999998e-07	3.1350000000000005e-07	1.5516666666666666e-07	0.0	0.0	7.723333333333333e-07	4.322533333333333e-06	8.368966666666666e-06	9.630266666666668e-06	9.619333333333335e-06	9.669866666666667e-06	9.75536666666667e-06	9.786666666666669e-06
