	site
generation	50	100	150	200	250	300	350	400	450	500	550	600	650	700	750	800	850	900	950
0	1.0000000000000004e-05	1.0000000000000004e-05	1.0000000000000004e-05	1.0000000000000004e-05	1.0000000000000004e-05	1.0000000000000004e-05	1.0000000000000004e-05	1.0000000000000004e-05	1.0000000000000004e-05	1.0000000000000004e-05	1.0000000000000004e-05	1.0000000000000004e-05	1.0000000000000004e-05	1.0000000000000004e-05	1.0000000000000004e-05	1.0000000000000004e-05	1.0000000000000004e-05	1.0000000000000004e-05	1.0000000000000004e-05
100	9.909375000000005e-06	9.924750000000005e-06	9.957406250000003e-06	9.957062500000006e-06	9.928531250000005e-06	9.921312500000007e-06	9.916812500000002e-06	9.910187500000003e-06	9.9104375e-06	9.904156250000003e-06	9.916531250000005e-06	9.952687500000003e-06	9.984656250000005e-06	9.998906250000004e-06	1.0000000000000004e-05	1.0000000000000004e-05	9.997000000000004e-06	9.989187500000005e-06	9.984375000000006e-06
200	9.956250000000001e-06	9.965812500000006e-06	9.982656250000004e-06	9.987156250000009e-06	9.985906250000004e-06	9.972093750000004e-06	9.933718750000002e-06	9.919156250000007e-06	9.944218750000003e-06	9.959437500000004e-06	9.963531250000003e-06	9.978906250000002e-06	9.991187500000004e-06	9.994093750000008e-06	9.975375000000006e-06	9.932343750000006e-06	9.924750000000005e-06	9.954843750000006e-06	9.968750000000009e-06
300	9.943750000000006e-06	9.959625000000007e-06	9.985625000000005e-06	9.973875000000003e-06	9.931968750000007e-06	9.906656250000005e-06	9.911000000000004e-06	9.936781250000003e-06	9.949281250000004e-06	9.940281250000004e-06	9.937781250000004e-06	9.931718750000003e-06	9.928781250000004e-06	9.956531250000006e-06	9.979750000000004e-06	9.982187500000003e-06	9.981687500000002e-06	9.969781250000001e-06	9.959375000000002e-06
400	9.975000000000005e-06	9.977343750000002e-06	9.984781250000005e-06	9.990125000000005e-06	9.990500000000002e-06	9.993250000000003e-06	9.997218750000004e-06	9.999281250000003e-06	1.0000000000000004e-05	1.0000000000000004e-05	1.0000000000000004e-05	9.995656250000007e-06	9.962718750000003e-06	9.918375000000003e-06	9.904437500000002e-06	9.906687500000004e-06	9.918937500000002e-06	9.931000000000002e-06	9.931250000000003e-06
500	9.96896551724138e-06	9.98034482758621e-06	9.99586206896552e-06	1.0000000000000003e-05	1.0000000000000003e-05	1.0000000000000003e-05	1.0000000000000003e-05	1.0000000000000003e-05	1.0000000000000003e-05	1.0000000000000003e-05	1.0000000000000003e-05	9.991655172413797e-06	9.959379310344831e-06	9.930172413793105e-06	9.948172413793109e-06	9.985068965517245e-06	9.999344827586209e-06	1.0000000000000003e-05	1.0000000000000003e-05
600	9.920689655172417e-06	9.920655172413795e-06	9.908896551724141e-06	9.875586206896555e-06	9.831517241379313e-06	9.824172413793106e-06	9.88903448275862e-06	9.966448275862071e-06	9.997068965517243e-06	1.0000000000000003e-05	1.0000000000000003e-05	9.98279310344828e-06	9.917758620689657e-06	9.847620689655174e-06	9.84948275862069e-06	9.892344827586206e-06	9.921034482758617e-06	9.931034482758619e-06	9.931034482758619e-06
700	9.974193548387097e-06	9.984258064516137e-06	9.985483870967747e-06	9.947645161290326e-06	9.916225806451617e-06	9.944129032258069e-06	9.987161290322584e-06	9.999935483870972e-06	1.0000000000000004e-05	1.0000000000000004e-05	1.0000000000000004e-05	9.98912903225807e-06	9.932161290322587e-06	9.820677419354841e-06	9.786290322580644e-06	9.89203225806452e-06	9.981709677419363e-06	9.996709677419356e-06	9.996774193548388e-06
800	9.978125000000007e-06	9.986937500000004e-06	9.993250000000003e-06	9.972593750000006e-06	9.933562500000005e-06	9.929125000000003e-06	9.971062500000003e-06	9.998281250000004e-06	1.0000000000000004e-05	1.0000000000000004e-05	1.0000000000000004e-05	9.983875000000004e-06	9.902250000000003e-06	9.810406250000002e-06	9.821031250000002e-06	9.881875000000008e-06	9.907812500000003e-06	9.912750000000001e-06	9.915625000000002e-06
900	9.830303030303034e-06	9.850787878787882e-06	9.911484848484853e-06	9.932636363636368e-06	9.878212121212128e-06	9.863121212121217e-06	9.926878787878793e-06	9.985181818181821e-06	9.991696969696976e-06	9.958727272727278e-06	9.925333333333338e-06	9.919363636363641e-06	9.862696969696976e-06	9.743545454545458e-06	9.708818181818184e-06	9.778121212121217e-06	9.839454545454548e-06	9.855515151515153e-06	9.854545454545457e-06
1000	9.867741935483877e-06	9.892612903225808e-06	9.946580645161292e-06	9.958516129032263e-06	9.91745161290323e-06	9.905741935483876e-06	9.945806451612906e-06	9.979483870967745e-06	9.96870967741936e-06	9.946322580645165e-06	9.957096774193552e-06	9.986225806451617e-06	9.999387096774196e-06	9.998838709677428e-06	9.994548387096781e-06	9.992032258064525e-06	9.99577419354839e-06	9.999451612903231e-06	1.0000000000000004e-05
1100	9.76969696969697e-06	9.809818181818185e-06	9.904545454545462e-06	9.974303030303034e-06	9.964575757575762e-06	9.926303030303036e-06	9.928333333333341e-06	9.93933333333334e-06	9.926575757575762e-06	9.940484848484854e-06	9.980515151515156e-06	9.985121212121219e-06	9.88945454545455e-06	9.735030303030309e-06	9.694333333333336e-06	9.769333333333337e-06	9.80515151515152e-06	9.781939393939398e-06	9.766666666666671e-06
1200	9.790909090909093e-06	9.814424242424248e-06	9.898303030303035e-06	9.967212121212127e-06	9.919090909090915e-06	9.844787878787881e-06	9.874424242424249e-06	9.921454545454551e-06	9.880424242424245e-06	9.857757575757578e-06	9.92606060606061e-06	9.972121212121219e-06	9.873181818181821e-06	9.724212121212126e-06	9.712393939393945e-06	9.78815151515152e-06	9.806242424242428e-06	9.777272727272731e-06	9.763636363636368e-06
1300	9.98125e-06	9.953500000000006e-06	9.872250000000002e-06	9.817437500000003e-06	9.825625000000003e-06	9.835593750000006e-06	9.856312500000005e-06	9.892718750000002e-06	9.8883125e-06	9.839812500000001e-06	9.828312500000001e-06	9.887093750000004e-06	9.952718750000007e-06	9.977062500000009e-06	9.980656250000006e-06	9.979562500000006e-06	9.940812500000004e-06	9.884093750000002e-06	9.862500000000004e-06
1400	9.930000000000003e-06	9.913133333333335e-06	9.886966666666669e-06	9.905166666666668e-06	9.94946666666667e-06	9.97146666666667e-06	9.974800000000005e-06	9.956866666666671e-06	9.917366666666668e-06	9.85526666666667e-06	9.822766666666668e-06	9.876333333333337e-06	9.93436666666667e-06	9.941933333333334e-06	9.945033333333337e-06	9.958933333333339e-06	9.972266666666673e-06	9.985600000000008e-06	9.99333333333334e-06
1500	9.996774193548395e-06	9.998161290322584e-06	9.99977419354839e-06	9.998612903225817e-06	9.9965806451613e-06	9.980806451612908e-06	9.9191935483871e-06	9.825193548387099e-06	9.758419354838712e-06	9.797677419354841e-06	9.922580645161293e-06	9.994483870967746e-06	1.0000000000000004e-05	1.0000000000000004e-05	1.0000000000000004e-05	9.999612903225812e-06	9.99800000000001e-06	9.996774193548395e-06	9.996774193548395e-06
1600	9.974193548387097e-06	9.95777419354839e-06	9.872483870967745e-06	9.778774193548388e-06	9.76183870967742e-06	9.78951612903226e-06	9.820258064516131e-06	9.802612903225812e-06	9.763483870967743e-06	9.803225806451614e-06	9.906354838709681e-06	9.937516129032264e-06	9.843225806451617e-06	9.759548387096776e-06	9.797096774193549e-06	9.872322580645165e-06	9.91812903225807e-06	9.944483870967745e-06	9.951612903225812e-06
1700	9.963333333333335e-06	9.948166666666669e-06	9.868233333333338e-06	9.783500000000004e-06	9.780700000000001e-06	9.817733333333336e-06	9.841433333333332e-06	9.811933333333335e-06	9.764866666666669e-06	9.808833333333335e-06	9.913400000000002e-06	9.929133333333336e-06	9.846300000000001e-06	9.780133333333333e-06	9.780600000000003e-06	9.829433333333336e-06	9.911000000000004e-06	9.97266666666667e-06	9.98666666666667e-06
1800	9.815625e-06	9.821875e-06	9.802625000000002e-06	9.759062500000002e-06	9.753093750000001e-06	9.797312500000003e-06	9.836781250000004e-06	9.804031250000004e-06	9.755031250000001e-06	9.795625000000002e-06	9.873031250000002e-06	9.913437500000005e-06	9.932468750000003e-06	9.934781250000006e-06	9.928750000000006e-06	9.935562500000003e-06	9.963187500000006e-06	9.991093750000005e-06	1.0000000000000004e-05
1900	9.921875000000004e-06	9.918531250000004e-06	9.930125000000007e-06	9.877250000000003e-06	9.548437500000006e-06	9.311500000000002e-06	9.545156250000003e-06	9.733187500000001e-06	9.69740625e-06	9.741093750000002e-06	9.841468750000002e-06	9.864906250000001e-06	9.817968750000001e-06	9.791812500000003e-06	9.821593750000002e-06	9.882687500000004e-06	9.947718750000006e-06	9.989843750000005e-06	1.0000000000000004e-05
2000	9.929032258064522e-06	9.921000000000004e-06	9.919322580645167e-06	9.768483870967743e-06	9.452225806451616e-06	9.40135483870968e-06	9.615193548387099e-06	9.692870967741935e-06	9.676645161290323e-06	9.758451612903231e-06	9.844967741935484e-06	9.839290322580648e-06	9.797419354838711e-06	9.77767741935484e-06	9.811741935483873e-06	9.877612903225809e-06	9.899000000000003e-06	9.87816129032258e-06	9.86774193548387e-06
2100	9.925000000000007e-06	9.942250000000005e-06	9.968593750000006e-06	9.917281250000005e-06	9.79421875e-06	9.711656250000001e-06	9.67590625e-06	9.318000000000001e-06	9.011437500000002e-06	9.444750000000005e-06	9.863843750000005e-06	9.864156250000003e-06	9.827406250000002e-06	9.792250000000001e-06	9.798843750000005e-06	9.871343750000005e-06	9.9195e-06	9.913687500000004e-06	9.906250000000002e-06
2200	9.913333333333334e-06	9.926100000000001e-06	9.953433333333337e-06	9.923200000000004e-06	9.7981e-06	9.699500000000001e-06	8.66803333333333e-06	5.759533333333333e-06	4.740533333333333e-06	7.5555666666666676e-06	9.686200000000004e-06	9.853000000000002e-06	9.808933333333334e-06	9.794833333333335e-06	9.8285e-06	9.885800000000001e-06	9.929733333333336e-06	9.950933333333335e-06	9.956666666666669e-06
2300	9.893939393939396e-06	9.913303030303034e-06	9.959969696969702e-06	9.937272727272733e-06	9.782060606060606e-06	9.675060606060607e-06	9.101666666666665e-06	6.546878787878788e-06	3.621545454545454e-06	4.688848484848486e-06	8.285090909090908e-06	9.870787878787882e-06	9.886939393939398e-06	9.931636363636367e-06	9.976393939393944e-06	9.983818181818187e-06	9.927545454545458e-06	9.849666666666673e-06	9.818181818181824e-06
2400	9.856250000000002e-06	9.865562500000003e-06	9.881937500000004e-06	9.844656250000003e-06	9.687375000000003e-06	9.589062500000002e-06	9.26596875e-06	7.477937499999999e-06	4.921e-06	5.282656249999999e-06	8.298531249999997e-06	9.848968750000005e-06	9.875343750000005e-06	9.908812500000007e-06	9.919187500000006e-06	9.934375000000004e-06	9.932031250000003e-06	9.898093750000002e-06	9.881250000000001e-06
2500	9.840625000000002e-06	9.856281250000003e-06	9.873187500000005e-06	9.340468750000001e-06	7.557593750000001e-06	6.77375e-06	8.433031250000001e-06	9.612687500000001e-06	9.6020625e-06	9.67453125e-06	9.792218750000002e-06	9.842718750000004e-06	9.865906250000002e-06	9.921562500000004e-06	9.971562500000007e-06	9.990281250000007e-06	9.981500000000004e-06	9.961656250000005e-06	9.953125000000005e-06
2600	9.683870967741936e-06	9.710032258064514e-06	9.782129032258066e-06	9.807032258064517e-06	9.763064516129035e-06	9.765741935483874e-06	9.755032258064516e-06	8.927806451612905e-06	7.92509677419355e-06	8.509645161290329e-06	9.617967741935488e-06	9.947161290322584e-06	9.911064516129039e-06	9.805580645161293e-06	9.728387096774195e-06	9.730645161290326e-06	9.808516129032259e-06	9.874709677419358e-06	9.890322580645166e-06
2700	9.696874999999997e-06	9.721781250000001e-06	9.776437500000003e-06	9.764250000000002e-06	9.700562499999999e-06	9.720593750000001e-06	9.275687499999999e-06	6.799906250000003e-06	3.9311249999999996e-06	5.059750000000001e-06	8.507375000000003e-06	9.945531250000004e-06	9.894656250000004e-06	9.803468750000001e-06	9.73559375e-06	9.750125000000003e-06	9.864718750000005e-06	9.962937500000005e-06	9.987500000000007e-06
2800	9.875000000000005e-06	9.878625000000006e-06	9.856625000000003e-06	9.774781250000004e-06	9.702093750000001e-06	9.736562500000003e-06	9.275500000000003e-06	6.500718750000002e-06	3.2415e-06	4.499718750000001e-06	8.336093750000001e-06	9.941156250000006e-06	9.906937500000003e-06	9.792062500000003e-06	9.720406250000005e-06	9.750468750000002e-06	9.852125000000005e-06	9.925000000000004e-06	9.940625000000004e-06
2900	9.83666666666667e-06	9.841733333333333e-06	9.82426666666667e-06	9.743133333333335e-06	9.641200000000002e-06	9.6516e-06	9.178833333333333e-06	6.728466666666667e-06	3.4457000000000003e-06	4.014333333333333e-06	7.93256666666667e-06	9.947600000000003e-06	9.955966666666667e-06	9.933933333333338e-06	9.949566666666669e-06	9.982600000000003e-06	9.995300000000006e-06	9.996666666666672e-06	9.996666666666672e-06
3000	1.0000000000000004e-05	1.0000000000000004e-05	1.0000000000000004e-05	1.0000000000000004e-05	9.994312500000006e-06	9.955718750000002e-06	9.450000000000003e-06	6.1303125e-06	2.2230625000000003e-06	3.980750000000001e-06	8.3180625e-06	9.897375000000004e-06	9.977062500000004e-06	9.998343750000005e-06	1.0000000000000004e-05	1.0000000000000004e-05	1.0000000000000004e-05	1.0000000000000004e-05	1.0000000000000004e-05
3100	1.0000000000000004e-05	1.0000000000000004e-05	1.0000000000000004e-05	1.0000000000000004e-05	9.990032258064522e-06	9.936903225806457e-06	8.86683870967742e-06	5.311806451612904e-06	2.358935483870968e-06	4.437354838709678e-06	8.381483870967743e-06	9.887741935483876e-06	9.973677419354843e-06	9.997161290322585e-06	1.0000000000000004e-05	1.0000000000000004e-05	9.998709677419363e-06	9.99548387096775e-06	9.99354838709678e-06
3200	1.0000000000000004e-05	1.0000000000000004e-05	1.0000000000000004e-05	1.0000000000000004e-05	9.979258064516134e-06	9.898000000000006e-06	8.257225806451614e-06	4.366516129032258e-06	2.532451612903226e-06	5.324193548387095e-06	8.739645161290325e-06	9.888903225806452e-06	9.95696774193549e-06	9.977516129032264e-06	9.983806451612908e-06	9.99187096774194e-06	9.982548387096777e-06	9.962322580645164e-06	9.954838709677424e-06
3300	1.0000000000000003e-05	9.996724137931038e-06	9.972310344827592e-06	9.930793103448277e-06	9.912655172413798e-06	9.88493103448276e-06	8.889758620689653e-06	5.327689655172412e-06	2.6061724137931035e-06	5.073344827586206e-06	8.760551724137931e-06	9.909862068965522e-06	9.961551724137934e-06	9.953206896551726e-06	9.957034482758623e-06	9.936034482758623e-06	9.874413793103448e-06	9.854620689655176e-06	9.865517241379313e-06
3400	9.910344827586209e-06	9.900241379310345e-06	9.878241379310344e-06	9.883827586206895e-06	9.917172413793107e-06	9.886034482758622e-06	8.451931034482756e-06	4.807724137931033e-06	2.764034482758621e-06	5.263862068965516e-06	8.73986206896552e-06	9.96337931034483e-06	9.998655172413797e-06	9.999655172413796e-06	9.987172413793108e-06	9.95844827586207e-06	9.94893103448276e-06	9.964206896551727e-06	9.972413793103454e-06
3500	9.803030303030307e-06	9.795939393939398e-06	9.795333333333338e-06	9.837636363636366e-06	9.893575757575763e-06	9.85957575757576e-06	8.504363636363637e-06	4.326818181818182e-06	1.6806363636363641e-06	4.821030303030304e-06	8.816181818181821e-06	9.94866666666667e-06	9.998060606060609e-06	1.0000000000000004e-05	1.0000000000000004e-05	1.0000000000000004e-05	1.0000000000000004e-05	1.0000000000000004e-05	1.0000000000000004e-05
3600	9.800000000000004e-06	9.784818181818186e-06	9.745545454545455e-06	9.74757575757576e-06	9.841151515151523e-06	9.883242424242429e-06	8.222030303030305e-06	4.514393939393939e-06	2.4840909090909095e-06	4.608939393939394e-06	8.285515151515155e-06	9.900212121212126e-06	9.925363636363641e-06	9.951121212121215e-06	9.983030303030307e-06	9.989757575757582e-06	9.989333333333336e-06	9.99448484848485e-06	9.996969696969698e-06
3700	9.784375000000004e-06	9.769406250000002e-06	9.7444375e-06	9.763687500000004e-06	9.829562500000004e-06	9.838437500000003e-06	8.3569375e-06	4.160062499999999e-06	2.0989374999999996e-06	5.524062500000001e-06	9.033125000000002e-06	9.840781250000003e-06	9.891625000000002e-06	9.904593750000001e-06	9.903343750000004e-06	9.905937500000004e-06	9.928687500000003e-06	9.956250000000007e-06	9.968750000000009e-06
3800	9.796875000000001e-06	9.774906250000002e-06	9.738531250000002e-06	9.7659375e-06	9.847187500000002e-06	9.842968750000003e-06	8.693343750000002e-06	4.60525e-06	1.57684375e-06	4.4724375e-06	8.547593750000004e-06	9.771468750000002e-06	9.883687500000006e-06	9.895156250000003e-06	9.858687500000002e-06	9.830875000000003e-06	9.857531250000004e-06	9.913156250000004e-06	9.940625000000004e-06
3900	9.336363636363635e-06	9.339666666666666e-06	9.440454545454547e-06	9.685333333333337e-06	9.878363636363643e-06	9.89133333333334e-06	9.158151515151517e-06	6.141666666666669e-06	2.9804242424242427e-06	4.4723939393939405e-06	8.35545454545455e-06	9.871606060606066e-06	9.774666666666671e-06	9.694545454545459e-06	9.692545454545458e-06	9.719121212121215e-06	9.769030303030305e-06	9.816757575757578e-06	9.830303030303034e-06
4000	7.562499999999998e-06	7.546562499999997e-06	8.008624999999998e-06	9.14625e-06	9.846218750000004e-06	9.853937500000003e-06	8.801562500000001e-06	5.08790625e-06	2.1682499999999995e-06	4.63725e-06	8.579187500000002e-06	9.816187500000002e-06	9.761250000000002e-06	9.705531250000004e-06	9.699593750000002e-06	9.722625000000002e-06	9.767000000000003e-06	9.801375000000002e-06	9.809375000000005e-06
4100	8.133333333333329e-06	8.125033333333331e-06	8.41163333333333e-06	9.275300000000002e-06	9.877800000000004e-06	9.874300000000001e-06	8.692133333333334e-06	5.231300000000001e-06	1.5912000000000001e-06	1.7258333333333337e-06	5.629266666666668e-06	8.951933333333332e-06	9.794966666666669e-06	9.744166666666669e-06	9.7905e-06	9.888900000000003e-06	9.912300000000005e-06	9.8747e-06	9.850000000000002e-06
4200	9.787878787878792e-06	9.774606060606066e-06	9.734393939393942e-06	9.753242424242427e-06	9.875696969696974e-06	9.901878787878793e-06	8.519545454545457e-06	6.141121212121213e-06	4.613757575757577e-06	5.1441818181818196e-06	7.962272727272731e-06	9.861969696969699e-06	9.945454545454551e-06	9.928787878787887e-06	9.94045454545455e-06	9.974878787878795e-06	9.995151515151518e-06	1.0000000000000004e-05	1.0000000000000004e-05
4300	9.93793103448276e-06	9.916448275862072e-06	9.870724137931037e-06	9.872310344827588e-06	9.935931034482761e-06	9.98686206896552e-06	1.0000000000000003e-05	9.984896551724143e-06	9.921448275862072e-06	9.853103448275862e-06	9.880000000000002e-06	9.962000000000002e-06	9.998551724137935e-06	1.0000000000000003e-05	1.0000000000000003e-05	1.0000000000000003e-05	9.998034482758623e-06	9.994586206896551e-06	9.993103448275862e-06
4400	9.99354838709678e-06	9.983290322580647e-06	9.946096774193552e-06	9.911870967741936e-06	9.903870967741935e-06	9.913451612903232e-06	9.947387096774197e-06	9.963322580645163e-06	9.904774193548393e-06	9.83893548387097e-06	9.852645161290324e-06	9.895032258064515e-06	9.93212903225807e-06	9.97396774193549e-06	9.994580645161299e-06	9.997709677419359e-06	9.999322580645164e-06	1.0000000000000004e-05	1.0000000000000004e-05
4500	1.0000000000000003e-05	9.987900000000003e-06	9.950233333333333e-06	9.909800000000005e-06	9.889833333333335e-06	9.874700000000002e-06	9.856600000000003e-06	9.8501e-06	9.831033333333335e-06	9.781133333333334e-06	9.761599999999998e-06	9.814866666666666e-06	9.906033333333336e-06	9.974833333333338e-06	9.998000000000003e-06	1.0000000000000003e-05	1.0000000000000003e-05	1.0000000000000003e-05	1.0000000000000003e-05
4600	9.974193548387097e-06	9.962258064516133e-06	9.932741935483876e-06	9.92048387096775e-06	9.921225806451615e-06	9.91945161290323e-06	9.92887096774194e-06	9.909935483870972e-06	9.841096774193549e-06	9.781709677419354e-06	9.79003225806452e-06	9.846032258064516e-06	9.913290322580648e-06	9.971161290322586e-06	9.996677419354842e-06	1.0000000000000004e-05	1.0000000000000004e-05	1.0000000000000004e-05	1.0000000000000004e-05
4700	9.966666666666672e-06	9.966166666666673e-06	9.95056666666667e-06	9.922433333333337e-06	9.904766666666669e-06	9.896266666666672e-06	9.868933333333336e-06	9.83666666666667e-06	9.824033333333336e-06	9.8134e-06	9.8083e-06	9.809933333333332e-06	9.858066666666668e-06	9.947433333333337e-06	9.988066666666667e-06	9.985333333333341e-06	9.987800000000006e-06	9.994566666666673e-06	9.996666666666672e-06
4800	9.893548387096778e-06	9.876516129032259e-06	9.830258064516135e-06	9.830064516129034e-06	9.917290322580651e-06	9.967838709677424e-06	9.886354838709681e-06	9.77335483870968e-06	9.73841935483871e-06	9.765709677419353e-06	9.803161290322584e-06	9.829806451612906e-06	9.895096774193554e-06	9.967032258064519e-06	9.963193548387103e-06	9.928225806451617e-06	9.93777419354839e-06	9.966870967741938e-06	9.974193548387097e-06
4900	9.996774193548395e-06	9.994129032258071e-06	9.986677419354846e-06	9.978516129032264e-06	9.97551612903226e-06	9.964580645161296e-06	9.884903225806457e-06	9.77441935483871e-06	9.75016129032258e-06	9.79193548387097e-06	9.820612903225813e-06	9.823838709677422e-06	9.86935483870968e-06	9.953193548387101e-06	9.965161290322581e-06	9.915516129032263e-06	9.91551612903226e-06	9.95403225806452e-06	9.967741935483871e-06
5000	1.0000000000000003e-05	1.0000000000000003e-05	1.0000000000000003e-05	1.0000000000000003e-05	1.0000000000000003e-05	9.997800000000003e-06	9.960933333333335e-06	9.864400000000002e-06	9.781266666666669e-06	9.765666666666664e-06	9.759733333333334e-06	9.742666666666666e-06	9.801400000000002e-06	9.929466666666669e-06	9.996666666666669e-06	1.0000000000000003e-05	1.0000000000000003e-05	1.0000000000000003e-05	1.0000000000000003e-05
5100	9.968750000000009e-06	9.968750000000009e-06	9.967125000000005e-06	9.961781250000002e-06	9.951812500000006e-06	9.948531250000005e-06	9.952250000000008e-06	9.951093750000005e-06	9.957406250000004e-06	9.981562500000005e-06	9.998750000000003e-06	1.0000000000000004e-05	1.0000000000000004e-05	1.0000000000000004e-05	1.0000000000000004e-05	1.0000000000000004e-05	1.0000000000000004e-05	1.0000000000000004e-05	1.0000000000000004e-05
5200	1.0000000000000004e-05	1.0000000000000004e-05	9.999967741935488e-06	9.972580645161295e-06	9.908161290322585e-06	9.854419354838714e-06	9.84787096774194e-06	9.848387096774195e-06	9.854870967741936e-06	9.924612903225809e-06	9.989129032258067e-06	1.0000000000000004e-05	1.0000000000000004e-05	9.999193548387104e-06	9.997483870967751e-06	9.991677419354847e-06	9.981193548387098e-06	9.97167741935484e-06	9.967741935483871e-06
5300	9.923333333333337e-06	9.92026666666667e-06	9.928800000000002e-06	9.949466666666668e-06	9.913866666666672e-06	9.846666666666668e-06	9.827066666666668e-06	9.823833333333332e-06	9.837600000000004e-06	9.87896666666667e-06	9.914433333333338e-06	9.927200000000006e-06	9.927800000000002e-06	9.950366666666674e-06	9.984766666666668e-06	9.992033333333337e-06	9.959266666666668e-06	9.918133333333334e-06	9.903333333333336e-06
5400	9.928125000000004e-06	9.915000000000006e-06	9.891875000000001e-06	9.888093750000002e-06	9.867812500000005e-06	9.837468750000007e-06	9.841750000000006e-06	9.839031250000006e-06	9.841968750000005e-06	9.859812500000003e-06	9.855812500000004e-06	9.855281250000004e-06	9.883218750000004e-06	9.933468750000004e-06	9.981468750000002e-06	9.986906250000005e-06	9.947906250000006e-06	9.910812500000004e-06	9.900000000000007e-06
5500	9.978125000000007e-06	9.985031250000006e-06	9.992843750000007e-06	9.987812500000007e-06	9.952750000000006e-06	9.908687500000003e-06	9.858343750000001e-06	9.783718750000002e-06	9.766625000000002e-06	9.824531250000004e-06	9.873906250000004e-06	9.886406250000001e-06	9.884843750000004e-06	9.891875000000004e-06	9.904375000000006e-06	9.890812500000004e-06	9.839687500000004e-06	9.792625000000005e-06	9.778125000000004e-06
5600	9.987500000000007e-06	9.993406250000004e-06	9.999656250000004e-06	9.995531250000003e-06	9.966500000000004e-06	9.921156250000003e-06	9.857375000000001e-06	9.766125000000001e-06	9.750187500000003e-06	9.828000000000005e-06	9.871312500000006e-06	9.854000000000003e-06	9.859687500000006e-06	9.918187500000005e-06	9.949343750000005e-06	9.923000000000001e-06	9.894593750000003e-06	9.874250000000003e-06	9.862500000000001e-06
5700	1.0000000000000004e-05	1.0000000000000004e-05	1.0000000000000004e-05	9.964967741935491e-06	9.851193548387101e-06	9.684516129032263e-06	9.62367741935484e-06	9.716483870967741e-06	9.808387096774194e-06	9.812290322580648e-06	9.239967741935484e-06	8.212677419354837e-06	8.263806451612904e-06	9.307483870967742e-06	9.849838709677421e-06	9.906774193548389e-06	9.946290322580649e-06	9.9553870967742e-06	9.954838709677424e-06
5800	9.903225806451614e-06	9.911548387096779e-06	9.94670967741936e-06	9.961870967741942e-06	9.82951612903226e-06	9.637709677419355e-06	9.588548387096774e-06	9.62158064516129e-06	9.681483870967744e-06	9.751806451612904e-06	8.882064516129032e-06	7.559612903225801e-06	8.009677419354839e-06	9.354064516129032e-06	9.850000000000002e-06	9.907290322580648e-06	9.942870967741941e-06	9.94635483870968e-06	9.938709677419356e-06
5900	9.990625000000004e-06	9.993312500000006e-06	9.995031250000006e-06	9.994125000000007e-06	9.983000000000008e-06	9.82271875000001e-06	9.678843750000004e-06	9.778750000000005e-06	9.810218750000003e-06	9.714718750000002e-06	9.686875000000002e-06	9.772875000000003e-06	9.920718750000006e-06	9.993500000000004e-06	1.0000000000000004e-05	1.0000000000000004e-05	9.996812500000007e-06	9.989000000000007e-06	9.984375000000006e-06
6000	9.98125e-06	9.988343750000004e-06	9.997718750000004e-06	9.998781250000007e-06	9.981312500000006e-06	9.940156250000006e-06	9.916187500000001e-06	9.889000000000005e-06	9.809843750000004e-06	9.709312500000001e-06	9.66171875e-06	9.755687500000003e-06	9.912187500000006e-06	9.988312500000005e-06	1.0000000000000004e-05	1.0000000000000004e-05	1.0000000000000004e-05	1.0000000000000004e-05	1.0000000000000004e-05
6100	9.981818181818188e-06	9.984151515151523e-06	9.989757575757577e-06	9.958787878787882e-06	9.50224242424243e-06	8.179363636363636e-06	7.638060606060605e-06	8.844121212121212e-06	9.708636363636366e-06	9.680939393939397e-06	9.61387878787879e-06	9.716030303030308e-06	9.906818181818188e-06	9.986909090909096e-06	1.0000000000000004e-05	1.0000000000000004e-05	1.0000000000000004e-05	1.0000000000000004e-05	1.0000000000000004e-05
6200	9.80967741935484e-06	9.861645161290327e-06	9.95603225806452e-06	9.998258064516134e-06	9.978161290322588e-06	9.92145161290323e-06	9.865548387096776e-06	9.832387096774199e-06	9.781e-06	9.709129032258067e-06	9.66783870967742e-06	9.741129032258066e-06	9.901483870967749e-06	9.987677419354846e-06	9.996290322580648e-06	9.999516129032263e-06	1.0000000000000004e-05	1.0000000000000004e-05	1.0000000000000004e-05
6300	9.916129032258066e-06	9.915322580645166e-06	9.917387096774197e-06	9.824967741935487e-06	8.016258064516131e-06	5.087935483870969e-06	5.517290322580646e-06	8.426870967741934e-06	9.720064516129032e-06	9.727161290322581e-06	9.673903225806453e-06	9.711580645161293e-06	9.870258064516132e-06	9.979387096774196e-06	1.0000000000000004e-05	1.0000000000000004e-05	1.0000000000000004e-05	1.0000000000000004e-05	1.0000000000000004e-05
6400	9.88387096774194e-06	9.920806451612909e-06	9.978870967741939e-06	9.9893870967742e-06	9.945935483870973e-06	9.889870967741938e-06	9.888064516129034e-06	9.941322580645167e-06	9.95522580645162e-06	9.82777419354839e-06	9.65851612903226e-06	9.687419354838712e-06	9.865161290322584e-06	9.977129032258068e-06	1.0000000000000004e-05	1.0000000000000004e-05	1.0000000000000004e-05	1.0000000000000004e-05	1.0000000000000004e-05
6500	9.86774193548387e-06	9.87883870967742e-06	9.905741935483873e-06	9.905000000000004e-06	9.789129032258068e-06	9.647032258064522e-06	9.707225806451618e-06	9.892096774193554e-06	9.950677419354843e-06	8.956580645161291e-06	7.403225806451611e-06	7.758709677419355e-06	9.313096774193553e-06	9.952967741935489e-06	9.953677419354843e-06	9.930387096774195e-06	9.952774193548392e-06	9.987806451612906e-06	1.0000000000000004e-05
6600	9.723333333333336e-06	9.759433333333332e-06	9.87476666666667e-06	9.975800000000004e-06	9.988700000000007e-06	9.956400000000003e-06	9.926766666666668e-06	9.941166666666667e-06	9.941700000000002e-06	9.831833333333335e-06	9.675233333333335e-06	9.6556e-06	9.787166666666667e-06	9.915933333333338e-06	9.979233333333336e-06	9.99906666666667e-06	1.0000000000000003e-05	1.0000000000000003e-05	1.0000000000000003e-05
6700	9.693333333333336e-06	9.745333333333335e-06	9.871000000000001e-06	9.96976666666667e-06	9.986633333333339e-06	9.950900000000003e-06	9.916600000000001e-06	9.933133333333337e-06	9.93886666666667e-06	9.81926666666667e-06	9.657100000000001e-06	9.659933333333334e-06	9.800700000000003e-06	9.92086666666667e-06	9.979900000000004e-06	9.993200000000005e-06	9.96876666666667e-06	9.937166666666669e-06	9.92666666666667e-06
6800	1.0000000000000004e-05	1.0000000000000004e-05	1.0000000000000004e-05	9.994096774193554e-06	9.94435483870968e-06	9.873451612903227e-06	9.883419354838711e-06	9.940548387096778e-06	9.864096774193553e-06	8.365193548387096e-06	5.2640322580645175e-06	4.8700967741935476e-06	7.949483870967744e-06	9.814612903225808e-06	9.896000000000001e-06	9.875967741935486e-06	9.870387096774196e-06	9.887806451612907e-06	9.900000000000007e-06
6900	9.906451612903227e-06	9.910129032258065e-06	9.926096774193552e-06	9.926709677419355e-06	9.85767741935484e-06	9.7551935483871e-06	9.689709677419356e-06	9.642096774193551e-06	9.53177419354839e-06	8.560064516129033e-06	6.736258064516132e-06	6.343709677419354e-06	7.93132258064516e-06	9.382967741935486e-06	9.84303225806452e-06	9.929870967741936e-06	9.936709677419357e-06	9.876032258064516e-06	9.841935483870968e-06
7000	9.916129032258066e-06	9.914000000000004e-06	9.929741935483875e-06	9.881419354838717e-06	8.74490322580645e-06	6.367612903225808e-06	6.090709677419355e-06	8.481129032258067e-06	9.796645161290327e-06	8.621774193548389e-06	6.855129032258062e-06	7.122e-06	8.693193548387095e-06	9.582806451612906e-06	9.852967741935486e-06	9.941161290322586e-06	9.990548387096778e-06	1.0000000000000004e-05	1.0000000000000004e-05
7100	9.915151515151517e-06	9.91275757575758e-06	9.931575757575763e-06	9.945515151515156e-06	9.035393939393944e-06	6.8174242424242456e-06	6.367060606060609e-06	8.546727272727273e-06	9.783757575757581e-06	8.003151515151516e-06	4.440909090909091e-06	3.681242424242425e-06	6.689121212121214e-06	9.188484848484853e-06	9.841333333333337e-06	9.94354545454546e-06	9.991030303030304e-06	9.997393939393943e-06	9.996969696969698e-06
7200	9.92352941176471e-06	9.918794117647063e-06	9.931323529411771e-06	9.899264705882359e-06	9.097382352941181e-06	6.414676470588238e-06	5.083176470588236e-06	7.64973529411765e-06	9.653617647058826e-06	7.864e-06	5.119235294117647e-06	5.89573529411765e-06	8.544235294117647e-06	9.602882352941177e-06	9.781705882352942e-06	9.911941176470595e-06	9.98311764705883e-06	9.997058823529419e-06	9.997058823529419e-06
7300	9.880000000000005e-06	9.887566666666672e-06	9.927100000000002e-06	9.954200000000005e-06	8.989766666666668e-06	6.633966666666665e-06	6.097866666666667e-06	8.339166666666665e-06	9.695700000000001e-06	8.224366666666667e-06	5.855466666666667e-06	6.305200000000001e-06	8.637266666666668e-06	9.6485e-06	9.781500000000003e-06	9.923333333333337e-06	9.991633333333336e-06	1.0000000000000003e-05	1.0000000000000003e-05
7400	9.771875e-06	9.778750000000002e-06	9.829562500000002e-06	9.888062500000002e-06	9.884375000000003e-06	9.847250000000005e-06	9.848062500000002e-06	9.901437500000004e-06	9.847312500000006e-06	8.2070625e-06	4.73759375e-06	3.8699062500000004e-06	6.774468750000004e-06	9.077687499999999e-06	9.65590625e-06	9.819687500000004e-06	9.872250000000004e-06	9.912812500000007e-06	9.934375000000006e-06
7500	9.626666666666662e-06	9.640833333333333e-06	9.7283e-06	9.875466666666669e-06	9.967800000000005e-06	9.991700000000006e-06	9.996500000000005e-06	9.985333333333336e-06	9.818566666666671e-06	7.818766666666667e-06	4.136866666666668e-06	3.6256000000000005e-06	6.8589666666666665e-06	9.2184e-06	9.725233333333335e-06	9.814833333333336e-06	9.868366666666669e-06	9.90966666666667e-06	9.933333333333337e-06
7600	9.396774193548385e-06	9.47432258064516e-06	9.699451612903227e-06	9.905677419354841e-06	9.982000000000004e-06	9.999838709677423e-06	1.0000000000000004e-05	9.98864516129033e-06	9.820967741935487e-06	7.766096774193547e-06	4.108290322580645e-06	3.988129032258066e-06	7.447548387096777e-06	9.471741935483873e-06	9.733903225806456e-06	9.820483870967744e-06	9.859967741935488e-06	9.893645161290324e-06	9.916129032258068e-06
7700	9.621212121212122e-06	9.636666666666667e-06	9.7259696969697e-06	9.87206060606061e-06	9.969090909090911e-06	9.996484848484853e-06	9.999545454545458e-06	9.985909090909097e-06	9.880666666666673e-06	8.05748484848485e-06	4.386424242424243e-06	3.7515454545454553e-06	6.988757575757579e-06	9.301393939393945e-06	9.741393939393944e-06	9.830515151515154e-06	9.873969696969698e-06	9.904969696969703e-06	9.921212121212128e-06
7800	9.63793103448276e-06	9.649896551724136e-06	9.724344827586206e-06	9.870068965517242e-06	9.975965517241382e-06	9.99931034482759e-06	1.0000000000000003e-05	9.985586206896557e-06	9.882827586206898e-06	7.674931034482757e-06	3.9980689655172405e-06	4.253000000000001e-06	7.625379310344829e-06	9.436241379310346e-06	9.739482758620691e-06	9.824413793103448e-06	9.86948275862069e-06	9.901413793103453e-06	9.920689655172417e-06
7900	8.715624999999997e-06	8.935249999999999e-06	9.487718750000002e-06	9.888937500000005e-06	9.977062500000004e-06	9.996843750000005e-06	9.997593750000005e-06	9.987781250000008e-06	9.872906250000005e-06	8.406281250000002e-06	5.297343750000001e-06	4.572531250000001e-06	7.349312500000001e-06	9.40259375e-06	9.783343750000001e-06	9.896531250000005e-06	9.920000000000005e-06	9.921968750000002e-06	9.931250000000003e-06
8000	9.670000000000006e-06	9.688466666666669e-06	9.775033333333339e-06	9.89416666666667e-06	9.97096666666667e-06	9.99836666666667e-06	1.0000000000000003e-05	9.98463333333334e-06	9.861866666666668e-06	8.295266666666665e-06	4.5396666666666665e-06	3.3377333333333332e-06	6.7234e-06	9.352033333333333e-06	9.787166666666667e-06	9.908600000000004e-06	9.920533333333338e-06	9.911033333333337e-06	9.913333333333334e-06
8100	1.0000000000000004e-05	1.0000000000000004e-05	1.0000000000000004e-05	1.0000000000000004e-05	1.0000000000000004e-05	1.0000000000000004e-05	1.0000000000000004e-05	9.983000000000006e-06	9.897419354838713e-06	7.71835483870968e-06	3.529064516129033e-06	1.6552903225806456e-06	3.299677419354839e-06	6.610451612903224e-06	9.172870967741938e-06	9.909838709677424e-06	9.969419354838717e-06	9.98022580645162e-06	9.977419354838718e-06
8200	1.0000000000000004e-05	1.0000000000000004e-05	1.0000000000000004e-05	1.0000000000000004e-05	1.0000000000000004e-05	1.0000000000000004e-05	9.999000000000005e-06	9.961666666666672e-06	9.835060606060609e-06	8.066848484848484e-06	4.046939393939394e-06	2.080363636363636e-06	4.282636363636363e-06	7.397636363636366e-06	9.268696969696971e-06	9.900969696969703e-06	9.968606060606067e-06	9.979818181818187e-06	9.972727272727278e-06
8300	9.972727272727278e-06	9.976696969696977e-06	9.989303030303035e-06	9.998969696969702e-06	1.0000000000000004e-05	1.0000000000000004e-05	9.999303030303033e-06	9.96363636363637e-06	9.63363636363637e-06	6.914060606060609e-06	2.557878787878788e-06	1.6317272727272733e-06	4.5625757575757564e-06	7.883515151515152e-06	9.57087878787879e-06	9.91863636363637e-06	9.984545454545456e-06	9.995727272727276e-06	9.996969696969698e-06
8400	9.987500000000007e-06	9.988718750000006e-06	9.993437500000006e-06	9.998468750000004e-06	9.999625000000002e-06	9.996843750000005e-06	9.989250000000003e-06	9.955875000000006e-06	9.684593750000002e-06	7.858281250000003e-06	4.0400625e-06	1.94784375e-06	2.490625e-06	4.1814374999999996e-06	7.533406250000003e-06	9.769156250000002e-06	9.957937500000004e-06	9.956375000000003e-06	9.940625000000004e-06
8500	9.787878787878792e-06	9.806636363636368e-06	9.897666666666672e-06	9.9849696969697e-06	9.999939393939398e-06	9.980787878787884e-06	9.899030303030308e-06	9.809636363636369e-06	9.707545454545458e-06	8.695151515151515e-06	5.143333333333331e-06	1.8947272727272727e-06	1.0798484848484851e-06	2.0641515151515148e-06	6.114666666666668e-06	9.427545454545458e-06	9.872818181818186e-06	9.895181818181819e-06	9.9e-06
8600	9.9e-06	9.914931034482762e-06	9.954172413793107e-06	9.989241379310347e-06	1.0000000000000003e-05	1.0000000000000003e-05	9.997689655172415e-06	9.95944827586207e-06	9.735034482758624e-06	7.790827586206899e-06	3.821758620689655e-06	9.680000000000005e-07	9.89896551724138e-07	3.956310344827586e-06	7.960241379310345e-06	9.769758620689656e-06	9.906793103448278e-06	9.917068965517242e-06	9.9e-06
8700	9.890322580645166e-06	9.905903225806454e-06	9.951032258064521e-06	9.965354838709685e-06	9.934580645161294e-06	9.940419354838713e-06	9.974258064516133e-06	9.948000000000004e-06	9.737387096774196e-06	7.69116129032258e-06	3.6845483870967743e-06	1.3216129032258064e-06	1.3170645161290322e-06	3.5373548387096773e-06	7.57667741935484e-06	9.76016129032258e-06	9.926903225806454e-06	9.935709677419358e-06	9.916129032258068e-06
8800	9.909677419354841e-06	9.922387096774196e-06	9.947516129032264e-06	9.943064516129036e-06	9.922419354838712e-06	9.946225806451617e-06	9.984225806451614e-06	9.961064516129039e-06	9.62229032258065e-06	7.162548387096773e-06	3.1498064516129047e-06	9.522580645161293e-07	1.2365483870967742e-06	4.1776774193548375e-06	8.005129032258064e-06	9.702935483870968e-06	9.921935483870973e-06	9.968483870967748e-06	9.983870967741943e-06
8900	9.693548387096775e-06	9.733000000000002e-06	9.839129032258069e-06	9.911000000000002e-06	9.922903225806455e-06	9.917774193548391e-06	9.87070967741936e-06	9.830064516129036e-06	9.623548387096774e-06	7.917870967741934e-06	3.9087741935483865e-06	7.021290322580646e-07	7.609677419354838e-07	3.6233548387096757e-06	7.695064516129033e-06	9.787419354838713e-06	9.900903225806455e-06	9.878419354838717e-06	9.864516129032263e-06
9000	9.622580645161291e-06	9.713806451612902e-06	9.874419354838712e-06	9.932645161290325e-06	9.921322580645168e-06	9.899451612903229e-06	9.846838709677423e-06	9.813225806451615e-06	9.700612903225809e-06	7.253838709677419e-06	2.879032258064516e-06	2.5973548387096774e-06	6.357806451612902e-06	8.99225806451613e-06	9.80545161290323e-06	9.972193548387102e-06	9.951258064516134e-06	9.949064516129036e-06	9.951612903225812e-06
9100	9.646666666666665e-06	9.69026666666667e-06	9.830766666666667e-06	9.93416666666667e-06	9.9238e-06	9.894433333333336e-06	9.8559e-06	9.80386666666667e-06	9.322999999999999e-06	6.761533333333332e-06	2.5397666666666664e-06	5.780333333333333e-07	2.1002e-06	5.3119333333333325e-06	8.381366666666667e-06	9.764933333333335e-06	9.945166666666671e-06	9.97246666666667e-06	9.976666666666669e-06
9200	1.0000000000000003e-05	1.0000000000000003e-05	1.0000000000000003e-05	1.0000000000000003e-05	9.999233333333338e-06	9.997566666666672e-06	9.996100000000002e-06	9.94316666666667e-06	9.463833333333336e-06	6.7197e-06	2.3375e-06	1.3623333333333332e-07	3.262333333333333e-07	2.9286999999999996e-06	7.332666666666667e-06	9.689400000000004e-06	9.957500000000002e-06	9.99663333333334e-06	9.996666666666672e-06
9300	9.99333333333334e-06	9.994866666666673e-06	9.997400000000002e-06	9.997733333333338e-06	9.996866666666672e-06	9.995200000000007e-06	9.992400000000006e-06	9.93506666666667e-06	9.500033333333336e-06	6.6072333333333334e-06	2.1988666666666664e-06	7.664666666666668e-07	1.4186666666666669e-06	3.427166666666667e-06	7.2943e-06	9.634300000000002e-06	9.962200000000004e-06	9.999366666666671e-06	1.0000000000000003e-05
9400	1.0000000000000004e-05	1.0000000000000004e-05	1.0000000000000004e-05	9.991062500000007e-06	9.958343750000004e-06	9.928031250000006e-06	9.938875000000006e-06	9.923156250000002e-06	9.294781250000005e-06	6.50759375e-06	2.3923750000000005e-06	2.3453125e-07	5.291562500000001e-07	3.1658437500000003e-06	7.237281250000003e-06	9.567031250000006e-06	9.962375000000006e-06	9.992812500000008e-06	9.993750000000009e-06
9500	9.996774193548395e-06	9.996774193548395e-06	9.997677419354843e-06	9.990161290322584e-06	9.955548387096777e-06	9.924129032258069e-06	9.942935483870971e-06	9.936354838709679e-06	9.309870967741937e-06	6.603806451612904e-06	2.4400322580645167e-06	1.9322580645161292e-07	3.7083870967741934e-07	2.6085483870967743e-06	6.695387096774194e-06	9.369e-06	9.870967741935488e-06	9.932225806451617e-06	9.945161290322583e-06
9600	1.0000000000000004e-05	9.99748387096775e-06	9.969709677419358e-06	9.922225806451619e-06	9.898387096774198e-06	9.90167741935484e-06	9.9281935483871e-06	9.931096774193553e-06	9.134064516129034e-06	6.214451612903224e-06	2.2207741935483876e-06	3.374193548387098e-07	7.875806451612905e-07	3.071806451612904e-06	6.970870967741937e-06	9.428387096774197e-06	9.801483870967745e-06	9.824258064516128e-06	9.835483870967743e-06
9700	1.0000000000000004e-05	9.995060606060613e-06	9.971666666666673e-06	9.921787878787882e-06	9.870272727272732e-06	9.838212121212125e-06	9.85748484848485e-06	9.870939393939397e-06	9.466212121212123e-06	6.261212121212122e-06	1.8454242424242428e-06	4.117272727272729e-07	6.707575757575758e-07	2.428121212121212e-06	5.916757575757574e-06	8.735151515151517e-06	9.750909090909093e-06	9.785757575757582e-06	9.796969696969702e-06
9800	1.0000000000000004e-05	9.993121212121218e-06	9.96042424242425e-06	9.907939393939398e-06	9.854787878787884e-06	9.824939393939399e-06	9.866606060606067e-06	9.89866666666667e-06	9.645030303030308e-06	7.4420606060606085e-06	3.08830303030303e-06	3.4842424242424246e-07	1.6348484848484848e-07	1.6296969696969696e-06	5.319969696969697e-06	8.716636363636363e-06	9.76578787878788e-06	9.815030303030308e-06	9.824242424242428e-06
9900	1.0000000000000003e-05	9.995833333333337e-06	9.96176666666667e-06	9.882333333333337e-06	9.772266666666671e-06	9.7097e-06	9.786600000000004e-06	9.87716666666667e-06	9.303266666666671e-06	6.691733333333336e-06	2.652766666666667e-06	3.9913333333333343e-07	1.9028333333333336e-06	5.746400000000001e-06	8.6858e-06	9.714500000000002e-06	9.914266666666671e-06	9.937766666666668e-06	9.950000000000003e-06
10000	9.996875000000004e-06	9.987218750000003e-06	9.927531250000005e-06	9.826000000000004e-06	9.720656249999999e-06	9.66471875e-06	9.703999999999999e-06	9.745812500000002e-06	9.136312500000002e-06	6.62334375e-06	2.565e-06	4.15875e-07	2.7192812499999995e-06	6.966093750000002e-06	9.41025e-06	9.866000000000002e-06	9.829625000000007e-06	9.859781250000004e-06	9.887500000000005e-06
