	site
generation	N_variants	50	100	150	200	250	300	350	400	450	500	550	600	650	700	750	800	850	900
0	1	nan	nan	nan	nan	nan	nan	nan	nan	nan	0.3333333333333333	0.3333333333333333	nan	nan	nan	nan	nan	nan	nan
100	6	nan	nan	nan	nan	nan	nan	nan	nan	nan	0.3333333333333333	0.1557331557331557	0.06693306693306686	0.3333333333333333	0.3333333333333333	nan	nan	nan	0.11111111111111105
200	9	0.3333333333333333	0.3333333333333333	0.3333333333333333	nan	0.3333333333333333	0.3333333333333333	nan	0.05263157894736832	0.05263157894736832	0.3333333333333333	0.3333333333333333	0.025641025641025664	0.1378205128205129	0.33928571428571436	0.42857142857142855	nan	nan	nan
300	10	0.040404040404040546	0.14285714285714285	0.14285714285714285	0.025641025641025664	0.1384140550807218	0.1384140550807218	0.025641025641025664	nan	nan	0.3333333333333333	0.3333333333333333	nan	0.3333333333333333	0.1688311688311687	0.004329004329004045	nan	nan	nan
400	12	0.2903225806451612	nan	0.3333333333333333	0.25925925925925924	0.48148148148148145	1.0	nan	nan	nan	0.3333333333333333	0.3333333333333333	0.24609490126731504	0.2679045092838196	0.3333333333333333	0.3333333333333333	nan	nan	nan
500	11	nan	nan	0.2539184952978057	0.20631603390224082	0.3944038081969117	0.8181818181818182	nan	nan	nan	0.3333333333333333	0.3333333333333333	0.619047619047619	0.49733791113101455	0.2936259143155695	0.3333333333333333	nan	0.11111111111111105	0.11111111111111105
600	18	1.0	nan	0.2903225806451612	0.2903225806451612	0.5268817204301075	0.6451612903225806	0.2903225806451612	nan	nan	0.1794871794871795	0.1794871794871795	0.6666666666666666	0.4298245614035087	0.200094831673779	0.1556819977872609	0.05263157894736832	0.05263157894736832	0.3333333333333333
700	20	1.0	nan	0.3793103448275862	0.2817645231438335	0.4369369369369369	1.0	1.0	nan	nan	0.3333333333333333	0.20720720720720723	0.47147147147147145	0.5555555555555555	0.3333333333333333	0.3563218390804598	0.3793103448275862	0.025641025641025664	0.13977976046941568
800	23	0.5128205128205129	0.1794871794871795	0.23076923076923075	0.3333333333333333	0.5	0.7777777777777777	0.6666666666666666	nan	nan	0.3333333333333333	0.3333333333333333	0.6666666666666666	0.5555555555555555	0.3333333333333333	0.3333333333333333	0.3333333333333333	nan	0.3333333333333333
900	25	1.0	0.2903225806451612	0.21969217794644735	0.24379787757396865	0.3936365529045046	0.579648044843291	0.5073166787937585	nan	0.11111111111111105	0.22222222222222218	0.3333333333333333	0.31966562456580605	0.32308255175768785	0.24346917450365724	0.1285471346323273	0.11601819411150041	0.48148148148148157	0.26289717094314796
1000	17	1.0	0.3333333333333333	0.5555555555555555	0.7777777777777777	0.7777777777777777	0.7777777777777777	1.0	nan	nan	0.3333333333333333	0.3333333333333333	1.0	1.0	0.5023741690408358	0.5023741690408358	1.0	nan	nan
1100	17	0.0	0.0	0.07999999999999997	0.11999999999999995	0.07999999999999997	0.15111111111111108	0.18279569892473116	0.03225806451612898	nan	0.3333333333333333	0.3333333333333333	0.4235588972431078	0.29991645781119464	0.23809523809523805	0.3333333333333333	0.3333333333333333	nan	nan
1200	20	nan	0.3333333333333333	0.4080099915340189	0.408009991534019	0.2929292929292929	0.4281949934123847	0.38238573021181715	0.025641025641025664	nan	0.3333333333333333	0.3333333333333333	nan	0.025641025641025664	0.13786213786213783	0.18272488688447935	0.18542916430862091	0.21333333333333324	nan
1300	19	0.08108108108108114	0.13577863577863575	0.11393051393051393	0.07583527583527584	0.11904761904761904	0.17243107769423557	0.19214703425229732	0.26190476190476186	0.3333333333333333	0.3333333333333333	0.3333333333333333	nan	nan	0.13005050505050514	0.09524734524734531	0.1794871794871795	0.3333333333333333	nan
1400	17	nan	0.3333333333333333	0.25	0.16666666666666666	0.0	0.0	0.16666666666666666	0.3333333333333333	0.3333333333333333	0.239766081871345	0.1929824561403508	nan	nan	0.1451612903225806	0.19354838709677413	0.27212053797148344	0.2539184952978057	nan
1500	24	nan	0.3333333333333333	0.25	0.16666666666666666	0.07719298245614033	0.07719298245614033	0.17307692307692307	0.1794871794871795	0.1794871794871795	0.3333333333333333	0.3333333333333333	nan	nan	0.17982456140350875	0.143859649122807	0.16666666666666666	0.3333333333333333	nan
1600	30	0.3333333333333333	0.3333333333333333	0.27777777777777773	0.16666666666666666	0.08333333333333333	0.19047619047619047	0.27777777777777773	0.3333333333333333	0.3333333333333333	0.3333333333333333	0.3333333333333333	0.3333333333333333	nan	0.2222222222222222	0.25	0.2222222222222222	0.2222222222222222	0.3333333333333333
1700	34	0.3333333333333333	0.3333333333333333	0.27777777777777773	0.16666666666666666	0.08333333333333333	0.1732456140350877	0.24561403508771923	0.3333333333333333	0.3333333333333333	0.3333333333333333	0.3333333333333333	0.3333333333333333	nan	0.14625305250305246	0.16235468546392914	0.15229655964950078	0.10704110704110696	0.11111111111111105
1800	37	0.1437908496732026	0.12195647489765138	0.1109535687918765	0.08696820420958351	0.07299596954769369	0.23146142916257859	0.30149953076640984	0.30644257703081235	0.37031250000000016	0.2048611111111113	0.24479166666666674	0.2604166666666667	nan	0.3541713086749852	0.30892874826698363	0.35417130867498514	0.4377104377104377	0.3333333333333333
1900	32	0.13960113960113965	0.18794785461452124	0.1646809980143313	0.12727272727272723	0.09457209457209455	0.17832167832167828	0.24072224072224072	0.18442181600076335	0.1929824561403508	0.3333333333333333	0.3333333333333333	0.3333333333333333	nan	0.25	0.2222222222222222	0.2222222222222222	0.3333333333333333	nan
2000	12	1.0	nan	nan	nan	nan	nan	nan	0.3333333333333333	0.3333333333333333	0.3333333333333333	0.6666666666666666	0.6666666666666666	0.3333333333333333	1.0	0.8376068376068376	0.7564102564102564	1.0	nan
2100	12	1.0	nan	nan	nan	nan	nan	nan	0.3333333333333333	0.3333333333333333	0.3333333333333333	0.3333333333333333	0.3563218390804598	0.3793103448275862	0.29764065335753176	0.26913417294542513	0.21212121212121215	0.21212121212121235	nan
2200	6	0.5128205128205129	0.025641025641025664	nan	nan	nan	0.3333333333333333	0.3333333333333333	0.3333333333333333	0.3333333333333333	0.3333333333333333	0.19333333333333336	0.05333333333333338	nan	nan	nan	nan	nan	nan
2300	8	0.0	nan	0.05263157894736832	0.1929824561403508	0.3333333333333333	0.3333333333333333	0.3333333333333333	0.3333333333333333	0.3333333333333333	0.3333333333333333	0.3333333333333333	nan	nan	nan	nan	nan	nan	0.17647058823529416
2400	17	0.0	0.3333333333333333	0.3333333333333333	0.23076923076923075	0.23076923076923075	0.3333333333333333	0.2564102564102564	0.23076923076923075	0.3333333333333333	0.3333333333333333	0.3333333333333333	nan	0.025641025641025664	0.1794871794871795	0.23809523809523808	0.14285714285714285	nan	nan
2500	18	0.24924924924924927	0.20720720720720723	0.3333333333333333	nan	nan	0.6666666666666666	0.6781609195402298	0.6896551724137931	0.5833172675277939	0.44737803031813916	0.23301985370950884	0.13945260224752049	0.11994720343177685	0.11734304837753114	0.08108108108108114	nan	nan	nan
2600	14	0.3333333333333333	0.3333333333333333	0.3333333333333333	nan	nan	0.3333333333333333	0.3055555555555556	0.29166666666666674	0.3333333333333333	0.27179487179487183	0.23076923076923075	nan	0.3333333333333333	0.3333333333333333	0.3333333333333333	0.025641025641025664	0.025641025641025664	nan
2700	18	0.12000000000000002	0.11999999999999995	0.11999999999999995	nan	nan	0.2539184952978055	0.2558695040591592	0.2565198403129437	0.3333333333333333	0.3333333333333333	0.2802197802197802	0.23470213996529785	0.23976608187134496	0.3333333333333333	0.18279569892473116	0.03225806451612898	nan	nan
2800	17	0.11111111111111105	0.11111111111111105	nan	nan	nan	0.16666666666666666	0.15591397849462363	0.1451612903225806	0.3333333333333333	0.3333333333333333	0.3333333333333333	0.3333333333333333	0.3333333333333333	0.3189964157706093	0.30465949820788524	0.2903225806451612	nan	nan
2900	23	nan	0.03913630229419699	0.03913630229419699	nan	nan	0.2549019607843137	0.21078431372549017	0.15873015873015872	0.2698412698412698	0.3333333333333333	0.24943693693693697	0.24943693693693697	0.23976608187134496	0.17982456140350872	0.1111111111111111	0.0	0.29166666666666674	0.3055555555555556
3000	27	nan	0.025641025641025664	0.025641025641025664	nan	0.3333333333333333	0.3333333333333333	0.25	0.16666666666666666	0.3333333333333333	0.3333333333333333	0.4666666666666666	0.4444444444444444	0.3333333333333333	0.29411764705882354	0.2941176470588235	0.20720720720720723	0.20720720720720723	0.3333333333333333
3100	15	0.3793103448275862	nan	nan	nan	1.0	0.7777777777777778	0.49999999999999994	0.3333333333333333	0.3333333333333333	0.3333333333333333	0.3333333333333333	0.3333333333333333	nan	nan	nan	0.5263157894736842	0.3594242015294647	0.025641025641025664
3200	15	nan	0.025641025641025664	0.025641025641025664	nan	0.010000000000000009	0.09130616509926852	0.12945924764890276	0.12695924764890276	0.2936259143155694	0.30686172065482403	0.3333333333333333	0.3333333333333333	nan	nan	nan	0.23076923076923075	0.23076923076923075	nan
3300	22	0.17562724014336925	nan	0.3447293447293448	0.3447293447293448	0.09890109890109876	0.17704517704517694	0.18616198616198612	0.20797720797720798	0.25641025641025644	0.2564102564102564	0.2828828828828829	0.2213444213444214	0.1794871794871795	0.3333333333333333	nan	0.1651651651651652	0.1651651651651652	nan
3400	19	nan	nan	0.025641025641025664	0.025641025641025664	0.42857142857142855	0.29426129426129427	0.20614570614570613	0.13200379867046533	0.025641025641025654	0.08717948717948718	0.23076923076923075	0.2564102564102564	0.3333333333333333	0.3333333333333333	nan	0.3333333333333333	0.3333333333333333	nan
3500	17	nan	nan	0.025641025641025664	0.025641025641025664	0.020833333333333353	0.013888888888888902	0.0	0.0	nan	0.3333333333333333	0.30196078431372547	0.2941176470588235	0.3333333333333333	0.25925925925925924	0.07638888888888888	0.1875	0.3333333333333333	0.3333333333333333
3600	20	nan	nan	nan	0.3333333333333333	0.3333333333333333	0.3333333333333333	0.3333333333333333	0.3333333333333333	0.3333333333333333	0.3333333333333333	0.3333333333333333	0.3333333333333333	0.6666666666666666	0.7777777777777777	0.6250000000000001	0.6696428571428572	0.8571428571428572	1.0
3700	7	0.025641025641025664	nan	nan	nan	nan	0.11111111111111105	0.11111111111111105	0.3333333333333333	0.1794871794871795	0.1794871794871795	0.3333333333333333	0.3333333333333333	0.3333333333333333	nan	nan	nan	nan	nan
3800	7	nan	nan	0.42857142857142855	0.42857142857142855	nan	0.010101010101010222	0.03136629452418927	0.05263157894736832	nan	0.3333333333333333	0.3333333333333333	0.38095238095238093	0.42857142857142855	nan	0.42857142857142855	0.42857142857142855	nan	nan
3900	8	nan	nan	0.0	0.012820512820512832	0.025641025641025664	0.3333333333333333	0.3333333333333333	nan	nan	0.3333333333333333	0.3333333333333333	0.2222222222222222	0.0	nan	0.0	0.0	nan	nan
4000	11	nan	nan	0.0196078431372547	0.06535947712418287	0.11111111111111105	0.35964912280701755	0.35964912280701755	0.21597096188747725	0.21597096188747725	0.3333333333333333	0.23976608187134532	0.12949039264828768	0.0025062656641603475	nan	0.0025062656641603475	0.0025062656641603475	nan	nan
4100	13	0.3333333333333333	nan	0.3333333333333333	0.23076923076923075	0.1794871794871795	0.3333333333333333	0.3333333333333333	0.3333333333333333	0.3333333333333333	0.20720720720720723	0.24924924924924927	0.16666666666666666	0.0	nan	0.3333333333333333	0.3333333333333333	0.3333333333333333	nan
4200	10	0.3333333333333333	nan	nan	0.08108108108108114	0.20720720720720723	0.6666666666666666	1.0	nan	nan	0.3333333333333333	0.27333333333333326	0.4122222222222221	0.5116666666666666	nan	0.21333333333333324	0.21333333333333324	0.3333333333333333	0.3333333333333333
4300	13	0.6666666666666666	0.3333333333333333	0.3333333333333333	nan	0.3333333333333333	0.6666666666666666	1.0	nan	nan	0.3333333333333333	0.3333333333333333	0.49999999999999994	0.5555555555555555	0.025641025641025664	0.1794871794871795	0.3333333333333333	nan	0.25000000000000017
4400	14	0.08185301288749568	0.2539184952978057	0.2539184952978057	nan	0.010101010101010222	0.1002886002886003	0.19047619047619038	nan	0.010101010101010222	0.17171717171717177	0.17171717171717177	0.13600288600288601	0.17797017797017797	nan	0.1929824561403508	0.1929824561403508	nan	nan
4500	13	0.0	nan	nan	nan	0.0	0.12865497076023388	0.1929824561403508	nan	0.1794871794871795	0.23076923076923075	0.3333333333333333	0.3333333333333333	0.3333333333333333	nan	0.3333333333333333	0.3333333333333333	nan	nan
4600	15	0.1111111111111111	nan	nan	nan	0.0	0.16666666666666666	0.3333333333333333	0.3333333333333333	0.3333333333333333	0.3333333333333333	0.3333333333333333	0.3333333333333333	0.3333333333333333	nan	0.3333333333333333	0.3333333333333333	nan	0.03913630229419699
4700	16	0.2631578947368421	nan	nan	nan	0.0	0.16666666666666666	0.24924924924924927	0.20720720720720723	0.3333333333333333	0.3333333333333333	0.3333333333333333	0.3333333333333333	0.3333333333333333	nan	0.3333333333333333	0.3333333333333333	nan	0.025641025641025664
4800	20	0.3333333333333333	nan	nan	nan	0.16666666666666666	0.14954954954954955	0.13813813813813816	nan	0.3333333333333333	0.3333333333333333	0.3333333333333333	0.3333333333333333	0.3333333333333333	0.21212121212121204	0.2727272727272727	0.3333333333333333	0.3333333333333333	0.3333333333333333
4900	21	0.3333333333333333	nan	nan	nan	0.11965811965811966	0.17094017094017092	0.2222222222222222	nan	0.3333333333333333	0.3333333333333333	0.3333333333333333	0.3333333333333333	0.3333333333333333	nan	0.3333333333333333	0.3333333333333333	0.3333333333333333	0.3333333333333333
5000	20	0.3333333333333333	nan	nan	nan	0.21933621933621938	0.22308802308802309	0.22558922558922564	nan	0.3333333333333333	0.3333333333333333	0.3333333333333333	0.3333333333333333	0.3333333333333333	nan	0.2929292929292929	0.309090909090909	0.3333333333333333	nan
5100	24	0.020270270270270285	0.08108108108108114	0.16749978818944342	0.2539184952978057	0.08888888888888885	0.0933333333333333	0.09629629629629625	nan	0.20515538238934594	0.23719987012534277	0.3333333333333333	0.2582972582972583	0.25829725829725825	0.3333333333333333	0.1557331557331557	0.1367299367299366	0.10822510822510806	nan
5200	21	0.08333333333333333	nan	0.16666666666666666	0.16666666666666666	0.012820512820512832	0.008547008547008555	0.12865497076023388	0.1929824561403508	0.09677419354838707	0.12985938792390403	0.23076923076923075	0.3333333333333333	0.3333333333333333	0.1794871794871795	0.1794871794871795	0.3333333333333333	nan	nan
5300	22	0.08333333333333333	nan	0.16666666666666666	0.16666666666666666	0.0	0.1111111111111111	0.25	0.3333333333333333	0.1111111111111111	0.16666666666666666	0.3333333333333333	0.3333333333333333	0.23076923076923075	0.1794871794871795	0.31182795698924726	0.31182795698924726	0.3793103448275862	0.3793103448275862
5400	28	0.07179487179487179	nan	0.11965811965811966	0.11965811965811966	0.0	0.1111111111111111	0.25	0.3333333333333333	0.1111111111111111	0.16666666666666666	0.3333333333333333	0.3333333333333333	0.3333333333333333	0.3333333333333333	0.06666666666666667	0.12777777777777785	0.12777777777777782	0.15555555555555556
5500	25	0.06250000000000004	nan	0.014106583072100292	0.014106583072100292	0.0	0.009404388714733527	0.022171099201132537	0.020157076886776523	0.17473118279569888	0.21370967741935484	0.1928571428571429	0.19047619047619044	0.19047619047619038	0.19047619047619038	nan	nan	nan	0.01010101010101011
5600	28	0.06347962382445142	nan	0.16666666666666666	0.16666666666666666	0.0	0.1111111111111111	0.25	0.2222222222222222	0.25	0.26530612244897955	0.2261904761904762	0.2500000000000001	0.25000000000000017	0.25000000000000017	0.05263157894736832	0.05263157894736832	nan	0.19047619047619063
5700	21	0.08333333333333333	nan	0.012820512820512832	0.012820512820512832	0.0	0.0	0.0	0.0012531328320801738	0.112781954887218	0.21588918532891366	0.23190623945849043	0.24075483480670523	0.2903225806451612	nan	nan	nan	nan	0.3333333333333333
5800	24	0.07179487179487179	0.1472072072072072	0.09813813813813814	0.0	0.0	0.0	0.0	0.0	0.16666666666666666	0.23809523809523808	0.26666666666666666	0.17333333333333334	0.013333333333333345	nan	nan	nan	nan	0.3333333333333333
5900	17	0.0	0.3333333333333333	0.16666666666666666	0.0	0.0	0.0	0.0	0.0	0.16666666666666666	0.2222222222222222	0.16666666666666666	0.5	1.0	nan	nan	nan	nan	nan
6000	18	nan	0.64	0.64	0.3605405405405406	0.5405405405405406	1.0	0.6666666666666666	0.23976608187134496	0.41052631578947363	0.5555555555555555	0.49999999999999994	0.2727272727272727	0.21212121212121204	nan	nan	0.3333333333333333	0.3333333333333333	nan
6100	18	nan	1.0	1.0	0.6896551724137931	0.6896551724137931	1.0	0.6896551724137931	0.3793103448275862	0.5122358175750834	0.5560499320232357	0.49999999999999994	0.3333333333333333	0.025641025641025664	0.5128205128205129	1.0	1.0	1.0	nan
6200	17	nan	1.0	1.0	0.6666666666666666	0.3333333333333333	0.3333333333333333	0.3333333333333333	0.16666666666666666	0.25	0.3333333333333333	0.16666666666666666	0.0	nan	0.3333333333333333	0.22222222222222218	0.12698412698412695	0.14285714285714285	nan
6300	21	0.051428571428571344	0.19807895807895798	0.21955598788505867	0.12178906345146756	0.14539682539682533	0.19268170426065157	0.14619883040935663	0.12865497076023388	0.25	0.3333333333333333	0.16666666666666666	0.0	0.0	0.3333333333333333	0.3333333333333333	nan	nan	nan
6400	25	0.24874475751668731	0.4215842636895268	0.5223017723017723	0.3679579679579679	0.40792540792540777	0.4568764568764567	0.5384615384615383	0.2522496921473904	0.29279151274036186	0.3333333333333333	0.22807017543859645	0.1228070175438596	0.1228070175438596	0.3289760348583878	0.3289760348583878	nan	nan	nan
6500	24	1.0	1.0	1.0	0.7777777777777778	0.3333333333333333	0.3333333333333333	0.3333333333333333	0.5555555555555555	0.4666666666666666	0.3333333333333333	0.3333333333333333	0.3333333333333333	0.3333333333333333	0.5555555555555555	0.6666666666666666	nan	nan	nan
6600	25	1.0	1.0	1.0	0.7777777777777778	0.2777777777777778	0.27777777777777773	0.3333333333333333	0.5555555555555555	0.4666666666666666	0.3333333333333333	0.5555555555555555	0.6527472527472526	0.6117216117216117	0.7857142857142857	0.6666666666666667	nan	nan	0.08108108108108114
6700	25	1.0	1.0	1.0	0.7777777777777778	0.3333333333333333	0.3333333333333333	0.3333333333333333	0.49999999999999994	0.4666666666666666	0.3333333333333333	0.5555555555555555	0.6717948717948717	0.6752136752136751	1.0	nan	nan	0.05263157894736832	0.05263157894736832
6800	27	1.0	1.0	1.0	0.7777777777777778	0.3333333333333333	0.3125	0.3055555555555556	0.49999999999999994	0.4666666666666666	0.3333333333333333	0.5714285714285715	0.8571428571428572	1.0	1.0	0.3333333333333333	0.3333333333333333	0.03913630229419699	0.03913630229419699
6900	21	1.0	1.0	1.0	0.7777777777777778	0.3333333333333333	0.3333333333333333	0.3333333333333333	0.5555555555555555	0.49999999999999994	0.3333333333333333	0.30196078431372547	0.2549019607843137	nan	nan	nan	nan	nan	nan
7000	24	0.3087797619047618	0.2957488738738739	0.4030827702702702	0.4249172762103796	0.2539184952978057	0.23540826989102856	0.22615315718764	0.4112388250319285	0.35072150072150066	0.2956349206349206	0.3333333333333333	0.3333333333333333	nan	nan	nan	nan	nan	nan
7100	26	0.6666666666666666	0.47147147147147145	0.5875875875875877	0.6111111111111112	0.3333333333333333	0.3333333333333333	0.3333333333333333	0.5555555555555555	0.4666666666666666	0.3333333333333333	0.3333333333333333	0.3333333333333333	nan	nan	nan	nan	nan	nan
7200	27	0.14064407814407814	0.25457875457875456	0.21520146520146516	0.11078652484902483	0.024549549549549566	0.06423611111111112	0.09114583333333334	0.1731913919413919	0.2407203907203907	0.2824074074074074	0.3333333333333333	0.3333333333333333	nan	0.17647058823529416	0.17647058823529416	nan	nan	nan
7300	26	0.3333333333333333	0.3333333333333333	0.3333333333333333	0.2222222222222222	0.0	0.05555555555555555	0.13333333333333333	0.25	0.3333333333333333	0.3333333333333333	0.3333333333333333	0.3333333333333333	nan	nan	nan	nan	0.025641025641025664	0.025641025641025664
7400	31	0.08637801673900819	0.10662368043833553	0.17316051926382853	0.1435197115773305	0.09844503732449396	0.11581372786805719	0.12623494219419512	0.22912119007195403	0.31612903225806444	0.32718894009216587	0.2962962962962963	0.22222222222222218	nan	nan	nan	nan	nan	nan
7500	32	0.31182795698924726	0.3189964157706093	0.278864117573795	0.19951316827377946	0.13856865268207857	0.14509112975244928	0.1607513407173848	0.24996361872422987	0.31612903225806444	0.32718894009216587	0.3333333333333333	0.3333333333333333	nan	nan	nan	nan	nan	nan
7600	33	0.3333333333333333	0.3333333333333333	0.3333333333333333	0.2222222222222222	0.125	0.13333333333333333	0.13333333333333333	0.25	0.3333333333333333	0.3055555555555555	0.2962962962962962	0.1794871794871795	0.025641025641025664	nan	nan	0.42857142857142855	0.42857142857142855	nan
7700	36	0.21333333333333324	0.21333333333333324	0.22145036572622773	0.13770979384409507	0.09504087725503327	0.1110126413211712	0.1546839931594922	0.23540198458528763	0.30156739811912225	0.32198835647111507	0.3333333333333333	0.3333333333333333	nan	nan	nan	0.3333333333333333	0.3333333333333333	0.2903225806451612
7800	34	0.16666666666666666	0.0	0.058542413381123086	0.13172043010752688	0.17562724014336908	0.17562724014336906	0.31690516614115927	0.3484463847791522	0.25448028673835127	0.2939068100358423	0.3333333333333333	0.3333333333333333	nan	nan	nan	0.2734238941135492	0.2734238941135492	0.14062500000000028
7900	39	0.08909239245020116	0.05072932182906603	0.0699108571396336	0.11101605816563324	0.16062861869313474	0.17562724014336906	0.30830301560352485	0.3398442342415178	0.25448028673835127	0.2939068100358423	0.3333333333333333	0.3333333333333333	0.17562724014336925	0.17562724014336925	nan	0.25704045058883757	0.21305060821189847	0.1283541606122252
8000	19	0.0	0.0	0.0	0.0	nan	nan	0.3333333333333333	0.3333333333333333	0.3333333333333333	0.3333333333333333	0.3333333333333333	0.3333333333333333	0.0	0.0	nan	0.3333333333333333	0.3333333333333333	0.0
8100	21	0.0	0.0	0.08333333333333333	0.2222222222222222	0.3333333333333333	nan	0.3333333333333333	0.2631578947368421	0.26315789473684204	0.3333333333333333	0.27873015873015866	0.16952380952380947	0.0	0.0	0.005714285714285593	0.005714285714285593	nan	0.0
8200	20	0.0	0.026123301985370953	0.015673981191222573	0.026123301985370953	0.07836990595611286	nan	0.0917061659553317	0.09118105815825504	0.1708482676224612	0.29271206690561524	0.3333333333333333	0.3333333333333333	0.0	0.0	nan	nan	nan	0.05333333333333338
8300	25	0.16666666666666666	0.1111111111111111	0.1111111111111111	0.16666666666666666	0.3333333333333333	nan	0.3333333333333333	0.3333333333333333	0.3333333333333333	0.3333333333333333	0.3333333333333333	0.3333333333333333	0.0	0.055555555555555525	0.11111111111111105	nan	nan	1.0
8400	21	nan	0.6666666666666666	0.4666666666666666	0.5	1.0	nan	0.5555555555555555	0.49999999999999994	0.3333333333333333	0.3333333333333333	0.3333333333333333	0.3333333333333333	nan	nan	nan	0.3333333333333333	0.3333333333333333	0.3333333333333333
8500	25	nan	0.49456521739130443	0.30534743239585643	0.3060005149454907	0.4965244650402072	nan	0.4264843384759232	0.3823632538569424	0.23557692307692304	0.28937728937728935	0.3333333333333333	0.3333333333333333	nan	nan	nan	0.3333333333333333	0.29166666666666674	0.2912186379928316
8600	27	0.2903225806451612	0.49456521739130443	0.3558906030855541	0.3654144126093635	0.5183747412008282	0.025641025641025664	0.16295080132092013	0.25856576926186425	0.3333333333333333	0.3333333333333333	0.3333333333333333	0.23076923076923075	0.025641025641025664	nan	nan	0.15360501567398113	0.14495167189132724	0.14062500000000028
8700	28	0.3333333333333333	0.3333333333333333	0.3333333333333333	0.39316239316239315	0.452991452991453	0.3333333333333333	0.26666666666666666	0.26666666666666666	0.3333333333333333	0.3333333333333333	0.3333333333333333	0.2551892551892551	0.09890109890109876	nan	nan	0.3333333333333333	0.3333333333333333	0.2549019607843137
8800	25	nan	0.19047619047619038	0.19047619047619047	0.20535714285714296	0.2202380952380954	0.12500000000000008	0.33030303030303043	0.4136363636363637	0.3333333333333333	0.2972972972972973	0.2972972972972973	0.3333333333333333	0.3333333333333333	nan	nan	0.29166666666666674	0.3055555555555556	0.3333333333333333
8900	22	nan	nan	nan	0.0	0.0	0.16666666666666666	0.2	0.27777777777777773	0.3333333333333333	0.3333333333333333	0.3333333333333333	0.3333333333333333	0.3333333333333333	nan	nan	0.3333333333333333	0.3333333333333333	0.3333333333333333
9000	24	nan	nan	nan	0.0	0.0	0.16666666666666666	0.2	0.27777777777777773	0.3333333333333333	0.3333333333333333	0.3333333333333333	0.3333333333333333	0.3333333333333333	0.14285714285714285	0.23809523809523808	0.37484737484737485	0.39560439560439553	0.39560439560439564
9100	25	nan	0.2903225806451612	0.2903225806451612	0.0025062656641602365	0.0025062656641602365	0.010217852323115416	0.11406215424882775	0.2722446510364581	0.3538852693468933	0.33418083584935643	0.3333333333333333	0.3793103448275862	0.3793103448275862	nan	0.3793103448275862	0.33620689655172414	0.3899283188076291	0.46520146520146516
9200	27	nan	0.260545905707196	0.260545905707196	0.0025062656641603475	0.0025062656641603475	0.09844503732449393	0.13916126722335784	0.22139450007507241	0.29240728549484307	0.31084046521834535	0.3333333333333333	0.2903225806451612	0.2903225806451612	0.3333333333333333	0.30289938556067586	0.2921466973886328	0.2903225806451612	0.2903225806451612
9300	16	0.05263157894736832	0.4619883040935672	0.6666666666666666	0.3333333333333333	0.3333333333333333	0.3333333333333333	0.3333333333333333	0.3333333333333333	1.0	0.6000000000000001	0.3333333333333333	nan	nan	0.3333333333333333	0.3333333333333333	0.3333333333333333	0.25000000000000017	0.25000000000000017
9400	7	nan	0.04166666666666659	0.04166666666666659	nan	nan	nan	nan	nan	0.5384615384615383	0.3846153846153845	0.3333333333333333	nan	nan	0.17647058823529416	0.1764705882352941	0.17647058823529405	nan	nan
9500	11	0.05263157894736832	0.02631578947368416	0.0	nan	nan	nan	nan	0.02631578947368416	0.017543859649122775	0.25	0.3333333333333333	nan	nan	0.2539184952978057	0.25391849529780564	0.25391849529780564	0.2539184952978057	nan
9600	8	nan	0.3333333333333333	0.3333333333333333	0.025641025641025664	0.025641025641025664	nan	nan	0.0	0.0	0.25	0.3333333333333333	nan	nan	nan	nan	nan	0.05263157894736832	0.05263157894736832
9700	8	nan	0.3333333333333333	0.3333333333333333	nan	nan	nan	nan	0.0	0.017543859649122775	0.1842105263157894	0.26315789473684204	nan	nan	nan	nan	nan	nan	nan
9800	12	0.2903225806451612	0.2903225806451612	0.2903225806451612	nan	nan	nan	0.3333333333333333	0.22305764411027565	0.112781954887218	0.2506265664160401	0.3225806451612903	0.15798180314309343	0.025641025641025664	nan	nan	nan	nan	0.48148148148148157
9900	13	0.10906862745098043	0.04166666666666659	0.047149122807017455	0.05263157894736832	nan	nan	nan	0.2549019607843137	0.2810457516339869	0.3333333333333333	0.25	0.0	nan	nan	nan	nan	0.11111111111111105	0.12088888888888882
10000	16	0.3333333333333333	0.3333333333333333	0.3333333333333333	nan	nan	nan	nan	0.3333333333333333	0.3333333333333333	0.2771929824561403	0.34637876743139895	0.452991452991453	0.3333333333333333	nan	nan	nan	nan	0.3333333333333333
