	site
generation	50	100	150	200	250	300	350	400	450	500	550	600	650	700	750	800	850	900	950
0	1.0000000000000004e-05	1.0000000000000004e-05	1.0000000000000004e-05	1.0000000000000004e-05	1.0000000000000004e-05	1.0000000000000004e-05	1.0000000000000004e-05	1.0000000000000004e-05	1.0000000000000004e-05	1.0000000000000004e-05	1.0000000000000004e-05	1.0000000000000004e-05	1.0000000000000004e-05	1.0000000000000004e-05	1.0000000000000004e-05	1.0000000000000004e-05	1.0000000000000004e-05	1.0000000000000004e-05	1.0000000000000004e-05
100	9.906250000000002e-06	9.913187500000001e-06	9.941312500000007e-06	9.976843750000004e-06	9.994750000000005e-06	9.995375000000004e-06	9.967281250000004e-06	9.922687500000003e-06	9.925875000000004e-06	9.971718750000006e-06	9.997468750000003e-06	1.0000000000000004e-05	1.0000000000000004e-05	9.999625000000002e-06	9.996562500000008e-06	9.992625000000005e-06	9.994062500000006e-06	9.998375000000004e-06	1.0000000000000004e-05
200	9.973333333333338e-06	9.976733333333336e-06	9.98436666666667e-06	9.99263333333334e-06	9.996666666666672e-06	9.989333333333338e-06	9.944133333333334e-06	9.878466666666669e-06	9.870600000000002e-06	9.926000000000005e-06	9.980666666666669e-06	9.999933333333336e-06	1.0000000000000003e-05	9.993866666666671e-06	9.960266666666668e-06	9.923600000000003e-06	9.940800000000005e-06	9.978600000000006e-06	9.990000000000006e-06
300	9.925000000000007e-06	9.924562500000004e-06	9.943750000000005e-06	9.960437500000005e-06	9.929187500000004e-06	9.879093750000001e-06	9.837937500000004e-06	9.845906250000004e-06	9.924218750000005e-06	9.987406250000002e-06	9.998250000000004e-06	9.996968750000006e-06	9.998531250000003e-06	9.992093750000007e-06	9.959625000000004e-06	9.927625000000005e-06	9.942562500000004e-06	9.974656250000007e-06	9.984375000000006e-06
400	9.912500000000004e-06	9.897812500000003e-06	9.879875000000002e-06	9.887843750000003e-06	9.892812500000005e-06	9.840562500000004e-06	9.75371875e-06	9.758937500000003e-06	9.877375000000001e-06	9.974343750000003e-06	9.999031250000003e-06	9.995718750000003e-06	9.991906250000006e-06	9.991312500000006e-06	9.971062500000003e-06	9.937031250000002e-06	9.942281250000003e-06	9.974500000000006e-06	9.987500000000007e-06
500	9.816666666666669e-06	9.805466666666668e-06	9.801166666666665e-06	9.834033333333336e-06	9.874033333333337e-06	9.876000000000003e-06	9.845766666666668e-06	9.84486666666667e-06	9.910700000000003e-06	9.979333333333335e-06	9.999700000000002e-06	9.991966666666674e-06	9.94303333333334e-06	9.86686666666667e-06	9.835266666666667e-06	9.863766666666669e-06	9.923766666666673e-06	9.972800000000004e-06	9.98666666666667e-06
600	9.824242424242428e-06	9.808303030303036e-06	9.795333333333338e-06	9.825181818181823e-06	9.878303030303035e-06	9.894575757575761e-06	9.856000000000005e-06	9.84118181818182e-06	9.909727272727277e-06	9.97603030303031e-06	9.985848484848494e-06	9.976727272727278e-06	9.936606060606063e-06	9.88045454545455e-06	9.850181818181823e-06	9.86666666666667e-06	9.93263636363637e-06	9.980060606060612e-06	9.984848484848494e-06
700	9.77741935483871e-06	9.770064516129035e-06	9.784516129032262e-06	9.833225806451615e-06	9.877645161290325e-06	9.883967741935486e-06	9.850838709677422e-06	9.842483870967745e-06	9.908322580645166e-06	9.977870967741942e-06	9.997580645161295e-06	9.993451612903231e-06	9.92261290322581e-06	9.809774193548388e-06	9.773774193548389e-06	9.824354838709679e-06	9.888677419354843e-06	9.915548387096776e-06	9.916129032258066e-06
800	9.733333333333334e-06	9.72915151515152e-06	9.760181818181822e-06	9.829151515151518e-06	9.874606060606063e-06	9.876848484848489e-06	9.852000000000003e-06	9.847878787878793e-06	9.904212121212126e-06	9.971848484848486e-06	9.996969696969703e-06	9.994000000000008e-06	9.927000000000007e-06	9.805121212121214e-06	9.759969696969698e-06	9.81078787878788e-06	9.853545454545458e-06	9.860666666666672e-06	9.860606060606066e-06
900	9.996774193548395e-06	9.99754838709678e-06	9.999161290322585e-06	1.0000000000000004e-05	1.0000000000000004e-05	9.999483870967749e-06	9.996451612903235e-06	9.991483870967748e-06	9.989967741935494e-06	9.979483870967745e-06	9.955225806451617e-06	9.95445161290323e-06	9.980935483870973e-06	9.997677419354841e-06	9.999741935483877e-06	9.990645161290329e-06	9.961161290322586e-06	9.93154838709678e-06	9.922580645161297e-06
1000	9.990625000000004e-06	9.990062500000005e-06	9.990062500000004e-06	9.992437500000004e-06	9.996000000000004e-06	9.998875000000002e-06	1.0000000000000004e-05	1.0000000000000004e-05	9.996250000000004e-06	9.971093750000003e-06	9.922531250000004e-06	9.889875000000003e-06	9.898437500000004e-06	9.939218750000004e-06	9.982781250000004e-06	9.999812500000003e-06	1.0000000000000004e-05	1.0000000000000004e-05	1.0000000000000004e-05
1100	9.950000000000003e-06	9.96073333333334e-06	9.984633333333338e-06	9.994766666666675e-06	9.990433333333337e-06	9.99203333333334e-06	9.997333333333337e-06	9.99986666666667e-06	9.99656666666667e-06	9.972500000000005e-06	9.922266666666672e-06	9.886166666666674e-06	9.895400000000002e-06	9.93636666666667e-06	9.97733333333334e-06	9.988433333333338e-06	9.980233333333337e-06	9.976666666666669e-06	9.976666666666669e-06
1200	9.945161290322583e-06	9.952516129032261e-06	9.953806451612906e-06	9.921516129032263e-06	9.869419354838713e-06	9.829290322580646e-06	9.851709677419357e-06	9.931741935483876e-06	9.983129032258073e-06	9.96809677419355e-06	9.918741935483874e-06	9.891387096774198e-06	9.899258064516133e-06	9.931580645161294e-06	9.974193548387105e-06	9.97406451612904e-06	9.931483870967745e-06	9.915419354838717e-06	9.922580645161297e-06
1300	1.0000000000000004e-05	1.0000000000000004e-05	1.0000000000000004e-05	9.998531250000003e-06	9.973718750000005e-06	9.931718750000003e-06	9.931343750000004e-06	9.969750000000006e-06	9.991500000000006e-06	9.973593750000003e-06	9.925937500000002e-06	9.89421875e-06	9.900375000000004e-06	9.932718750000004e-06	9.977125000000003e-06	9.988343750000005e-06	9.950375000000007e-06	9.916187500000006e-06	9.909375000000005e-06
1400	9.925806451612908e-06	9.936322580645163e-06	9.954322580645167e-06	9.961741935483875e-06	9.941709677419358e-06	9.87303225806452e-06	9.8381935483871e-06	9.90729032258065e-06	9.97661290322581e-06	9.964451612903227e-06	9.915419354838712e-06	9.890838709677423e-06	9.899806451612907e-06	9.940064516129035e-06	9.983580645161297e-06	9.97370967741936e-06	9.93025806451613e-06	9.913419354838711e-06	9.916129032258066e-06
1500	9.872727272727275e-06	9.880030303030307e-06	9.886242424242429e-06	9.872969696969702e-06	9.828090909090915e-06	9.777636363636368e-06	9.815060606060613e-06	9.918909090909097e-06	9.975969696969705e-06	9.950909090909096e-06	9.858727272727275e-06	9.799818181818183e-06	9.842848484848487e-06	9.918545454545459e-06	9.971000000000008e-06	9.976393939393946e-06	9.935606060606063e-06	9.909242424242428e-06	9.909090909090913e-06
1600	9.8448275862069e-06	9.843793103448276e-06	9.85834482758621e-06	9.884758620689654e-06	9.864482758620691e-06	9.787586206896552e-06	9.785379310344829e-06	9.899586206896553e-06	9.979103448275866e-06	9.946137931034486e-06	9.859551724137932e-06	9.818931034482759e-06	9.854896551724136e-06	9.923517241379313e-06	9.975655172413797e-06	9.969517241379313e-06	9.930517241379313e-06	9.920310344827588e-06	9.927586206896555e-06
1700	9.833333333333335e-06	9.833400000000001e-06	9.8554e-06	9.884733333333332e-06	9.847200000000001e-06	9.774133333333332e-06	9.812133333333334e-06	9.925500000000005e-06	9.968333333333338e-06	9.905433333333335e-06	9.749433333333332e-06	9.675033333333333e-06	9.7906e-06	9.904866666666667e-06	9.919566666666667e-06	9.920366666666669e-06	9.958433333333338e-06	9.994300000000004e-06	1.0000000000000003e-05
1800	9.845454545454549e-06	9.841848484848489e-06	9.85587878787879e-06	9.8869696969697e-06	9.867060606060612e-06	9.783878787878793e-06	9.769e-06	9.87645454545455e-06	9.958272727272733e-06	9.878333333333338e-06	9.714363636363641e-06	9.681515151515154e-06	9.771212121212124e-06	9.830818181818184e-06	9.862151515151516e-06	9.913303030303034e-06	9.968030303030308e-06	9.995575757575761e-06	1.0000000000000004e-05
1900	9.858064516129036e-06	9.84677419354839e-06	9.84454838709678e-06	9.871903225806455e-06	9.862225806451614e-06	9.75961290322581e-06	9.71409677419355e-06	9.845967741935486e-06	9.956645161290329e-06	9.882322580645163e-06	9.764419354838711e-06	9.771774193548386e-06	9.842903225806456e-06	9.897580645161293e-06	9.946903225806454e-06	9.984709677419359e-06	9.999870967741939e-06	1.0000000000000004e-05	1.0000000000000004e-05
2000	9.851515151515154e-06	9.853272727272729e-06	9.87036363636364e-06	9.885060606060609e-06	9.840727272727276e-06	9.74257575757576e-06	9.729121212121213e-06	9.854818181818185e-06	9.939787878787886e-06	9.86106060606061e-06	9.734545454545457e-06	9.730121212121215e-06	9.816454545454548e-06	9.881000000000006e-06	9.935939393939399e-06	9.984787878787881e-06	1.0000000000000004e-05	1.0000000000000004e-05	1.0000000000000004e-05
2100	9.860000000000004e-06	9.853900000000002e-06	9.858466666666669e-06	9.875300000000002e-06	9.851500000000004e-06	9.754966666666667e-06	9.711533333333334e-06	9.832400000000003e-06	9.941866666666669e-06	9.846133333333337e-06	9.687533333333333e-06	9.704966666666666e-06	9.811033333333333e-06	9.873400000000004e-06	9.931800000000004e-06	9.982433333333336e-06	9.99976666666667e-06	1.0000000000000003e-05	1.0000000000000003e-05
2200	1.0000000000000003e-05	9.990900000000005e-06	9.945633333333335e-06	9.867966666666671e-06	9.787266666666669e-06	9.737033333333337e-06	9.7775e-06	9.862300000000002e-06	9.861900000000003e-06	9.78996666666667e-06	9.770666666666664e-06	9.854000000000003e-06	9.957033333333336e-06	9.997833333333338e-06	1.0000000000000003e-05	1.0000000000000003e-05	1.0000000000000003e-05	1.0000000000000003e-05	1.0000000000000003e-05
2300	9.935483870967745e-06	9.925645161290325e-06	9.924096774193551e-06	9.958516129032263e-06	9.992322580645164e-06	1.0000000000000004e-05	9.993548387096779e-06	9.959354838709679e-06	9.881677419354843e-06	9.785032258064518e-06	9.762967741935484e-06	9.858258064516133e-06	9.959258064516133e-06	9.986741935483874e-06	9.964161290322588e-06	9.931903225806455e-06	9.939419354838716e-06	9.97329032258065e-06	9.987096774193556e-06
2400	9.87e-06	9.872466666666666e-06	9.9096e-06	9.966166666666671e-06	9.969500000000005e-06	9.930400000000004e-06	9.917333333333336e-06	9.916666666666668e-06	9.8671e-06	9.790133333333333e-06	9.773033333333333e-06	9.85276666666667e-06	9.952266666666671e-06	9.99056666666667e-06	9.965800000000005e-06	9.924033333333335e-06	9.92976666666667e-06	9.964533333333336e-06	9.976666666666669e-06
2500	9.803125000000001e-06	9.804062500000002e-06	9.857125000000001e-06	9.936531250000006e-06	9.960343750000005e-06	9.947281250000006e-06	9.951343750000006e-06	9.943312500000004e-06	9.830687500000003e-06	9.704875e-06	9.718781250000005e-06	9.816062500000002e-06	9.884781250000004e-06	9.917343750000007e-06	9.930562500000005e-06	9.922343750000005e-06	9.937875000000007e-06	9.970312500000008e-06	9.978125000000007e-06
2600	9.793750000000003e-06	9.793312500000002e-06	9.820843750000006e-06	9.869656250000003e-06	9.899843750000004e-06	9.894750000000002e-06	9.866343750000004e-06	9.839125000000002e-06	9.77796875e-06	9.70740625e-06	9.725968750000003e-06	9.814937500000002e-06	9.882812500000002e-06	9.913156250000004e-06	9.924593750000004e-06	9.917781250000004e-06	9.932437500000004e-06	9.963500000000004e-06	9.971875000000007e-06
2700	1.0000000000000003e-05	9.989068965517247e-06	9.908172413793106e-06	9.784137931034483e-06	9.69951724137931e-06	9.68365517241379e-06	9.76862068965517e-06	9.85903448275862e-06	9.83448275862069e-06	9.73755172413793e-06	9.687482758620687e-06	9.76096551724138e-06	9.90337931034483e-06	9.978413793103452e-06	9.977379310344833e-06	9.978655172413797e-06	9.984344827586212e-06	9.981551724137932e-06	9.979310344827587e-06
2800	1.0000000000000004e-05	9.993666666666672e-06	9.962121212121217e-06	9.900303030303038e-06	9.8019393939394e-06	9.730242424242427e-06	9.779696969696973e-06	9.85987878787879e-06	9.83975757575758e-06	9.77618181818182e-06	9.80084848484849e-06	9.892757575757582e-06	9.937757575757582e-06	9.911515151515156e-06	9.856121212121219e-06	9.829848484848491e-06	9.878393939393943e-06	9.947090909090914e-06	9.969696969696973e-06
2900	9.962500000000007e-06	9.952000000000006e-06	9.906843750000006e-06	9.820718750000005e-06	9.744000000000002e-06	9.747531250000002e-06	9.823468750000005e-06	9.865281250000004e-06	9.815843750000001e-06	9.712656250000005e-06	9.659875000000002e-06	9.771437500000002e-06	9.934281250000003e-06	9.971593750000008e-06	9.930406250000004e-06	9.927531250000005e-06	9.967656250000005e-06	9.994875000000005e-06	1.0000000000000004e-05
3000	9.955882352941183e-06	9.953323529411772e-06	9.912058823529416e-06	9.795382352941179e-06	9.684411764705887e-06	9.647970588235298e-06	9.68188235294118e-06	9.75394117647059e-06	9.7599705882353e-06	9.12182352941177e-06	8.500705882352944e-06	9.139558823529412e-06	9.854941176470593e-06	9.911205882352945e-06	9.900882352941183e-06	9.917323529411769e-06	9.95252941176471e-06	9.978911764705889e-06	9.988235294117654e-06
3100	9.978125000000007e-06	9.970156250000004e-06	9.897187500000003e-06	9.777687500000004e-06	9.699093750000003e-06	9.683187500000002e-06	9.728343750000001e-06	9.777000000000005e-06	9.709781250000004e-06	9.24703125e-06	8.851749999999997e-06	9.249218749999999e-06	9.804093750000005e-06	9.965187500000007e-06	9.941750000000004e-06	9.878156250000003e-06	9.875250000000003e-06	9.922125000000003e-06	9.946875000000003e-06
3200	9.977419354838718e-06	9.972354838709682e-06	9.900387096774199e-06	9.781096774193553e-06	9.699903225806454e-06	9.677612903225807e-06	9.724612903225805e-06	9.779419354838709e-06	9.762612903225809e-06	9.259483870967742e-06	8.73606451612903e-06	9.161612903225808e-06	9.771548387096777e-06	9.933225806451617e-06	9.928612903225809e-06	9.872451612903227e-06	9.870838709677423e-06	9.913774193548391e-06	9.935483870967745e-06
3300	9.955172413793104e-06	9.95444827586207e-06	9.917310344827589e-06	9.801724137931034e-06	9.702655172413792e-06	9.688206896551725e-06	9.717793103448276e-06	9.746620689655173e-06	9.508275862068966e-06	7.801379310344826e-06	6.520793103448277e-06	8.205655172413794e-06	9.791862068965519e-06	9.898482758620693e-06	9.906586206896552e-06	9.870517241379314e-06	9.856517241379312e-06	9.887517241379314e-06	9.910344827586209e-06
3400	9.936666666666666e-06	9.941900000000002e-06	9.890133333333335e-06	9.773266666666667e-06	9.693100000000002e-06	9.6764e-06	9.708066666666668e-06	9.724066666666666e-06	9.580133333333335e-06	8.421166666666667e-06	7.437399999999999e-06	8.530333333333334e-06	9.707666666666669e-06	9.880666666666668e-06	9.9133e-06	9.887000000000002e-06	9.8905e-06	9.925500000000005e-06	9.943333333333339e-06
3500	9.910344827586209e-06	9.920793103448277e-06	9.88389655172414e-06	9.49444827586207e-06	8.36058620689655e-06	7.845379310344829e-06	8.925310344827587e-06	9.715689655172413e-06	9.40458620689655e-06	8.02348275862069e-06	6.338862068965517e-06	6.6589655172413776e-06	8.479310344827586e-06	9.604620689655172e-06	9.85493103448276e-06	9.856655172413797e-06	9.825310344827588e-06	9.826896551724136e-06	9.837931034482758e-06
3600	9.931034482758619e-06	9.933206896551725e-06	9.872206896551725e-06	8.671827586206894e-06	5.181413793103446e-06	3.6552413793103457e-06	6.85293103448276e-06	9.471689655172413e-06	8.523448275862068e-06	5.886655172413792e-06	4.0920689655172425e-06	4.915862068965519e-06	7.641655172413794e-06	9.503999999999999e-06	9.845172413793105e-06	9.857448275862068e-06	9.83348275862069e-06	9.832655172413795e-06	9.84137931034483e-06
3700	9.9e-06	9.908968750000004e-06	9.85215625e-06	7.957843750000002e-06	4.238437499999999e-06	4.0109375e-06	7.597875000000002e-06	9.6076875e-06	8.824437499999999e-06	6.189906250000001e-06	4.166812500000001e-06	5.572218749999999e-06	8.35828125e-06	9.648531250000001e-06	9.850281250000003e-06	9.875812500000002e-06	9.844531250000001e-06	9.810906250000005e-06	9.800000000000004e-06
3800	9.89666666666667e-06	9.909633333333338e-06	9.866400000000004e-06	8.206733333333334e-06	4.427466666666665e-06	3.3211333333333337e-06	6.584966666666667e-06	9.244266666666667e-06	8.8355e-06	6.274000000000002e-06	5.196566666666668e-06	7.56046666666667e-06	9.635366666666671e-06	9.971733333333337e-06	9.967166666666672e-06	9.925833333333336e-06	9.897433333333336e-06	9.893733333333333e-06	9.89666666666667e-06
3900	9.796551724137931e-06	9.828482758620688e-06	9.751206896551725e-06	7.563586206896551e-06	3.862758620689655e-06	4.0599310344827575e-06	7.600482758620691e-06	9.504689655172413e-06	9.15303448275862e-06	6.631034482758623e-06	4.961724137931035e-06	7.3533793103448266e-06	9.695241379310348e-06	9.981620689655175e-06	1.0000000000000003e-05	1.0000000000000003e-05	1.0000000000000003e-05	1.0000000000000003e-05	1.0000000000000003e-05
4000	9.80625e-06	9.831281250000002e-06	9.810468750000003e-06	8.133125000000002e-06	4.563531250000001e-06	3.959625000000001e-06	7.256156249999999e-06	9.027656250000002e-06	7.1046874999999965e-06	3.9275312500000014e-06	3.951125e-06	7.362687500000001e-06	9.633093750000004e-06	9.980281250000004e-06	1.0000000000000004e-05	1.0000000000000004e-05	9.998500000000004e-06	9.996937500000005e-06	9.996875000000004e-06
4100	9.853125000000006e-06	9.861187500000006e-06	9.678156250000002e-06	7.96521875e-06	4.797187499999999e-06	4.2583125e-06	7.17775e-06	8.846156249999999e-06	7.3339374999999994e-06	6.15825e-06	7.732343750000002e-06	9.457218750000005e-06	9.829156250000003e-06	9.900468750000004e-06	9.926937500000004e-06	9.869375000000002e-06	9.827781250000003e-06	9.843312500000005e-06	9.859375000000008e-06
4200	9.834375000000005e-06	9.853937500000007e-06	9.8133125e-06	8.466531250000002e-06	4.525437499999998e-06	2.47828125e-06	5.769500000000003e-06	8.684968749999999e-06	6.82915625e-06	4.708e-06	6.771812500000003e-06	9.33015625e-06	9.837968750000006e-06	9.916281250000006e-06	9.924125000000004e-06	9.884718750000005e-06	9.891312500000004e-06	9.928812500000005e-06	9.943750000000006e-06
4300	9.825806451612907e-06	9.838612903225808e-06	9.714193548387097e-06	7.0923225806451604e-06	2.6148709677419356e-06	2.883129032258064e-06	7.262870967741935e-06	8.403193548387098e-06	5.981548387096772e-06	5.5756451612903225e-06	8.053870967741936e-06	9.640870967741936e-06	9.813032258064518e-06	9.873096774193553e-06	9.907741935483874e-06	9.893612903225812e-06	9.88309677419355e-06	9.90009677419355e-06	9.912903225806456e-06
4400	9.832258064516132e-06	9.85261290322581e-06	9.7391935483871e-06	7.69216129032258e-06	3.900032258064516e-06	3.583225806451613e-06	7.137483870967743e-06	9.170580645161291e-06	8.140548387096777e-06	7.151645161290322e-06	8.289903225806453e-06	9.521354838709679e-06	9.746806451612905e-06	9.85903225806452e-06	9.913387096774195e-06	9.88351612903226e-06	9.87635483870968e-06	9.916677419354843e-06	9.94193548387097e-06
4500	9.980645161290329e-06	9.968774193548388e-06	9.825806451612905e-06	8.455032258064519e-06	5.727193548387095e-06	5.13248387096774e-06	7.5037741935483885e-06	8.458645161290324e-06	6.667967741935484e-06	6.032290322580648e-06	8.008516129032258e-06	9.525129032258068e-06	9.712516129032259e-06	9.78245161290323e-06	9.859967741935485e-06	9.877806451612907e-06	9.895096774193552e-06	9.939193548387103e-06	9.96129032258065e-06
4600	1.0000000000000003e-05	9.987266666666672e-06	9.715966666666668e-06	7.564766666666666e-06	3.3901999999999997e-06	2.7416e-06	6.816133333333333e-06	9.040566666666664e-06	8.164733333333333e-06	7.847333333333334e-06	8.851500000000002e-06	9.593033333333335e-06	9.722933333333333e-06	9.830400000000002e-06	9.910866666666672e-06	9.931300000000003e-06	9.935366666666671e-06	9.953100000000001e-06	9.963333333333335e-06
4700	9.929032258064522e-06	9.919548387096776e-06	9.922677419354843e-06	9.947645161290327e-06	9.931806451612907e-06	9.867161290322582e-06	9.267483870967743e-06	6.41851612903226e-06	3.4702903225806448e-06	4.955193548387097e-06	8.305741935483871e-06	9.606709677419359e-06	9.720709677419356e-06	9.796193548387096e-06	9.84912903225807e-06	9.825129032258067e-06	9.848838709677424e-06	9.930580645161292e-06	9.970967741935486e-06
4800	9.925806451612908e-06	9.907741935483874e-06	9.881129032258064e-06	9.874354838709679e-06	9.87435483870968e-06	9.861645161290327e-06	9.538387096774195e-06	7.138903225806453e-06	3.4812580645161293e-06	3.893129032258064e-06	7.739870967741935e-06	9.67977419354839e-06	9.755451612903228e-06	9.792483870967744e-06	9.809032258064518e-06	9.772322580645163e-06	9.822677419354842e-06	9.923741935483875e-06	9.958064516129039e-06
4900	1.0000000000000004e-05	9.995562500000002e-06	9.965156250000004e-06	9.908781250000005e-06	9.868500000000002e-06	9.838312500000005e-06	9.523281250000001e-06	7.2835000000000015e-06	4.3719375e-06	5.376625000000001e-06	8.621687500000005e-06	9.904062500000005e-06	9.930093750000005e-06	9.958062500000005e-06	9.946375000000002e-06	9.915250000000003e-06	9.907812500000006e-06	9.909375000000005e-06	9.909375000000005e-06
5000	9.92666666666667e-06	9.916266666666667e-06	9.898866666666671e-06	9.880500000000001e-06	9.861200000000003e-06	9.833400000000001e-06	9.1489e-06	6.151966666666664e-06	2.4680333333333333e-06	3.110266666666667e-06	7.079699999999999e-06	9.369233333333332e-06	9.708466666666669e-06	9.77766666666667e-06	9.823666666666669e-06	9.823333333333333e-06	9.841633333333336e-06	9.866166666666669e-06	9.870000000000002e-06
5100	9.953125000000005e-06	9.939687500000003e-06	9.910250000000002e-06	9.875437500000003e-06	9.851031250000002e-06	9.828656250000003e-06	9.102562500000004e-06	5.675875000000001e-06	1.9783437499999994e-06	3.3616249999999998e-06	7.386625e-06	9.3720625e-06	9.712687500000002e-06	9.778843750000003e-06	9.828687500000005e-06	9.829718750000005e-06	9.853187500000003e-06	9.886468750000006e-06	9.896875000000003e-06
5200	1.0000000000000004e-05	9.992903225806455e-06	9.959419354838714e-06	9.910032258064521e-06	9.873064516129032e-06	9.832129032258065e-06	9.37909677419355e-06	7.047064516129031e-06	3.2839354838709664e-06	2.9420322580645154e-06	6.708483870967741e-06	9.331903225806454e-06	9.706935483870969e-06	9.742677419354838e-06	9.791064516129033e-06	9.811967741935486e-06	9.84112903225807e-06	9.872741935483877e-06	9.880645161290326e-06
5300	1.0000000000000003e-05	1.0000000000000003e-05	9.998966666666674e-06	9.996000000000007e-06	9.986966666666673e-06	9.926266666666668e-06	9.496033333333337e-06	6.697999999999999e-06	2.6902333333333335e-06	3.042866666666667e-06	6.883366666666666e-06	9.227100000000002e-06	9.678066666666666e-06	9.719733333333335e-06	9.76106666666667e-06	9.7607e-06	9.757233333333332e-06	9.777933333333333e-06	9.793333333333335e-06
5400	1.0000000000000004e-05	1.0000000000000004e-05	9.995090909090914e-06	9.963121212121218e-06	9.912272727272733e-06	9.807090909090912e-06	8.75539393939394e-06	5.23712121212121e-06	1.8235757575757578e-06	2.6790303030303026e-06	6.217666666666665e-06	8.91078787878788e-06	9.782636363636362e-06	9.814787878787881e-06	9.899727272727277e-06	9.972909090909095e-06	9.998484848484852e-06	1.0000000000000004e-05	1.0000000000000004e-05
5500	9.99032258064517e-06	9.993225806451619e-06	9.98996774193549e-06	9.96070967741936e-06	9.911161290322583e-06	9.835838709677423e-06	8.942419354838713e-06	6.091483870967742e-06	3.896290322580645e-06	5.768258064516129e-06	8.896935483870973e-06	9.982419354838713e-06	1.0000000000000004e-05	9.997419354838718e-06	9.99032258064517e-06	9.984258064516135e-06	9.987161290322587e-06	9.994193548387107e-06	9.996774193548395e-06
5600	9.983870967741943e-06	9.985677419354845e-06	9.991258064516133e-06	9.997516129032262e-06	9.980354838709682e-06	9.652451612903227e-06	7.405451612903227e-06	3.7415806451612906e-06	3.2338064516129034e-06	6.466225806451613e-06	9.222322580645166e-06	9.981677419354842e-06	1.0000000000000004e-05	1.0000000000000004e-05	1.0000000000000004e-05	1.0000000000000004e-05	1.0000000000000004e-05	1.0000000000000004e-05	1.0000000000000004e-05
5700	9.928125000000004e-06	9.936093750000004e-06	9.961437500000004e-06	9.983812500000005e-06	9.950000000000006e-06	9.033500000000004e-06	5.922906250000002e-06	2.2309687500000003e-06	2.1375625e-06	5.813625000000001e-06	9.030156250000002e-06	9.963093750000004e-06	9.992906250000004e-06	9.997625000000004e-06	9.999687500000004e-06	1.0000000000000004e-05	1.0000000000000004e-05	1.0000000000000004e-05	1.0000000000000004e-05
5800	9.91935483870968e-06	9.926258064516132e-06	9.959806451612908e-06	9.993225806451617e-06	9.963387096774202e-06	9.182741935483873e-06	5.791774193548388e-06	1.7317741935483875e-06	1.5998064516129038e-06	4.916129032258065e-06	8.335645161290323e-06	9.841064516129035e-06	9.98035483870968e-06	9.999258064516132e-06	9.987258064516137e-06	9.951322580645166e-06	9.92393548387097e-06	9.935677419354842e-06	9.951612903225812e-06
5900	9.74516129032258e-06	9.737806451612904e-06	9.756709677419359e-06	9.808516129032262e-06	9.809709677419356e-06	9.125451612903227e-06	6.080322580645164e-06	2.5738387096774196e-06	3.1964516129032247e-06	6.717645161290321e-06	9.189225806451612e-06	9.917645161290328e-06	9.974967741935488e-06	9.999064516129035e-06	9.995870967741946e-06	9.97896774193549e-06	9.95835483870968e-06	9.954290322580651e-06	9.958064516129039e-06
6000	9.759375000000005e-06	9.760000000000005e-06	9.797593750000002e-06	9.902843750000004e-06	9.952468750000006e-06	8.454406250000004e-06	5.001843749999999e-06	1.5143437500000001e-06	1.1869374999999999e-06	5.3022500000000025e-06	9.020718750000001e-06	9.846218750000004e-06	9.890781249999999e-06	9.906406250000004e-06	9.931000000000002e-06	9.971375000000002e-06	9.995562500000005e-06	9.998750000000003e-06	1.0000000000000004e-05
6100	9.778787878787884e-06	9.782181818181822e-06	9.83545454545455e-06	9.924515151515157e-06	9.956393939393946e-06	8.977878787878791e-06	5.372121212121213e-06	1.6681818181818182e-06	1.6154848484848484e-06	4.555181818181818e-06	8.072363636363637e-06	9.763303030303036e-06	9.88245454545455e-06	9.906030303030308e-06	9.923909090909096e-06	9.935848484848493e-06	9.904212121212126e-06	9.876545454545463e-06	9.875757575757585e-06
6200	9.880000000000004e-06	9.886133333333335e-06	9.871966666666668e-06	9.801000000000003e-06	9.455666666666667e-06	7.979033333333333e-06	5.188666666666667e-06	2.382300000000001e-06	2.404633333333333e-06	6.036266666666668e-06	9.136533333333335e-06	9.851133333333335e-06	9.915766666666669e-06	9.95406666666667e-06	9.903266666666669e-06	9.801033333333335e-06	9.751600000000002e-06	9.773800000000001e-06	9.793333333333335e-06
6300	9.88484848484849e-06	9.88975757575758e-06	9.869727272727277e-06	9.804848484848487e-06	8.966636363636369e-06	6.717121212121213e-06	3.8640303030303036e-06	2.3357878787878787e-06	3.945393939393939e-06	7.2639393939393935e-06	9.290878787878788e-06	9.7559393939394e-06	9.82566666666667e-06	9.904242424242432e-06	9.946000000000004e-06	9.95142424242425e-06	9.94881818181819e-06	9.959848484848492e-06	9.966666666666672e-06
6400	9.88787878787879e-06	9.879454545454549e-06	9.868363636363641e-06	9.881333333333338e-06	9.910606060606066e-06	9.928212121212128e-06	9.932030303030307e-06	9.866848484848491e-06	9.714969696969703e-06	9.645757575757579e-06	9.692424242424243e-06	9.742666666666669e-06	9.815939393939398e-06	9.902030303030309e-06	9.964727272727277e-06	9.996696969696973e-06	1.0000000000000004e-05	1.0000000000000004e-05	1.0000000000000004e-05
6500	9.85161290322581e-06	9.842419354838711e-06	9.832451612903227e-06	9.854741935483873e-06	9.880709677419358e-06	9.880677419354842e-06	9.876064516129035e-06	8.775870967741937e-06	6.114129032258066e-06	5.504225806451612e-06	7.989193548387098e-06	9.642548387096773e-06	9.801e-06	9.85877419354839e-06	9.896967741935486e-06	9.940451612903229e-06	9.983064516129036e-06	9.999677419354842e-06	1.0000000000000004e-05
6600	9.928125000000004e-06	9.926656250000005e-06	9.928625000000004e-06	9.944031250000004e-06	9.958250000000006e-06	9.954468750000006e-06	9.956750000000003e-06	9.813281250000007e-06	9.227843750000003e-06	8.823875000000002e-06	9.205e-06	9.634687499999999e-06	9.768343750000002e-06	9.852000000000005e-06	9.87753125e-06	9.887250000000003e-06	9.932812500000005e-06	9.976718750000007e-06	9.987500000000007e-06
6700	9.775000000000002e-06	9.775000000000002e-06	9.813593750000002e-06	9.873156250000003e-06	9.875187500000002e-06	9.822781250000002e-06	9.777531250000001e-06	9.012375000000002e-06	6.988406250000001e-06	6.261312500000002e-06	8.01125e-06	9.42615625e-06	9.728781250000001e-06	9.847531250000002e-06	9.857750000000002e-06	9.850000000000002e-06	9.908156250000005e-06	9.973593750000007e-06	9.987500000000007e-06
6800	9.740625000000001e-06	9.753906250000002e-06	9.776375000000002e-06	9.794406250000004e-06	9.80790625e-06	9.78703125e-06	9.747875e-06	8.312468750000002e-06	5.4209687500000015e-06	5.149e-06	7.778781250000003e-06	9.443968750000001e-06	9.746750000000001e-06	9.844937500000002e-06	9.869812500000004e-06	9.872687500000002e-06	9.910250000000004e-06	9.953437500000001e-06	9.965625e-06
6900	9.72258064516129e-06	9.72167741935484e-06	9.71548387096774e-06	9.733774193548388e-06	9.773451612903228e-06	9.739000000000001e-06	9.676645161290323e-06	8.421129032258066e-06	5.879774193548388e-06	5.670580645161292e-06	8.017064516129033e-06	9.469806451612907e-06	9.747032258064518e-06	9.858806451612906e-06	9.893032258064516e-06	9.92051612903226e-06	9.964935483870974e-06	9.990193548387106e-06	9.99354838709678e-06
7000	9.923333333333337e-06	9.909200000000003e-06	9.869966666666667e-06	9.817333333333333e-06	9.77516666666667e-06	9.711166666666664e-06	9.650366666666668e-06	8.516933333333333e-06	6.3235e-06	6.1277000000000015e-06	8.063766666666667e-06	9.407833333333335e-06	9.742566666666669e-06	9.833000000000004e-06	9.891433333333337e-06	9.945200000000004e-06	9.988566666666671e-06	9.996966666666674e-06	9.996666666666672e-06
7100	9.925806451612908e-06	9.908451612903226e-06	9.856806451612905e-06	9.797645161290327e-06	9.735290322580645e-06	9.670193548387098e-06	9.660741935483873e-06	8.515677419354839e-06	4.8835483870967746e-06	3.3314516129032264e-06	6.7450322580645165e-06	9.5551935483871e-06	9.917580645161293e-06	9.98293548387097e-06	9.999645161290326e-06	1.0000000000000004e-05	1.0000000000000004e-05	1.0000000000000004e-05	1.0000000000000004e-05
7200	9.924137931034484e-06	9.909413793103453e-06	9.859793103448277e-06	9.798034482758622e-06	9.731827586206894e-06	9.667965517241378e-06	9.608517241379312e-06	8.527482758620688e-06	5.594379310344827e-06	4.622448275862069e-06	7.517862068965517e-06	9.69596551724138e-06	9.933620689655173e-06	9.979896551724138e-06	9.958103448275865e-06	9.922344827586211e-06	9.942413793103451e-06	9.981586206896552e-06	9.993103448275862e-06
7300	9.918750000000006e-06	9.903437500000005e-06	9.855906250000002e-06	9.7725e-06	9.670468750000003e-06	9.61359375e-06	9.306968749999999e-06	6.916187499999998e-06	2.8411562499999986e-06	2.874125e-06	7.241906250000001e-06	9.738093750000002e-06	9.926500000000006e-06	9.966625000000006e-06	9.912593750000004e-06	9.848937500000006e-06	9.885781250000003e-06	9.948406250000003e-06	9.962500000000007e-06
7400	9.850000000000002e-06	9.813466666666668e-06	9.729233333333333e-06	9.684966666666663e-06	9.706233333333334e-06	9.691033333333334e-06	9.434966666666665e-06	6.694833333333335e-06	2.884266666666667e-06	3.931333333333332e-06	7.844733333333333e-06	9.690200000000004e-06	9.94356666666667e-06	9.928166666666671e-06	9.95216666666667e-06	9.98616666666667e-06	9.997400000000002e-06	9.987400000000005e-06	9.980000000000004e-06
7500	9.784375000000004e-06	9.765000000000004e-06	9.703812499999998e-06	9.666468750000001e-06	9.696156250000002e-06	9.702593750000002e-06	9.381312500000002e-06	7.150656250000001e-06	3.6945937500000006e-06	4.10834375e-06	7.952812500000004e-06	9.916125000000003e-06	9.949125000000004e-06	9.919375000000007e-06	9.944625000000006e-06	9.986062500000003e-06	1.0000000000000004e-05	1.0000000000000004e-05	1.0000000000000004e-05
7600	9.764516129032262e-06	9.747290322580645e-06	9.690709677419356e-06	9.66374193548387e-06	9.69893548387097e-06	9.69635483870968e-06	9.417225806451613e-06	7.489419354838709e-06	3.378129032258063e-06	2.428516129032258e-06	6.6870000000000005e-06	9.710645161290323e-06	9.94287096774194e-06	9.91977419354839e-06	9.94496774193549e-06	9.968064516129039e-06	9.934000000000003e-06	9.89745161290323e-06	9.890322580645166e-06
7700	9.785294117647062e-06	9.759382352941181e-06	9.69008823529412e-06	9.661441176470591e-06	9.70738235294118e-06	9.712117647058824e-06	9.368352941176472e-06	6.904999999999999e-06	2.853264705882352e-06	2.8156764705882356e-06	6.957764705882354e-06	9.582500000000005e-06	9.924441176470593e-06	9.921647058823535e-06	9.929794117647065e-06	9.888294117647064e-06	9.827411764705887e-06	9.821264705882356e-06	9.832352941176471e-06
7800	9.7375e-06	9.7366875e-06	9.74721875e-06	9.766875000000001e-06	9.781906250000004e-06	9.781656250000002e-06	9.49896875e-06	7.4751562499999995e-06	3.5650312500000002e-06	2.6699062499999992e-06	6.396906249999999e-06	9.377218750000002e-06	9.914343750000002e-06	9.939125000000005e-06	9.952343750000004e-06	9.945656250000006e-06	9.925187500000007e-06	9.920875000000009e-06	9.925000000000007e-06
7900	9.712121212121211e-06	9.730333333333332e-06	9.786636363636366e-06	9.827666666666669e-06	9.819303030303035e-06	9.828727272727279e-06	9.690272727272732e-06	7.21627272727273e-06	2.9170909090909094e-06	2.8716969696969682e-06	6.952606060606063e-06	9.470818181818185e-06	9.869000000000003e-06	9.907666666666673e-06	9.922121212121216e-06	9.859272727272732e-06	9.781363636363637e-06	9.788060606060606e-06	9.812121212121212e-06
8000	9.756249999999998e-06	9.760281250000004e-06	9.759468750000002e-06	9.75021875e-06	9.749031250000002e-06	9.676656250000002e-06	8.70865625e-06	5.857750000000002e-06	2.56134375e-06	2.7980312500000002e-06	6.6268125000000015e-06	9.381156250000003e-06	9.921625000000003e-06	9.971625000000006e-06	9.938625000000002e-06	9.842093750000005e-06	9.782750000000002e-06	9.790187500000004e-06	9.803125000000005e-06
8100	9.727272727272727e-06	9.73948484848485e-06	9.782757575757576e-06	9.813030303030305e-06	9.80848484848485e-06	9.832151515151516e-06	9.27615151515152e-06	6.226272727272726e-06	2.404757575757576e-06	3.0386060606060597e-06	6.969454545454547e-06	9.397151515151516e-06	9.91954545454546e-06	9.97706060606061e-06	9.97651515151516e-06	9.902636363636366e-06	9.845303030303031e-06	9.85657575757576e-06	9.872727272727275e-06
8200	9.736666666666666e-06	9.746133333333333e-06	9.785100000000002e-06	9.810100000000003e-06	9.776100000000003e-06	9.76e-06	9.324433333333333e-06	6.769566666666667e-06	3.2064666666666676e-06	3.363166666666667e-06	6.9095333333333305e-06	9.363400000000001e-06	9.92466666666667e-06	9.981633333333336e-06	9.980433333333337e-06	9.9381e-06	9.9087e-06	9.903333333333336e-06	9.903333333333336e-06
8300	9.943750000000006e-06	9.945812500000005e-06	9.948343750000007e-06	9.928156250000003e-06	9.887312500000004e-06	9.864437500000003e-06	9.236093750000004e-06	6.3348437499999996e-06	2.4580937500000002e-06	2.466625e-06	6.277250000000001e-06	9.160968750000004e-06	9.903250000000007e-06	9.980718750000004e-06	9.995312500000005e-06	9.984000000000001e-06	9.960375000000005e-06	9.937968750000003e-06	9.931250000000003e-06
8400	9.693548387096775e-06	9.715032258064519e-06	9.785290322580647e-06	9.797354838709681e-06	9.67925806451613e-06	9.615741935483875e-06	9.44493548387097e-06	7.003e-06	2.7516451612903225e-06	2.6807419354838695e-06	6.85816129032258e-06	9.4881935483871e-06	9.915967741935489e-06	9.975806451612907e-06	9.949258064516136e-06	9.868645161290325e-06	9.838741935483875e-06	9.861e-06	9.870967741935485e-06
8500	9.678787878787883e-06	9.682696969696976e-06	9.718121212121214e-06	9.742969696969698e-06	9.664787878787881e-06	9.597121212121215e-06	9.191909090909096e-06	6.932484848484849e-06	3.0040909090909096e-06	2.306363636363636e-06	6.256848484848484e-06	9.34927272727273e-06	9.920121212121217e-06	9.977424242424246e-06	9.935333333333338e-06	9.847969696969702e-06	9.829696969696973e-06	9.860363636363637e-06	9.872727272727275e-06
8600	9.673333333333334e-06	9.678433333333332e-06	9.706933333333335e-06	9.718833333333334e-06	9.649833333333332e-06	9.54386666666667e-06	8.374966666666667e-06	4.866533333333333e-06	1.4894333333333333e-06	2.5306999999999998e-06	6.713033333333334e-06	9.325566666666668e-06	9.860400000000001e-06	9.959433333333337e-06	9.94143333333334e-06	9.8612e-06	9.840533333333337e-06	9.872000000000006e-06	9.886666666666671e-06
8700	9.656250000000003e-06	9.663437500000004e-06	9.7089375e-06	9.740406250000003e-06	9.66128125e-06	9.574593750000001e-06	8.890906250000002e-06	6.158750000000001e-06	2.24684375e-06	1.7445625000000005e-06	5.656031249999999e-06	8.997968749999999e-06	9.849468750000004e-06	9.922437500000006e-06	9.865875000000003e-06	9.793781250000005e-06	9.787875000000002e-06	9.800968750000004e-06	9.803125000000003e-06
8800	1.0000000000000004e-05	1.0000000000000004e-05	9.978387096774199e-06	9.83967741935484e-06	9.340032258064521e-06	8.85496774193549e-06	7.252967741935485e-06	3.6505161290322575e-06	9.944193548387099e-07	2.0374516129032253e-06	6.012612903225805e-06	9.089645161290326e-06	9.862870967741937e-06	9.958838709677423e-06	9.938516129032263e-06	9.865548387096776e-06	9.83458064516129e-06	9.835483870967743e-06	9.835483870967743e-06
8900	1.0000000000000003e-05	1.0000000000000003e-05	9.984068965517241e-06	9.772862068965518e-06	8.915724137931037e-06	8.357965517241377e-06	7.845896551724137e-06	5.0799310344827605e-06	1.738862068965517e-06	2.2821724137931038e-06	6.4254137931034506e-06	9.314517241379313e-06	9.87044827586207e-06	9.963413793103451e-06	9.937206896551727e-06	9.861241379310346e-06	9.846689655172414e-06	9.875310344827586e-06	9.886206896551725e-06
9000	1.0000000000000004e-05	9.997781250000007e-06	9.964031250000005e-06	9.646437500000002e-06	9.065562500000004e-06	8.651406250000005e-06	7.30034375e-06	3.416875e-06	5.785e-07	2.5703750000000008e-06	6.443125000000001e-06	8.973312500000002e-06	9.858750000000004e-06	9.952468750000001e-06	9.982218750000007e-06	9.937843750000005e-06	9.875343750000001e-06	9.802625000000003e-06	9.762500000000002e-06
9100	1.0000000000000004e-05	9.987781250000007e-06	9.925468750000006e-06	9.644125000000003e-06	8.721468750000002e-06	7.956625000000006e-06	6.2982500000000045e-06	3.064593750000001e-06	7.079375e-07	1.1535625000000002e-06	5.231218750000001e-06	8.948187500000001e-06	9.850687500000003e-06	9.975187500000001e-06	9.961031250000006e-06	9.915906250000005e-06	9.863281250000003e-06	9.807125000000003e-06	9.787500000000002e-06
9200	9.990625000000004e-06	9.985656250000004e-06	9.922937500000007e-06	9.579218750000003e-06	8.979531250000003e-06	8.825312500000003e-06	7.44253125e-06	3.409906249999999e-06	4.597812500000001e-07	6.50875e-07	3.5748124999999997e-06	7.785562500000005e-06	9.825187500000001e-06	9.963562500000005e-06	9.982625000000005e-06	9.935531250000002e-06	9.914031250000002e-06	9.9439375e-06	9.965625e-06
9300	1.0000000000000003e-05	9.99272413793104e-06	9.955586206896554e-06	9.449448275862072e-06	8.441000000000001e-06	8.249620689655172e-06	7.617586206896547e-06	4.142689655172412e-06	9.578965517241378e-07	2.3500344827586204e-06	6.616241379310345e-06	9.375482758620693e-06	9.968241379310345e-06	9.995172413793105e-06	9.998620689655175e-06	1.0000000000000003e-05	1.0000000000000003e-05	1.0000000000000003e-05	1.0000000000000003e-05
9400	1.0000000000000004e-05	9.991031250000005e-06	9.935031250000003e-06	9.470312500000002e-06	8.133031250000002e-06	7.456437500000001e-06	6.872437499999997e-06	3.72284375e-06	8.040312499999998e-07	1.8578125000000007e-06	5.853750000000001e-06	9.047500000000004e-06	9.939218750000004e-06	9.991562500000005e-06	1.0000000000000004e-05	1.0000000000000004e-05	1.0000000000000004e-05	1.0000000000000004e-05	1.0000000000000004e-05
9500	9.984375000000006e-06	9.981218750000007e-06	9.919656250000006e-06	8.636500000000003e-06	5.1964375e-06	3.5084687499999995e-06	4.54671875e-06	3.3515312499999997e-06	1.0720937500000003e-06	2.3044062499999995e-06	6.4306562500000004e-06	9.358093750000004e-06	9.982468750000004e-06	1.0000000000000004e-05	1.0000000000000004e-05	1.0000000000000004e-05	1.0000000000000004e-05	1.0000000000000004e-05	1.0000000000000004e-05
9600	9.916666666666671e-06	9.903700000000001e-06	9.853766666666669e-06	8.287833333333334e-06	4.4786e-06	2.929266666666666e-06	4.079466666666666e-06	2.8176000000000003e-06	5.682333333333333e-07	1.3061333333333337e-06	5.020666666666667e-06	8.59696666666667e-06	9.843600000000003e-06	9.956166666666673e-06	9.99263333333334e-06	9.980466666666672e-06	9.91896666666667e-06	9.849466666666666e-06	9.826666666666667e-06
9700	9.906451612903227e-06	9.894806451612906e-06	9.83861290322581e-06	8.161387096774194e-06	4.443870967741936e-06	3.5228709677419352e-06	5.422903225806453e-06	4.137806451612904e-06	1.0582580645161292e-06	1.1200967741935483e-06	4.629419354838708e-06	8.38416129032258e-06	9.836483870967747e-06	9.960258064516132e-06	9.99861290322581e-06	9.986677419354844e-06	9.948580645161293e-06	9.911903225806452e-06	9.9e-06
9800	9.85757575757576e-06	9.86145454545455e-06	9.843969696969701e-06	8.510090909090912e-06	5.03639393939394e-06	3.3768484848484845e-06	4.552757575757574e-06	3.5757878787878783e-06	9.622727272727274e-07	9.907272727272728e-07	4.3734545454545445e-06	8.232575757575761e-06	9.815606060606064e-06	9.96457575757576e-06	9.998818181818184e-06	9.981848484848489e-06	9.916212121212125e-06	9.843454545454551e-06	9.818181818181823e-06
9900	9.85161290322581e-06	9.858806451612905e-06	9.805064516129035e-06	7.746645161290323e-06	3.7098709677419357e-06	3.2162258064516134e-06	5.454225806451613e-06	3.940741935483871e-06	8.705161290322581e-07	1.2321290322580648e-06	4.6545806451612914e-06	8.276129032258065e-06	9.797612903225808e-06	9.904419354838712e-06	9.925387096774195e-06	9.945419354838714e-06	9.919645161290327e-06	9.85670967741936e-06	9.829032258064521e-06
10000	9.858064516129036e-06	9.864677419354843e-06	9.859645161290322e-06	8.529032258064517e-06	4.732903225806452e-06	2.305129032258065e-06	3.041774193548387e-06	2.5517741935483883e-06	6.87258064516129e-07	1.1248064516129033e-06	4.699193548387097e-06	8.470967741935485e-06	9.860645161290326e-06	9.94277419354839e-06	9.962838709677425e-06	9.98029032258065e-06	9.986225806451615e-06	9.973935483870968e-06	9.967741935483871e-06
