	site
generation	50	100	150	200	250	300	350	400	450	500	550	600	650	700	750	800	850	900	950
0	1.0000000000000004e-05	1.0000000000000004e-05	1.0000000000000004e-05	1.0000000000000004e-05	1.0000000000000004e-05	1.0000000000000004e-05	1.0000000000000004e-05	1.0000000000000004e-05	1.0000000000000004e-05	1.0000000000000004e-05	1.0000000000000004e-05	1.0000000000000004e-05	1.0000000000000004e-05	1.0000000000000004e-05	1.0000000000000004e-05	1.0000000000000004e-05	1.0000000000000004e-05	1.0000000000000004e-05	1.0000000000000004e-05
100	9.98125e-06	9.988500000000003e-06	9.997875000000001e-06	1.0000000000000004e-05	1.0000000000000004e-05	9.999593750000003e-06	9.987593750000005e-06	9.958343750000006e-06	9.947968750000005e-06	9.973312500000004e-06	9.995687500000004e-06	1.0000000000000004e-05	1.0000000000000004e-05	1.0000000000000004e-05	1.0000000000000004e-05	1.0000000000000004e-05	1.0000000000000004e-05	1.0000000000000004e-05	1.0000000000000004e-05
200	9.987500000000007e-06	9.990125000000006e-06	9.993062500000007e-06	9.993843750000007e-06	9.980687500000005e-06	9.948093750000003e-06	9.911437500000006e-06	9.898093750000004e-06	9.930031250000005e-06	9.972812500000005e-06	9.994000000000003e-06	1.0000000000000004e-05	1.0000000000000004e-05	1.0000000000000004e-05	1.0000000000000004e-05	1.0000000000000004e-05	1.0000000000000004e-05	1.0000000000000004e-05	1.0000000000000004e-05
300	9.974193548387097e-06	9.983645161290327e-06	9.996548387096777e-06	9.999903225806457e-06	9.98893548387097e-06	9.950032258064522e-06	9.901709677419357e-06	9.893387096774199e-06	9.931000000000002e-06	9.972806451612909e-06	9.994483870967746e-06	1.0000000000000004e-05	1.0000000000000004e-05	1.0000000000000004e-05	1.0000000000000004e-05	1.0000000000000004e-05	1.0000000000000004e-05	1.0000000000000004e-05	1.0000000000000004e-05
400	9.977419354838718e-06	9.98703225806452e-06	9.995677419354847e-06	9.992419354838717e-06	9.976322580645166e-06	9.937064516129035e-06	9.900967741935488e-06	9.893000000000002e-06	9.917677419354842e-06	9.947838709677423e-06	9.948483870967745e-06	9.954645161290324e-06	9.97974193548388e-06	9.994387096774197e-06	9.998806451612905e-06	1.0000000000000004e-05	1.0000000000000004e-05	1.0000000000000004e-05	1.0000000000000004e-05
500	9.987096774193556e-06	9.989290322580653e-06	9.994516129032264e-06	9.99877419354839e-06	1.0000000000000004e-05	1.0000000000000004e-05	1.0000000000000004e-05	1.0000000000000004e-05	1.0000000000000004e-05	1.0000000000000004e-05	1.0000000000000004e-05	1.0000000000000004e-05	1.0000000000000004e-05	1.0000000000000004e-05	1.0000000000000004e-05	1.0000000000000004e-05	1.0000000000000004e-05	1.0000000000000004e-05	1.0000000000000004e-05
600	9.996875000000004e-06	9.995968750000008e-06	9.99440625000001e-06	9.995937500000005e-06	9.999062500000003e-06	1.0000000000000004e-05	1.0000000000000004e-05	1.0000000000000004e-05	1.0000000000000004e-05	9.997812500000007e-06	9.994687500000009e-06	9.991531250000008e-06	9.986875000000004e-06	9.981687500000006e-06	9.976093750000004e-06	9.968062500000006e-06	9.945312500000005e-06	9.920125000000007e-06	9.912500000000004e-06
700	9.996875000000004e-06	9.997843750000006e-06	9.999406250000003e-06	1.0000000000000004e-05	1.0000000000000004e-05	9.994468750000004e-06	9.967062500000007e-06	9.934812500000001e-06	9.944000000000005e-06	9.960625000000006e-06	9.939562500000003e-06	9.937687500000004e-06	9.974375000000006e-06	9.997406250000004e-06	9.999812500000003e-06	9.992750000000004e-06	9.954593750000004e-06	9.900718750000005e-06	9.878125000000006e-06
800	9.906250000000002e-06	9.917281250000005e-06	9.953843750000004e-06	9.988375000000006e-06	9.980718750000006e-06	9.933687500000004e-06	9.88446875e-06	9.883250000000002e-06	9.934093750000005e-06	9.960500000000002e-06	9.932031250000006e-06	9.914312500000005e-06	9.894125000000002e-06	9.851562500000003e-06	9.870062500000005e-06	9.941218750000005e-06	9.982625000000005e-06	9.980843750000006e-06	9.971875000000007e-06
900	1.0000000000000004e-05	1.0000000000000004e-05	1.0000000000000004e-05	1.0000000000000004e-05	1.0000000000000004e-05	1.0000000000000004e-05	1.0000000000000004e-05	1.0000000000000004e-05	1.0000000000000004e-05	1.0000000000000004e-05	1.0000000000000004e-05	1.0000000000000004e-05	1.0000000000000004e-05	1.0000000000000004e-05	1.0000000000000004e-05	1.0000000000000004e-05	1.0000000000000004e-05	1.0000000000000004e-05	1.0000000000000004e-05
1000	1.0000000000000003e-05	1.0000000000000003e-05	1.0000000000000003e-05	1.0000000000000003e-05	1.0000000000000003e-05	1.0000000000000003e-05	1.0000000000000003e-05	1.0000000000000003e-05	1.0000000000000003e-05	1.0000000000000003e-05	1.0000000000000003e-05	9.996533333333337e-06	9.979000000000006e-06	9.955200000000004e-06	9.958600000000005e-06	9.975733333333337e-06	9.965666666666668e-06	9.944133333333334e-06	9.936666666666666e-06
1100	9.940000000000001e-06	9.934233333333336e-06	9.943400000000002e-06	9.97453333333334e-06	9.99423333333334e-06	9.996800000000004e-06	9.995733333333342e-06	9.996533333333338e-06	9.998733333333336e-06	1.0000000000000003e-05	1.0000000000000003e-05	9.994533333333336e-06	9.956133333333336e-06	9.899266666666669e-06	9.892766666666666e-06	9.929600000000002e-06	9.940333333333337e-06	9.925833333333336e-06	9.92e-06
1200	9.906666666666668e-06	9.898933333333334e-06	9.881733333333336e-06	9.8693e-06	9.865433333333336e-06	9.877700000000002e-06	9.922600000000002e-06	9.956900000000005e-06	9.913133333333335e-06	9.847233333333336e-06	9.84476666666667e-06	9.877333333333336e-06	9.884800000000004e-06	9.862333333333336e-06	9.877933333333334e-06	9.928699999999999e-06	9.93436666666667e-06	9.909666666666666e-06	9.9e-06
1300	1.0000000000000004e-05	1.0000000000000004e-05	1.0000000000000004e-05	1.0000000000000004e-05	1.0000000000000004e-05	1.0000000000000004e-05	9.994625000000006e-06	9.959781250000006e-06	9.921531250000004e-06	9.941218750000005e-06	9.983843750000004e-06	9.999000000000004e-06	1.0000000000000004e-05	9.979750000000004e-06	9.936718750000004e-06	9.8998125e-06	9.873625000000003e-06	9.85890625e-06	9.856249999999999e-06
1400	9.996666666666672e-06	9.995700000000007e-06	9.995300000000006e-06	9.997233333333337e-06	9.999300000000003e-06	9.992333333333338e-06	9.96256666666667e-06	9.862400000000004e-06	9.734400000000001e-06	9.723999999999999e-06	9.824766666666666e-06	9.923100000000002e-06	9.943700000000003e-06	9.886400000000002e-06	9.853200000000002e-06	9.888900000000003e-06	9.90416666666667e-06	9.874000000000004e-06	9.856666666666672e-06
1500	9.996666666666672e-06	9.996666666666672e-06	9.997166666666671e-06	9.998833333333337e-06	9.999500000000005e-06	9.99783333333334e-06	9.997166666666671e-06	9.998833333333337e-06	1.0000000000000003e-05	1.0000000000000003e-05	1.0000000000000003e-05	1.0000000000000003e-05	1.0000000000000003e-05	1.0000000000000003e-05	1.0000000000000003e-05	1.0000000000000003e-05	1.0000000000000003e-05	1.0000000000000003e-05	1.0000000000000003e-05
1600	1.0000000000000004e-05	9.998967741935493e-06	9.996838709677427e-06	9.981806451612907e-06	9.956548387096777e-06	9.959064516129038e-06	9.985322580645167e-06	9.998870967741939e-06	1.0000000000000004e-05	9.998774193548396e-06	9.995225806451623e-06	9.989838709677425e-06	9.988870967741944e-06	9.995258064516132e-06	9.999741935483874e-06	9.991935483870972e-06	9.97361290322581e-06	9.96229032258065e-06	9.96129032258065e-06
1700	1.0000000000000004e-05	1.0000000000000004e-05	1.0000000000000004e-05	1.0000000000000004e-05	1.0000000000000004e-05	1.0000000000000004e-05	1.0000000000000004e-05	1.0000000000000004e-05	1.0000000000000004e-05	1.0000000000000004e-05	1.0000000000000004e-05	1.0000000000000004e-05	1.0000000000000004e-05	1.0000000000000004e-05	1.0000000000000004e-05	1.0000000000000004e-05	1.0000000000000004e-05	1.0000000000000004e-05	1.0000000000000004e-05
1800	9.976666666666669e-06	9.955500000000007e-06	9.924066666666669e-06	9.940833333333333e-06	9.970700000000008e-06	9.946733333333336e-06	9.924533333333335e-06	9.956833333333336e-06	9.99226666666667e-06	1.0000000000000003e-05	1.0000000000000003e-05	1.0000000000000003e-05	1.0000000000000003e-05	1.0000000000000003e-05	9.991900000000003e-06	9.96516666666667e-06	9.94636666666667e-06	9.951433333333336e-06	9.956666666666669e-06
1900	9.975862068965517e-06	9.954689655172417e-06	9.920827586206897e-06	9.931068965517245e-06	9.957517241379315e-06	9.937172413793105e-06	9.919034482758623e-06	9.951620689655175e-06	9.989241379310347e-06	9.999517241379312e-06	9.986655172413796e-06	9.95193103448276e-06	9.914793103448276e-06	9.90303448275862e-06	9.9168275862069e-06	9.925827586206903e-06	9.926620689655177e-06	9.933551724137933e-06	9.93793103448276e-06
2000	1.0000000000000004e-05	1.0000000000000004e-05	1.0000000000000004e-05	1.0000000000000004e-05	1.0000000000000004e-05	1.0000000000000004e-05	1.0000000000000004e-05	1.0000000000000004e-05	1.0000000000000004e-05	1.0000000000000004e-05	1.0000000000000004e-05	1.0000000000000004e-05	1.0000000000000004e-05	1.0000000000000004e-05	1.0000000000000004e-05	1.0000000000000004e-05	1.0000000000000004e-05	1.0000000000000004e-05	1.0000000000000004e-05
2100	1.0000000000000004e-05	1.0000000000000004e-05	1.0000000000000004e-05	1.0000000000000004e-05	1.0000000000000004e-05	1.0000000000000004e-05	1.0000000000000004e-05	9.984290322580651e-06	9.921870967741939e-06	9.835161290322583e-06	9.811451612903227e-06	9.876677419354842e-06	9.932967741935487e-06	9.912677419354841e-06	9.879612903225808e-06	9.898290322580647e-06	9.950870967741938e-06	9.989677419354844e-06	1.0000000000000004e-05
2200	9.996774193548395e-06	9.996774193548395e-06	9.9965806451613e-06	9.994967741935493e-06	9.99354838709678e-06	9.99354838709678e-06	9.99354838709678e-06	9.979741935483876e-06	9.929258064516131e-06	9.86822580645161e-06	9.85709677419355e-06	9.884645161290325e-06	9.896064516129037e-06	9.880870967741936e-06	9.863322580645166e-06	9.883903225806453e-06	9.932290322580649e-06	9.954838709677424e-06	9.954838709677424e-06
2300	1.0000000000000003e-05	1.0000000000000003e-05	1.0000000000000003e-05	1.0000000000000003e-05	1.0000000000000003e-05	1.0000000000000003e-05	1.0000000000000003e-05	1.0000000000000003e-05	1.0000000000000003e-05	1.0000000000000003e-05	1.0000000000000003e-05	1.0000000000000003e-05	1.0000000000000003e-05	1.0000000000000003e-05	1.0000000000000003e-05	1.0000000000000003e-05	1.0000000000000003e-05	1.0000000000000003e-05	1.0000000000000003e-05
2400	9.990000000000006e-06	9.992600000000007e-06	9.992900000000006e-06	9.965500000000005e-06	9.923266666666669e-06	9.921933333333336e-06	9.956933333333336e-06	9.979733333333335e-06	9.983566666666674e-06	9.989500000000007e-06	9.99756666666667e-06	9.999966666666669e-06	1.0000000000000003e-05	1.0000000000000003e-05	1.0000000000000003e-05	1.0000000000000003e-05	9.995733333333335e-06	9.982400000000005e-06	9.973333333333338e-06
2500	9.92e-06	9.923000000000001e-06	9.911300000000003e-06	9.868966666666672e-06	9.869233333333334e-06	9.924900000000004e-06	9.931900000000006e-06	9.893900000000002e-06	9.891300000000001e-06	9.937600000000003e-06	9.983266666666668e-06	9.998633333333338e-06	1.0000000000000003e-05	1.0000000000000003e-05	1.0000000000000003e-05	1.0000000000000003e-05	1.0000000000000003e-05	1.0000000000000003e-05	1.0000000000000003e-05
2600	1.0000000000000004e-05	1.0000000000000004e-05	9.999909090909092e-06	9.998393939393941e-06	9.995727272727276e-06	9.995727272727272e-06	9.998303030303034e-06	9.999818181818185e-06	1.0000000000000004e-05	1.0000000000000004e-05	1.0000000000000004e-05	9.991515151515158e-06	9.934727272727277e-06	9.855545454545461e-06	9.819909090909095e-06	9.837484848484853e-06	9.904000000000007e-06	9.955909090909099e-06	9.963636363636373e-06
2700	9.996969696969698e-06	9.996969696969698e-06	9.996969696969698e-06	9.996969696969698e-06	9.997787878787883e-06	9.999303030303033e-06	1.0000000000000004e-05	1.0000000000000004e-05	1.0000000000000004e-05	1.0000000000000004e-05	1.0000000000000004e-05	1.0000000000000004e-05	1.0000000000000004e-05	1.0000000000000004e-05	1.0000000000000004e-05	1.0000000000000004e-05	1.0000000000000004e-05	1.0000000000000004e-05	1.0000000000000004e-05
2800	1.0000000000000003e-05	1.0000000000000003e-05	1.0000000000000003e-05	1.0000000000000003e-05	1.0000000000000003e-05	1.0000000000000003e-05	1.0000000000000003e-05	1.0000000000000003e-05	1.0000000000000003e-05	1.0000000000000003e-05	1.0000000000000003e-05	1.0000000000000003e-05	1.0000000000000003e-05	1.0000000000000003e-05	1.0000000000000003e-05	1.0000000000000003e-05	1.0000000000000003e-05	1.0000000000000003e-05	1.0000000000000003e-05
2900	9.917241379310347e-06	9.918827586206901e-06	9.922275862068971e-06	9.94027586206897e-06	9.969724137931038e-06	9.988379310344828e-06	9.995551724137935e-06	9.998689655172415e-06	1.0000000000000003e-05	9.992172413793109e-06	9.968241379310345e-06	9.947689655172415e-06	9.959344827586208e-06	9.987724137931036e-06	1.0000000000000003e-05	1.0000000000000003e-05	1.0000000000000003e-05	1.0000000000000003e-05	1.0000000000000003e-05
3000	9.835483870967743e-06	9.821645161290327e-06	9.775870967741937e-06	9.724548387096774e-06	9.754290322580646e-06	9.878483870967744e-06	9.97677419354839e-06	9.998516129032269e-06	9.996419354838719e-06	9.996161290322588e-06	9.997129032258071e-06	9.998870967741939e-06	1.0000000000000004e-05	9.998032258064519e-06	9.974548387096776e-06	9.928967741935485e-06	9.902451612903225e-06	9.9e-06	9.9e-06
3100	9.865625000000001e-06	9.850281250000002e-06	9.7939375e-06	9.738281250000002e-06	9.7678125e-06	9.872812500000002e-06	9.966750000000004e-06	9.999937500000005e-06	9.998437500000005e-06	9.996687500000005e-06	9.996687500000005e-06	9.995000000000007e-06	9.993437500000006e-06	9.995812500000006e-06	9.998937500000003e-06	9.994968750000005e-06	9.963562500000006e-06	9.924843750000003e-06	9.912500000000004e-06
3200	9.910000000000003e-06	9.893033333333335e-06	9.83076666666667e-06	9.782666666666667e-06	9.83286666666667e-06	9.907066666666674e-06	9.896700000000003e-06	9.828366666666669e-06	9.775033333333336e-06	9.802566666666668e-06	9.916533333333337e-06	9.993200000000001e-06	1.0000000000000003e-05	1.0000000000000003e-05	1.0000000000000003e-05	9.995500000000003e-06	9.965300000000004e-06	9.933133333333337e-06	9.92666666666667e-06
3300	9.903333333333336e-06	9.873033333333335e-06	9.790700000000001e-06	9.718966666666668e-06	9.7549e-06	9.858100000000001e-06	9.867733333333336e-06	9.7618e-06	9.694633333333334e-06	9.7812e-06	9.919033333333334e-06	9.982233333333341e-06	9.995800000000003e-06	9.999133333333337e-06	1.0000000000000003e-05	9.995533333333336e-06	9.97096666666667e-06	9.937100000000005e-06	9.923333333333337e-06
3400	9.821875000000002e-06	9.810624999999999e-06	9.775531250000004e-06	9.753218750000005e-06	9.805593750000004e-06	9.869437500000003e-06	9.640125000000003e-06	9.24728125e-06	9.310031250000001e-06	9.693812500000003e-06	9.895937500000007e-06	9.931281250000005e-06	9.953000000000004e-06	9.984343750000005e-06	9.998843750000005e-06	9.995250000000007e-06	9.970468750000003e-06	9.939281250000004e-06	9.928125000000004e-06
3500	9.832258064516136e-06	9.828032258064522e-06	9.820935483870973e-06	9.822161290322586e-06	9.856483870967745e-06	9.901483870967747e-06	9.789645161290328e-06	9.567483870967747e-06	9.572935483870971e-06	9.753354838709683e-06	9.84912903225807e-06	9.897258064516136e-06	9.924032258064521e-06	9.909451612903232e-06	9.923548387096778e-06	9.97006451612904e-06	9.98503225806452e-06	9.969225806451618e-06	9.96129032258065e-06
3600	9.840625000000002e-06	9.853968750000004e-06	9.901812500000002e-06	9.960687500000005e-06	9.987437500000005e-06	9.992906250000004e-06	9.996437500000004e-06	9.997562500000006e-06	9.999125000000004e-06	1.0000000000000004e-05	1.0000000000000004e-05	1.0000000000000004e-05	1.0000000000000004e-05	1.0000000000000004e-05	1.0000000000000004e-05	1.0000000000000004e-05	1.0000000000000004e-05	1.0000000000000004e-05	1.0000000000000004e-05
3700	9.863333333333333e-06	9.867199999999998e-06	9.909133333333335e-06	9.971533333333338e-06	9.99626666666667e-06	9.97166666666667e-06	9.892366666666669e-06	9.813266666666668e-06	9.803800000000001e-06	9.80496666666667e-06	9.75636666666667e-06	9.71506666666667e-06	9.705933333333335e-06	9.708233333333333e-06	9.773400000000002e-06	9.893233333333337e-06	9.921600000000003e-06	9.855366666666674e-06	9.820000000000006e-06
3800	9.83636363636364e-06	9.850424242424249e-06	9.909090909090915e-06	9.975515151515155e-06	9.997121212121216e-06	9.966878787878793e-06	9.881181818181824e-06	9.810515151515158e-06	9.814878787878792e-06	9.808545454545458e-06	9.742393939393941e-06	9.70266666666667e-06	9.710272727272728e-06	9.754242424242427e-06	9.860818181818187e-06	9.958333333333338e-06	9.965363636363642e-06	9.93278787878788e-06	9.921212121212123e-06
3900	9.846666666666668e-06	9.855566666666668e-06	9.901666666666667e-06	9.964633333333338e-06	9.968933333333339e-06	9.90136666666667e-06	9.821366666666667e-06	9.778100000000002e-06	9.794033333333333e-06	9.839833333333337e-06	9.861766666666671e-06	9.880600000000005e-06	9.89786666666667e-06	9.907000000000004e-06	9.945533333333338e-06	9.984800000000006e-06	9.982733333333337e-06	9.967000000000003e-06	9.963333333333335e-06
4000	9.838709677419356e-06	9.851225806451614e-06	9.909451612903232e-06	9.965451612903231e-06	9.94629032258065e-06	9.882774193548389e-06	9.817064516129034e-06	9.783870967741938e-06	9.80567741935484e-06	9.848290322580647e-06	9.883548387096778e-06	9.925064516129032e-06	9.958870967741944e-06	9.967451612903234e-06	9.983548387096777e-06	9.998580645161297e-06	9.989709677419361e-06	9.98112903225807e-06	9.980645161290329e-06
4100	9.84516129032258e-06	9.851677419354841e-06	9.90267741935484e-06	9.961354838709683e-06	9.92867741935484e-06	9.824903225806452e-06	9.749258064516128e-06	9.755903225806454e-06	9.813e-06	9.859483870967741e-06	9.890806451612907e-06	9.9281935483871e-06	9.969741935483874e-06	9.995225806451616e-06	1.0000000000000004e-05	9.988709677419363e-06	9.928387096774194e-06	9.859032258064516e-06	9.838709677419354e-06
4200	9.730000000000002e-06	9.758433333333336e-06	9.866200000000004e-06	9.97226666666667e-06	9.999033333333337e-06	9.99713333333334e-06	9.993300000000005e-06	9.993100000000006e-06	9.997166666666668e-06	9.99976666666667e-06	1.0000000000000003e-05	1.0000000000000003e-05	1.0000000000000003e-05	1.0000000000000003e-05	1.0000000000000003e-05	1.0000000000000003e-05	1.0000000000000003e-05	1.0000000000000003e-05	1.0000000000000003e-05
4300	9.761290322580646e-06	9.763967741935486e-06	9.823387096774198e-06	9.93561290322581e-06	9.995548387096778e-06	1.0000000000000004e-05	1.0000000000000004e-05	1.0000000000000004e-05	1.0000000000000004e-05	1.0000000000000004e-05	1.0000000000000004e-05	1.0000000000000004e-05	1.0000000000000004e-05	9.999935483870972e-06	9.986774193548392e-06	9.955677419354844e-06	9.943322580645165e-06	9.948677419354842e-06	9.948387096774198e-06
4400	9.719999999999997e-06	9.736366666666669e-06	9.825000000000002e-06	9.920800000000005e-06	9.90056666666667e-06	9.859600000000001e-06	9.900333333333336e-06	9.937700000000003e-06	9.93206666666667e-06	9.94786666666667e-06	9.983333333333337e-06	9.984600000000008e-06	9.947533333333334e-06	9.929466666666667e-06	9.940700000000003e-06	9.932366666666667e-06	9.925533333333333e-06	9.934633333333331e-06	9.936666666666666e-06
4500	1.0000000000000004e-05	1.0000000000000004e-05	1.0000000000000004e-05	1.0000000000000004e-05	9.989870967741939e-06	9.954322580645165e-06	9.9261935483871e-06	9.944645161290326e-06	9.958258064516136e-06	9.933806451612907e-06	9.934709677419361e-06	9.973677419354843e-06	9.997419354838712e-06	1.0000000000000004e-05	1.0000000000000004e-05	1.0000000000000004e-05	1.0000000000000004e-05	1.0000000000000004e-05	1.0000000000000004e-05
4600	8.975000000000005e-06	9.024843750000003e-06	9.490062500000007e-06	9.931000000000007e-06	9.914187500000005e-06	9.83903125e-06	9.816156250000003e-06	9.848562500000003e-06	9.872187500000003e-06	9.862843750000003e-06	9.884218750000004e-06	9.935437500000006e-06	9.903468750000007e-06	9.828406250000003e-06	9.862625000000005e-06	9.956500000000005e-06	9.993625000000005e-06	9.986468750000008e-06	9.978125000000007e-06
4700	9.910000000000003e-06	9.909700000000003e-06	9.912566666666667e-06	9.940433333333336e-06	9.982233333333338e-06	9.997700000000006e-06	9.99413333333334e-06	9.993066666666676e-06	9.995866666666672e-06	9.998900000000002e-06	9.999500000000003e-06	9.974200000000005e-06	9.901466666666672e-06	9.833433333333333e-06	9.837866666666668e-06	9.882566666666667e-06	9.90636666666667e-06	9.910000000000003e-06	9.910000000000003e-06
4800	9.89666666666667e-06	9.89666666666667e-06	9.898466666666667e-06	9.91676666666667e-06	9.931133333333336e-06	9.888433333333337e-06	9.82256666666667e-06	9.831733333333336e-06	9.90496666666667e-06	9.901600000000005e-06	9.81236666666667e-06	9.810433333333334e-06	9.91586666666667e-06	9.981766666666672e-06	9.966333333333337e-06	9.927733333333335e-06	9.903433333333334e-06	9.88833333333334e-06	9.880000000000004e-06
4900	9.903225806451614e-06	9.90267741935484e-06	9.9023870967742e-06	9.918064516129036e-06	9.930387096774195e-06	9.866451612903229e-06	9.767870967741939e-06	9.780451612903227e-06	9.885322580645165e-06	9.899193548387102e-06	9.804612903225808e-06	9.794387096774195e-06	9.892096774193552e-06	9.932064516129038e-06	9.891903225806454e-06	9.871870967741934e-06	9.88725806451613e-06	9.885387096774195e-06	9.874193548387096e-06
5000	9.906060606060612e-06	9.906060606060612e-06	9.906333333333339e-06	9.923484848484852e-06	9.938363636363642e-06	9.863575757575763e-06	9.740606060606066e-06	9.749636363636366e-06	9.871090909090913e-06	9.895484848484853e-06	9.810000000000003e-06	9.802818181818185e-06	9.89087878787879e-06	9.927454545454548e-06	9.898515151515156e-06	9.886121212121215e-06	9.897515151515157e-06	9.89715151515152e-06	9.890909090909095e-06
5100	9.906250000000002e-06	9.906250000000002e-06	9.908156250000003e-06	9.928031250000004e-06	9.940468750000005e-06	9.874468750000003e-06	9.779718750000004e-06	9.763500000000002e-06	9.813687500000003e-06	9.823406250000005e-06	9.773937500000002e-06	9.791531250000002e-06	9.876812500000006e-06	9.919312500000004e-06	9.912156250000005e-06	9.905187500000004e-06	9.909968750000003e-06	9.903218750000005e-06	9.893750000000005e-06
5200	1.0000000000000003e-05	1.0000000000000003e-05	1.0000000000000003e-05	1.0000000000000003e-05	1.0000000000000003e-05	9.997300000000002e-06	9.97343333333334e-06	9.931633333333337e-06	9.92866666666667e-06	9.951000000000003e-06	9.928700000000004e-06	9.910100000000004e-06	9.933533333333334e-06	9.92546666666667e-06	9.88896666666667e-06	9.8925e-06	9.935700000000002e-06	9.974333333333337e-06	9.98666666666667e-06
5300	1.0000000000000004e-05	1.0000000000000004e-05	1.0000000000000004e-05	1.0000000000000004e-05	1.0000000000000004e-05	1.0000000000000004e-05	1.0000000000000004e-05	1.0000000000000004e-05	1.0000000000000004e-05	1.0000000000000004e-05	9.999419354838717e-06	9.997806451612911e-06	9.997354838709684e-06	9.998967741935488e-06	1.0000000000000004e-05	1.0000000000000004e-05	9.999419354838717e-06	9.997806451612911e-06	9.996774193548395e-06
5400	1.0000000000000004e-05	1.0000000000000004e-05	1.0000000000000004e-05	9.998656250000003e-06	9.975968750000005e-06	9.932250000000003e-06	9.927625000000003e-06	9.969093750000005e-06	9.996406250000004e-06	1.0000000000000004e-05	9.986687500000006e-06	9.948312500000005e-06	9.924937500000006e-06	9.951687500000002e-06	9.987781250000005e-06	9.994593750000004e-06	9.967812500000006e-06	9.935125000000008e-06	9.925000000000007e-06
5500	9.996875000000004e-06	9.996875000000004e-06	9.996718750000003e-06	9.995375000000004e-06	9.977187500000006e-06	9.938656250000004e-06	9.931375000000005e-06	9.968718750000005e-06	9.995906250000004e-06	1.0000000000000004e-05	9.986781250000004e-06	9.948187500000005e-06	9.924625000000003e-06	9.951812500000004e-06	9.988593750000004e-06	9.999093750000007e-06	9.966406250000004e-06	9.904812500000005e-06	9.875000000000003e-06
5600	1.0000000000000003e-05	1.0000000000000003e-05	1.0000000000000003e-05	9.998103448275865e-06	9.977655172413795e-06	9.943103448275865e-06	9.939172413793106e-06	9.969137931034484e-06	9.993e-06	9.983379310344833e-06	9.943793103448278e-06	9.93093103448276e-06	9.953275862068966e-06	9.94937931034483e-06	9.935862068965518e-06	9.947448275862072e-06	9.932655172413794e-06	9.893586206896552e-06	9.879310344827585e-06
5700	1.0000000000000004e-05	1.0000000000000004e-05	1.0000000000000004e-05	9.998258064516135e-06	9.974516129032264e-06	9.934516129032264e-06	9.932000000000002e-06	9.967225806451617e-06	9.992290322580653e-06	9.978161290322583e-06	9.928935483870971e-06	9.913451612903227e-06	9.94429032258065e-06	9.945709677419358e-06	9.933258064516132e-06	9.94745161290323e-06	9.935483870967747e-06	9.896322580645164e-06	9.880645161290326e-06
5800	9.996969696969698e-06	9.996969696969698e-06	9.997090909090913e-06	9.998212121212127e-06	9.984030303030308e-06	9.942212121212125e-06	9.923363636363642e-06	9.957424242424248e-06	9.970000000000004e-06	9.905030303030307e-06	9.831030303030306e-06	9.82775757575758e-06	9.869666666666671e-06	9.897363636363642e-06	9.915363636363641e-06	9.955454545454551e-06	9.991393939393943e-06	1.0000000000000004e-05	1.0000000000000004e-05
5900	9.842424242424246e-06	9.829242424242425e-06	9.8359696969697e-06	9.888818181818184e-06	9.900393939393943e-06	9.865696969696972e-06	9.88745454545455e-06	9.954181818181823e-06	9.971696969696974e-06	9.913696969696974e-06	9.828969696969699e-06	9.774424242424245e-06	9.79106060606061e-06	9.851666666666673e-06	9.892818181818184e-06	9.913696969696976e-06	9.918606060606065e-06	9.899181818181824e-06	9.88484848484849e-06
6000	9.831034482758616e-06	9.819137931034482e-06	9.83893103448276e-06	9.901724137931038e-06	9.898827586206898e-06	9.825275862068968e-06	9.813137931034486e-06	9.894896551724143e-06	9.948793103448279e-06	9.88451724137931e-06	9.750827586206895e-06	9.674827586206896e-06	9.725758620689656e-06	9.835862068965519e-06	9.919724137931038e-06	9.968034482758624e-06	9.9758275862069e-06	9.941689655172416e-06	9.917241379310347e-06
6100	9.812903225806453e-06	9.784903225806454e-06	9.739387096774193e-06	9.753516129032257e-06	9.793387096774195e-06	9.788290322580646e-06	9.797580645161292e-06	9.886387096774199e-06	9.975935483870972e-06	9.999645161290326e-06	1.0000000000000004e-05	1.0000000000000004e-05	9.997677419354848e-06	9.985806451612907e-06	9.974322580645167e-06	9.981935483870974e-06	9.995258064516134e-06	9.996290322580655e-06	9.99354838709678e-06
6200	9.938709677419356e-06	9.923838709677424e-06	9.857774193548388e-06	9.806193548387101e-06	9.82535483870968e-06	9.838870967741938e-06	9.84977419354839e-06	9.900419354838713e-06	9.916516129032264e-06	9.883064516129035e-06	9.845225806451616e-06	9.820677419354843e-06	9.862516129032262e-06	9.921193548387099e-06	9.934387096774196e-06	9.920387096774197e-06	9.838064516129036e-06	9.742387096774196e-06	9.716129032258067e-06
6300	9.983870967741943e-06	9.982225806451616e-06	9.951677419354842e-06	9.906032258064519e-06	9.888741935483876e-06	9.868354838709679e-06	9.84761290322581e-06	9.88945161290323e-06	9.96300000000001e-06	9.973741935483874e-06	9.903161290322586e-06	9.843387096774196e-06	9.858419354838711e-06	9.889741935483873e-06	9.911645161290326e-06	9.921548387096775e-06	9.848419354838711e-06	9.736903225806454e-06	9.693548387096775e-06
6400	9.96896551724138e-06	9.961758620689659e-06	9.906655172413797e-06	9.85248275862069e-06	9.859241379310347e-06	9.849034482758625e-06	9.831551724137935e-06	9.885206896551728e-06	9.961620689655177e-06	9.969000000000006e-06	9.891034482758622e-06	9.813551724137933e-06	9.80648275862069e-06	9.836034482758622e-06	9.887448275862067e-06	9.933758620689662e-06	9.928620689655172e-06	9.913206896551723e-06	9.913793103448275e-06
6500	9.890322580645166e-06	9.900806451612907e-06	9.930838709677423e-06	9.963612903225811e-06	9.981064516129038e-06	9.986193548387106e-06	9.985903225806458e-06	9.985903225806458e-06	9.989000000000007e-06	9.992225806451621e-06	9.996290322580648e-06	9.999516129032263e-06	9.99632258064517e-06	9.989516129032265e-06	9.98880645161291e-06	9.994354838709684e-06	9.998741935483873e-06	1.0000000000000004e-05	1.0000000000000004e-05
6600	9.83666666666667e-06	9.859666666666668e-06	9.92556666666667e-06	9.98336666666667e-06	9.999133333333337e-06	1.0000000000000003e-05	1.0000000000000003e-05	1.0000000000000003e-05	1.0000000000000003e-05	1.0000000000000003e-05	1.0000000000000003e-05	1.0000000000000003e-05	1.0000000000000003e-05	9.998033333333338e-06	9.994700000000008e-06	9.995300000000004e-06	9.998633333333338e-06	1.0000000000000003e-05	1.0000000000000003e-05
6700	9.84516129032258e-06	9.869774193548391e-06	9.923483870967746e-06	9.944258064516134e-06	9.920419354838711e-06	9.92954838709678e-06	9.97487096774194e-06	9.997774193548392e-06	9.998677419354848e-06	9.997064516129041e-06	9.997903225806456e-06	9.994225806451622e-06	9.984193548387102e-06	9.97896774193549e-06	9.978516129032264e-06	9.975258064516132e-06	9.970096774193549e-06	9.967741935483871e-06	9.967741935483871e-06
6800	9.98125e-06	9.979062500000005e-06	9.949375000000003e-06	9.91134375e-06	9.906937500000004e-06	9.890656250000002e-06	9.846687500000004e-06	9.838156250000002e-06	9.879718750000003e-06	9.935656250000002e-06	9.977531250000004e-06	9.984437500000007e-06	9.962375000000006e-06	9.952687500000006e-06	9.973281250000005e-06	9.994468750000002e-06	9.997093750000004e-06	9.992468750000003e-06	9.990625000000004e-06
6900	9.978125000000007e-06	9.968343750000007e-06	9.929281250000005e-06	9.880906250000001e-06	9.852093750000003e-06	9.820593750000002e-06	9.775125000000004e-06	9.767312500000001e-06	9.827437500000001e-06	9.912781250000005e-06	9.975093750000007e-06	9.990656250000004e-06	9.967406250000006e-06	9.949593750000003e-06	9.965687500000006e-06	9.975218750000005e-06	9.938156250000005e-06	9.902375000000004e-06	9.896875000000003e-06
7000	9.951724137931039e-06	9.954344827586207e-06	9.955275862068966e-06	9.949724137931038e-06	9.945586206896558e-06	9.938310344827587e-06	9.920137931034483e-06	9.904965517241384e-06	9.915620689655176e-06	9.955965517241383e-06	9.989172413793104e-06	9.992275862068972e-06	9.981241379310348e-06	9.971793103448277e-06	9.973034482758626e-06	9.978724137931037e-06	9.972689655172416e-06	9.9618275862069e-06	9.958620689655177e-06
7100	1.0000000000000004e-05	1.0000000000000004e-05	1.0000000000000004e-05	9.999031250000008e-06	9.969312500000007e-06	9.874562500000003e-06	9.742593750000002e-06	9.68665625e-06	9.76375e-06	9.882500000000004e-06	9.961500000000003e-06	9.975375000000008e-06	9.896375000000002e-06	9.803125000000003e-06	9.831312500000004e-06	9.915718750000005e-06	9.906812500000002e-06	9.855e-06	9.840625000000002e-06
7200	1.0000000000000004e-05	1.0000000000000004e-05	1.0000000000000004e-05	9.999096774193555e-06	9.97829032258065e-06	9.903451612903227e-06	9.785290322580648e-06	9.722129032258066e-06	9.771709677419358e-06	9.874548387096779e-06	9.961387096774199e-06	9.974064516129035e-06	9.895000000000004e-06	9.82587096774194e-06	9.862580645161292e-06	9.938967741935488e-06	9.972806451612906e-06	9.971193548387099e-06	9.96451612903226e-06
7300	1.0000000000000004e-05	1.0000000000000004e-05	1.0000000000000004e-05	1.0000000000000004e-05	1.0000000000000004e-05	1.0000000000000004e-05	1.0000000000000004e-05	1.0000000000000004e-05	1.0000000000000004e-05	1.0000000000000004e-05	1.0000000000000004e-05	1.0000000000000004e-05	1.0000000000000004e-05	1.0000000000000004e-05	9.99954838709678e-06	9.97590322580646e-06	9.870290322580647e-06	9.766516129032258e-06	9.74516129032258e-06
7400	1.0000000000000004e-05	1.0000000000000004e-05	1.0000000000000004e-05	1.0000000000000004e-05	1.0000000000000004e-05	1.0000000000000004e-05	1.0000000000000004e-05	9.999741935483877e-06	9.996032258064525e-06	9.989967741935492e-06	9.984258064516137e-06	9.978516129032264e-06	9.981709677419361e-06	9.993064516129038e-06	9.999161290322585e-06	9.98451612903226e-06	9.89506451612904e-06	9.794290322580651e-06	9.767741935483875e-06
7500	1.0000000000000004e-05	1.0000000000000004e-05	1.0000000000000004e-05	1.0000000000000004e-05	1.0000000000000004e-05	1.0000000000000004e-05	1.0000000000000004e-05	9.998060606060612e-06	9.99351515151516e-06	9.992848484848491e-06	9.997393939393943e-06	1.0000000000000004e-05	1.0000000000000004e-05	1.0000000000000004e-05	1.0000000000000004e-05	9.995303030303035e-06	9.983181818181822e-06	9.975757575757579e-06	9.975757575757579e-06
7600	1.0000000000000004e-05	1.0000000000000004e-05	9.998906250000004e-06	9.991906250000006e-06	9.970406250000006e-06	9.937468750000004e-06	9.932187500000004e-06	9.967500000000007e-06	9.995375000000004e-06	9.999031250000004e-06	9.982343750000006e-06	9.945281250000005e-06	9.933343750000005e-06	9.965062500000006e-06	9.991750000000003e-06	9.969125000000004e-06	9.884375000000006e-06	9.800812500000004e-06	9.775000000000002e-06
7700	9.99354838709678e-06	9.994516129032265e-06	9.997000000000004e-06	9.999258064516132e-06	1.0000000000000004e-05	1.0000000000000004e-05	9.999258064516136e-06	9.997645161290332e-06	9.997516129032263e-06	9.999129032258067e-06	1.0000000000000004e-05	1.0000000000000004e-05	1.0000000000000004e-05	9.999032258064525e-06	9.99580645161291e-06	9.992903225806462e-06	9.994516129032264e-06	9.998387096774197e-06	1.0000000000000004e-05
7800	1.0000000000000003e-05	1.0000000000000003e-05	1.0000000000000003e-05	1.0000000000000003e-05	1.0000000000000003e-05	1.0000000000000003e-05	1.0000000000000003e-05	1.0000000000000003e-05	1.0000000000000003e-05	1.0000000000000003e-05	9.998241379310347e-06	9.990724137931036e-06	9.982724137931039e-06	9.985689655172417e-06	9.99489655172414e-06	9.991137931034487e-06	9.960344827586208e-06	9.927275862068967e-06	9.917241379310347e-06
7900	9.997058823529419e-06	9.998411764705892e-06	9.999882352941187e-06	1.000000000000001e-05	1.000000000000001e-05	1.000000000000001e-05	1.000000000000001e-05	9.99905882352942e-06	9.995294117647067e-06	9.991294117647065e-06	9.992941176470596e-06	9.993735294117655e-06	9.979000000000007e-06	9.958794117647066e-06	9.951147058823537e-06	9.929676470588238e-06	9.87002941176471e-06	9.815852941176476e-06	9.800000000000006e-06
8000	9.903333333333336e-06	9.912933333333335e-06	9.951466666666671e-06	9.98966666666667e-06	9.99946666666667e-06	1.0000000000000003e-05	9.999733333333337e-06	9.984533333333336e-06	9.938300000000004e-06	9.900166666666672e-06	9.892900000000003e-06	9.892900000000005e-06	9.892966666666672e-06	9.889700000000003e-06	9.866333333333334e-06	9.799233333333336e-06	9.568200000000001e-06	9.293566666666669e-06	9.203333333333334e-06
8100	9.809090909090913e-06	9.829818181818186e-06	9.905030303030309e-06	9.979212121212124e-06	9.99945454545455e-06	1.0000000000000004e-05	9.999666666666668e-06	9.983787878787886e-06	9.937909090909098e-06	9.887454545454548e-06	9.849787878787883e-06	9.834818181818186e-06	9.838696969696972e-06	9.823848484848486e-06	9.787060606060607e-06	9.743878787878792e-06	9.42806060606061e-06	8.929515151515157e-06	8.72424242424243e-06
8200	9.812903225806453e-06	9.830580645161292e-06	9.903096774193553e-06	9.978741935483875e-06	9.99977419354839e-06	1.0000000000000004e-05	9.999774193548393e-06	9.983096774193555e-06	9.931741935483876e-06	9.861741935483873e-06	9.802064516129035e-06	9.792129032258066e-06	9.801354838709681e-06	9.764161290322581e-06	9.716612903225806e-06	9.685225806451614e-06	9.531161290322585e-06	9.306032258064521e-06	9.219354838709682e-06
8300	9.812903225806453e-06	9.829096774193551e-06	9.897870967741939e-06	9.97503225806452e-06	9.999806451612906e-06	1.0000000000000004e-05	1.0000000000000004e-05	9.988967741935486e-06	9.929516129032263e-06	9.828806451612907e-06	9.770290322580646e-06	9.792129032258067e-06	9.805064516129037e-06	9.756129032258066e-06	9.719225806451614e-06	9.709032258064519e-06	9.655838709677421e-06	9.595193548387099e-06	9.580645161290326e-06
8400	9.910000000000003e-06	9.897533333333335e-06	9.8566e-06	9.826433333333336e-06	9.867e-06	9.947200000000005e-06	9.98890000000001e-06	9.982100000000007e-06	9.906266666666669e-06	9.753199999999998e-06	9.670866666666667e-06	9.73226666666667e-06	9.780133333333337e-06	9.726033333333335e-06	9.677099999999998e-06	9.674766666666662e-06	9.303566666666668e-06	8.597566666666669e-06	8.263333333333336e-06
8500	9.933333333333337e-06	9.91266666666667e-06	9.853515151515154e-06	9.790727272727279e-06	9.765606060606063e-06	9.817818181818184e-06	9.926909090909096e-06	9.976969696969702e-06	9.914121212121219e-06	9.796000000000004e-06	9.722878787878792e-06	9.752393939393944e-06	9.794878787878794e-06	9.755212121212126e-06	9.627606060606065e-06	8.540424242424248e-06	6.5645151515151544e-06	5.56418181818182e-06	5.539393939393941e-06
8600	9.927586206896555e-06	9.922827586206898e-06	9.934172413793105e-06	9.970241379310348e-06	9.995103448275865e-06	1.0000000000000003e-05	1.0000000000000003e-05	1.0000000000000003e-05	1.0000000000000003e-05	1.0000000000000003e-05	1.0000000000000003e-05	1.0000000000000003e-05	1.0000000000000003e-05	9.999896551724139e-06	9.979241379310347e-06	9.935482758620689e-06	9.92679310344828e-06	9.955137931034486e-06	9.96896551724138e-06
8700	9.93793103448276e-06	9.92055172413793e-06	9.913931034482759e-06	9.95444827586207e-06	9.988103448275865e-06	9.991068965517248e-06	9.992275862068969e-06	9.996965517241381e-06	9.999758620689659e-06	1.0000000000000003e-05	9.999758620689656e-06	9.997965517241382e-06	9.973137931034484e-06	9.869206896551725e-06	9.730620689655172e-06	9.65796551724138e-06	9.677827586206896e-06	9.73896551724138e-06	9.765517241379309e-06
8800	9.98125e-06	9.981375000000002e-06	9.985187500000003e-06	9.989750000000002e-06	9.992093750000005e-06	9.995218750000003e-06	9.998406250000005e-06	9.999968750000004e-06	1.0000000000000004e-05	1.0000000000000004e-05	1.0000000000000004e-05	9.999875000000004e-06	9.998312500000003e-06	9.996500000000008e-06	9.991093750000006e-06	9.985343750000009e-06	9.986781250000004e-06	9.989781250000004e-06	9.990625000000004e-06
8900	9.946875000000003e-06	9.931625000000003e-06	9.922187500000006e-06	9.954187500000003e-06	9.971500000000004e-06	9.937375000000004e-06	9.920281250000006e-06	9.947812500000006e-06	9.975562500000009e-06	9.991531250000005e-06	9.999562500000002e-06	1.0000000000000004e-05	9.987562500000007e-06	9.947031250000005e-06	9.907218750000005e-06	9.876250000000004e-06	9.851750000000004e-06	9.854500000000002e-06	9.862500000000001e-06
9000	9.878125000000005e-06	9.879093750000003e-06	9.907937500000005e-06	9.959218750000002e-06	9.957000000000006e-06	9.895437500000008e-06	9.882812500000004e-06	9.943750000000005e-06	9.990687500000003e-06	1.0000000000000004e-05	9.998875000000005e-06	9.995750000000008e-06	9.982250000000006e-06	9.950062500000004e-06	9.915156250000007e-06	9.885656250000005e-06	9.870968750000004e-06	9.888906250000002e-06	9.906250000000002e-06
9100	9.893333333333337e-06	9.897866666666669e-06	9.919133333333338e-06	9.95453333333334e-06	9.963666666666667e-06	9.921e-06	9.890200000000002e-06	9.928533333333337e-06	9.970800000000005e-06	9.949200000000003e-06	9.888966666666671e-06	9.855400000000002e-06	9.62166666666667e-06	9.272833333333334e-06	9.378933333333334e-06	9.723133333333334e-06	9.884666666666667e-06	9.930533333333333e-06	9.936666666666666e-06
9200	9.876666666666668e-06	9.877266666666668e-06	9.89546666666667e-06	9.939066666666671e-06	9.947300000000006e-06	9.859500000000003e-06	9.780833333333336e-06	9.827300000000002e-06	9.912000000000003e-06	9.961100000000005e-06	9.986966666666674e-06	9.989500000000007e-06	9.982233333333338e-06	9.954566666666673e-06	9.917133333333335e-06	9.909833333333338e-06	9.921800000000002e-06	9.932266666666666e-06	9.936666666666666e-06
9300	9.843750000000004e-06	9.844812500000005e-06	9.880968750000004e-06	9.945500000000005e-06	9.981406250000003e-06	9.972687500000008e-06	9.959812500000005e-06	9.977312500000004e-06	9.996250000000004e-06	1.0000000000000004e-05	1.0000000000000004e-05	9.997843750000006e-06	9.984375000000002e-06	9.964031250000005e-06	9.954906250000004e-06	9.944562500000004e-06	9.905937500000004e-06	9.871593750000005e-06	9.865625000000006e-06
9400	9.948275862068969e-06	9.94137931034483e-06	9.941793103448279e-06	9.97131034482759e-06	9.996758620689658e-06	1.0000000000000003e-05	1.0000000000000003e-05	1.0000000000000003e-05	1.0000000000000003e-05	9.996000000000004e-06	9.980172413793108e-06	9.957206896551727e-06	9.957827586206898e-06	9.984724137931035e-06	9.999137931034484e-06	9.995758620689657e-06	9.99389655172414e-06	9.99734482758621e-06	1.0000000000000003e-05
9500	1.0000000000000004e-05	1.0000000000000004e-05	9.999387096774201e-06	9.982483870967747e-06	9.939935483870971e-06	9.923741935483875e-06	9.960677419354845e-06	9.993774193548392e-06	1.0000000000000004e-05	9.993548387096779e-06	9.960451612903228e-06	9.92261290322581e-06	9.90267741935484e-06	9.83935483870968e-06	9.745161290322582e-06	9.748129032258067e-06	9.797354838709681e-06	9.78587096774194e-06	9.767741935483875e-06
9600	9.973333333333338e-06	9.964600000000003e-06	9.93416666666667e-06	9.90296666666667e-06	9.894966666666668e-06	9.895233333333338e-06	9.894733333333337e-06	9.916600000000003e-06	9.963400000000004e-06	9.988666666666671e-06	9.963900000000005e-06	9.92686666666667e-06	9.907633333333338e-06	9.855100000000002e-06	9.775133333333336e-06	9.7617e-06	9.785700000000004e-06	9.7829e-06	9.776666666666666e-06
9700	9.99032258064517e-06	9.971032258064524e-06	9.921870967741939e-06	9.87935483870968e-06	9.887806451612906e-06	9.945225806451615e-06	9.990774193548392e-06	1.0000000000000004e-05	1.0000000000000004e-05	1.0000000000000004e-05	9.995709677419358e-06	9.96245161290323e-06	9.922064516129036e-06	9.938580645161295e-06	9.982225806451616e-06	9.997161290322589e-06	9.994967741935493e-06	9.99354838709678e-06	9.99354838709678e-06
9800	9.99354838709678e-06	9.979387096774198e-06	9.92551612903226e-06	9.867870967741936e-06	9.88235483870968e-06	9.949806451612908e-06	9.992419354838715e-06	1.0000000000000004e-05	9.995935483870977e-06	9.98816129032259e-06	9.984838709677422e-06	9.965645161290328e-06	9.929193548387101e-06	9.93045161290323e-06	9.947774193548393e-06	9.927387096774194e-06	9.919387096774197e-06	9.939677419354843e-06	9.948387096774198e-06
9900	1.0000000000000004e-05	1.0000000000000004e-05	1.0000000000000004e-05	1.0000000000000004e-05	1.0000000000000004e-05	1.0000000000000004e-05	1.0000000000000004e-05	1.0000000000000004e-05	1.0000000000000004e-05	1.0000000000000004e-05	1.0000000000000004e-05	1.0000000000000004e-05	1.0000000000000004e-05	1.0000000000000004e-05	1.0000000000000004e-05	9.978838709677426e-06	9.888903225806457e-06	9.785870967741936e-06	9.751612903225807e-06
10000	9.987096774193556e-06	9.989225806451618e-06	9.992548387096784e-06	9.993645161290332e-06	9.99506451612904e-06	9.996677419354847e-06	9.995258064516135e-06	9.994354838709686e-06	9.997387096774197e-06	9.997935483870973e-06	9.983903225806454e-06	9.957225806451616e-06	9.953225806451619e-06	9.980225806451616e-06	9.998354838709681e-06	9.990612903225811e-06	9.938838709677425e-06	9.870806451612906e-06	9.845161290322584e-06
