	site
generation	50	100	150	200	250	300	350	400	450	500	550	600	650	700	750	800	850	900	950
0	1.0000000000000004e-05	1.0000000000000004e-05	1.0000000000000004e-05	1.0000000000000004e-05	1.0000000000000004e-05	1.0000000000000004e-05	1.0000000000000004e-05	1.0000000000000004e-05	1.0000000000000004e-05	1.0000000000000004e-05	1.0000000000000004e-05	1.0000000000000004e-05	1.0000000000000004e-05	1.0000000000000004e-05	1.0000000000000004e-05	1.0000000000000004e-05	1.0000000000000004e-05	1.0000000000000004e-05	1.0000000000000004e-05
100	1.0000000000000003e-05	1.0000000000000003e-05	1.0000000000000003e-05	1.0000000000000003e-05	1.0000000000000003e-05	1.0000000000000003e-05	1.0000000000000003e-05	1.0000000000000003e-05	1.0000000000000003e-05	1.0000000000000003e-05	1.0000000000000003e-05	1.0000000000000003e-05	1.0000000000000003e-05	1.0000000000000003e-05	1.0000000000000003e-05	1.0000000000000003e-05	1.0000000000000003e-05	1.0000000000000003e-05	1.0000000000000003e-05
200	9.916129032258066e-06	9.932677419354843e-06	9.968064516129039e-06	9.990096774193555e-06	9.995322580645169e-06	9.998677419354842e-06	1.0000000000000004e-05	1.0000000000000004e-05	1.0000000000000004e-05	1.0000000000000004e-05	9.997870967741943e-06	9.993774193548393e-06	9.993193548387106e-06	9.996548387096779e-06	9.997354838709684e-06	9.948935483870974e-06	9.856967741935488e-06	9.809354838709677e-06	9.806451612903228e-06
300	9.905882352941179e-06	9.923088235294123e-06	9.955088235294124e-06	9.948000000000005e-06	9.923029411764712e-06	9.946147058823536e-06	9.986176470588245e-06	1.000000000000001e-05	1.000000000000001e-05	1.000000000000001e-05	1.000000000000001e-05	1.000000000000001e-05	1.000000000000001e-05	1.000000000000001e-05	9.998264705882364e-06	9.953852941176477e-06	9.867058823529419e-06	9.824705882352945e-06	9.8264705882353e-06
400	9.916129032258066e-06	9.932612903225809e-06	9.960161290322584e-06	9.948161290322583e-06	9.924000000000005e-06	9.948903225806457e-06	9.98745161290323e-06	1.0000000000000004e-05	1.0000000000000004e-05	9.997612903225816e-06	9.992774193548395e-06	9.992709677419361e-06	9.997548387096778e-06	1.0000000000000004e-05	9.997354838709686e-06	9.953096774193552e-06	9.864419354838712e-06	9.807064516129038e-06	9.79677419354839e-06
500	9.918750000000006e-06	9.935312500000007e-06	9.961562500000005e-06	9.947812500000004e-06	9.923718750000003e-06	9.949343750000005e-06	9.987812500000004e-06	9.995812500000003e-06	9.971781250000004e-06	9.934031250000006e-06	9.932093750000006e-06	9.970156250000005e-06	9.996125000000004e-06	1.0000000000000004e-05	9.998562500000004e-06	9.958875000000006e-06	9.869937500000003e-06	9.801812500000004e-06	9.784375000000004e-06
600	1.0000000000000004e-05	1.0000000000000004e-05	1.0000000000000004e-05	1.0000000000000004e-05	1.0000000000000004e-05	1.0000000000000004e-05	1.0000000000000004e-05	9.998406250000005e-06	9.955218750000007e-06	9.874250000000003e-06	9.860625000000004e-06	9.927343750000005e-06	9.984156250000004e-06	1.0000000000000004e-05	9.999625000000002e-06	9.968562500000002e-06	9.878843750000002e-06	9.80521875e-06	9.790624999999999e-06
700	1.000000000000001e-05	1.000000000000001e-05	1.000000000000001e-05	1.000000000000001e-05	1.000000000000001e-05	1.000000000000001e-05	1.000000000000001e-05	9.996294117647069e-06	9.961352941176478e-06	9.886235294117654e-06	9.85158823529412e-06	9.90141176470589e-06	9.960588235294124e-06	9.980764705882358e-06	9.970470588235298e-06	9.916411764705887e-06	9.83961764705883e-06	9.80102941176471e-06	9.797058823529416e-06
800	9.993939393939399e-06	9.993393939393942e-06	9.990575757575767e-06	9.989606060606068e-06	9.990696969696974e-06	9.989181818181823e-06	9.987878787878793e-06	9.986090909090916e-06	9.957484848484857e-06	9.885393939393944e-06	9.85775757575758e-06	9.917878787878794e-06	9.9589696969697e-06	9.957545454545458e-06	9.955060606060611e-06	9.912484848484853e-06	9.839727272727274e-06	9.794454545454549e-06	9.781818181818186e-06
900	9.820000000000001e-06	9.805800000000004e-06	9.789533333333335e-06	9.825166666666664e-06	9.892800000000001e-06	9.909866666666671e-06	9.886833333333335e-06	9.88716666666667e-06	9.905500000000002e-06	9.912500000000002e-06	9.908866666666671e-06	9.8754e-06	9.812066666666669e-06	9.759433333333337e-06	9.721866666666667e-06	9.7168e-06	9.752300000000001e-06	9.785966666666669e-06	9.796666666666669e-06
1000	9.893750000000005e-06	9.856343750000004e-06	9.800562500000003e-06	9.829218750000004e-06	9.899125000000003e-06	9.905218750000003e-06	9.879343750000005e-06	9.883281250000005e-06	9.904218750000004e-06	9.911156250000005e-06	9.912562500000003e-06	9.879531250000003e-06	9.805531250000003e-06	9.734875000000004e-06	9.699906249999999e-06	9.71884375e-06	9.753687500000002e-06	9.769281249999998e-06	9.771875000000002e-06
1100	9.819354838709682e-06	9.815806451612904e-06	9.83909677419355e-06	9.901806451612908e-06	9.923612903225806e-06	9.864193548387098e-06	9.806870967741938e-06	9.825161290322583e-06	9.880612903225809e-06	9.905709677419355e-06	9.929483870967746e-06	9.97477419354839e-06	9.99809677419355e-06	1.0000000000000004e-05	1.0000000000000004e-05	1.0000000000000004e-05	9.98690322580646e-06	9.949806451612911e-06	9.925806451612908e-06
1200	9.76969696969697e-06	9.776303030303032e-06	9.820000000000003e-06	9.899121212121216e-06	9.932696969696974e-06	9.870484848484853e-06	9.796939393939395e-06	9.808757575757577e-06	9.868666666666671e-06	9.903363636363642e-06	9.929787878787883e-06	9.972575757575763e-06	9.997666666666669e-06	1.0000000000000004e-05	1.0000000000000004e-05	9.995151515151522e-06	9.956212121212127e-06	9.886818181818184e-06	9.851515151515154e-06
1300	9.760606060606065e-06	9.76566666666667e-06	9.816000000000004e-06	9.89257575757576e-06	9.893787878787882e-06	9.816030303030309e-06	9.76848484848485e-06	9.801606060606065e-06	9.86366666666667e-06	9.900151515151522e-06	9.93472727272728e-06	9.980030303030309e-06	9.999090909090913e-06	1.0000000000000004e-05	1.0000000000000004e-05	9.995909090909097e-06	9.947606060606065e-06	9.866848484848488e-06	9.830303030303034e-06
1400	9.878787878787886e-06	9.874606060606068e-06	9.882424242424248e-06	9.915393939393946e-06	9.904696969696975e-06	9.817212121212127e-06	9.761242424242427e-06	9.802575757575761e-06	9.872333333333337e-06	9.903000000000007e-06	9.931151515151522e-06	9.97645454545455e-06	9.998000000000003e-06	1.0000000000000004e-05	1.0000000000000004e-05	9.994727272727277e-06	9.960090909090913e-06	9.907787878787885e-06	9.88484848484849e-06
1500	9.825806451612907e-06	9.820709677419358e-06	9.836096774193548e-06	9.883806451612907e-06	9.892419354838713e-06	9.817032258064519e-06	9.748096774193548e-06	9.777064516129037e-06	9.829193548387099e-06	9.84345161290323e-06	9.894548387096777e-06	9.965709677419361e-06	9.991290322580654e-06	9.994161290322587e-06	9.997387096774197e-06	1.0000000000000004e-05	1.0000000000000004e-05	1.0000000000000004e-05	1.0000000000000004e-05
1600	9.809375000000005e-06	9.809281250000005e-06	9.833750000000004e-06	9.892000000000005e-06	9.896875000000005e-06	9.812156250000004e-06	9.761125000000002e-06	9.8069375e-06	9.849625000000005e-06	9.835250000000005e-06	9.850625000000002e-06	9.901718750000003e-06	9.922062500000005e-06	9.946000000000004e-06	9.984062500000004e-06	9.999468750000003e-06	1.0000000000000004e-05	1.0000000000000004e-05	1.0000000000000004e-05
1700	9.806250000000001e-06	9.791375000000002e-06	9.774062500000004e-06	9.8188125e-06	9.87021875e-06	9.815468750000002e-06	9.749500000000002e-06	9.792750000000004e-06	9.853843750000003e-06	9.847406250000004e-06	9.855218750000003e-06	9.898468750000003e-06	9.914625000000003e-06	9.937500000000004e-06	9.980468750000005e-06	9.993593750000005e-06	9.971781250000004e-06	9.943093750000003e-06	9.931250000000003e-06
1800	9.973333333333338e-06	9.965133333333337e-06	9.928800000000002e-06	9.892533333333336e-06	9.837633333333332e-06	9.7543e-06	9.7347e-06	9.794033333333337e-06	9.843033333333337e-06	9.836666666666667e-06	9.866600000000001e-06	9.923666666666671e-06	9.925566666666669e-06	9.932833333333336e-06	9.973733333333338e-06	9.993400000000008e-06	9.990966666666671e-06	9.991800000000008e-06	9.99333333333334e-06
1900	9.88387096774194e-06	9.87761290322581e-06	9.85903225806452e-06	9.85929032258065e-06	9.853096774193551e-06	9.778290322580648e-06	9.733645161290326e-06	9.798387096774197e-06	9.86087096774194e-06	9.859870967741937e-06	9.879129032258067e-06	9.919000000000003e-06	9.923290322580648e-06	9.940419354838716e-06	9.971000000000005e-06	9.9615806451613e-06	9.933322580645165e-06	9.91893548387097e-06	9.916129032258066e-06
2000	9.883333333333334e-06	9.888066666666673e-06	9.895866666666671e-06	9.913266666666672e-06	9.899533333333336e-06	9.814000000000001e-06	9.754800000000002e-06	9.800433333333337e-06	9.85563333333334e-06	9.840133333333336e-06	9.849933333333334e-06	9.905500000000002e-06	9.92386666666667e-06	9.938333333333336e-06	9.944033333333333e-06	9.89206666666667e-06	9.863933333333337e-06	9.894133333333336e-06	9.913333333333337e-06
2100	9.883333333333334e-06	9.887833333333339e-06	9.897433333333338e-06	9.926366666666669e-06	9.922900000000003e-06	9.814433333333332e-06	9.739633333333334e-06	9.805866666666669e-06	9.864733333333337e-06	9.833833333333337e-06	9.82576666666667e-06	9.877233333333333e-06	9.91206666666667e-06	9.944866666666669e-06	9.957633333333336e-06	9.886466666666671e-06	9.8255e-06	9.838766666666666e-06	9.856666666666667e-06
2200	9.855172413793101e-06	9.868241379310348e-06	9.88006896551724e-06	9.872310344827585e-06	9.844724137931035e-06	9.777793103448277e-06	9.733551724137928e-06	9.789862068965518e-06	9.855724137931033e-06	9.843551724137934e-06	9.84255172413793e-06	9.889137931034485e-06	9.911068965517242e-06	9.935103448275866e-06	9.978586206896555e-06	9.994137931034483e-06	9.992827586206897e-06	9.993103448275862e-06	9.993103448275862e-06
2300	9.890625000000002e-06	9.892562500000005e-06	9.884000000000002e-06	9.857312500000004e-06	9.822656250000005e-06	9.774781250000004e-06	9.754625000000001e-06	9.81534375e-06	9.870375000000005e-06	9.848937500000002e-06	9.848218750000003e-06	9.893843750000005e-06	9.916656250000005e-06	9.944531250000003e-06	9.984468750000005e-06	9.990031250000008e-06	9.98009375000001e-06	9.978125000000007e-06	9.978125000000007e-06
2400	9.855172413793101e-06	9.845517241379312e-06	9.812275862068965e-06	9.77555172413793e-06	9.629448275862069e-06	9.38396551724138e-06	9.404620689655174e-06	9.683172413793102e-06	9.840482758620693e-06	9.841137931034483e-06	9.857241379310347e-06	9.900896551724139e-06	9.919793103448278e-06	9.944793103448279e-06	9.981793103448277e-06	9.990931034482763e-06	9.984103448275868e-06	9.982758620689659e-06	9.982758620689659e-06
2500	9.887096774193553e-06	9.867451612903231e-06	9.811645161290326e-06	9.765290322580647e-06	9.711e-06	9.623064516129033e-06	9.631548387096778e-06	9.769129032258068e-06	9.865225806451616e-06	9.850096774193552e-06	9.82925806451613e-06	9.844677419354841e-06	9.868000000000003e-06	9.920612903225808e-06	9.97987096774194e-06	9.99977419354839e-06	1.0000000000000004e-05	1.0000000000000004e-05	1.0000000000000004e-05
2600	9.98666666666667e-06	9.99136666666667e-06	9.998033333333337e-06	9.994900000000001e-06	9.95153333333334e-06	9.827766666666668e-06	9.735333333333331e-06	9.79256666666667e-06	9.867866666666667e-06	9.84946666666667e-06	9.825566666666668e-06	9.830266666666668e-06	9.836466666666668e-06	9.897433333333336e-06	9.947700000000001e-06	9.883500000000001e-06	9.80766666666667e-06	9.792900000000002e-06	9.793333333333335e-06
2700	9.934375000000006e-06	9.943843750000006e-06	9.960812500000006e-06	9.947906250000006e-06	9.868781250000002e-06	9.766156250000005e-06	9.7376875e-06	9.799437500000002e-06	9.850187500000005e-06	9.834562500000003e-06	9.825937500000001e-06	9.835000000000002e-06	9.848750000000005e-06	9.909031250000007e-06	9.918625000000007e-06	9.813468750000003e-06	9.742687500000002e-06	9.754062500000006e-06	9.765625000000004e-06
2800	9.903125000000004e-06	9.914375000000006e-06	9.945093750000002e-06	9.944687500000006e-06	9.858375000000004e-06	9.762906250000001e-06	9.747656250000002e-06	9.795656250000005e-06	9.838562500000003e-06	9.834375000000004e-06	9.83403125e-06	9.843718750000003e-06	9.856812500000001e-06	9.909343750000005e-06	9.972375000000005e-06	9.999406250000003e-06	1.0000000000000004e-05	1.0000000000000004e-05	1.0000000000000004e-05
2900	9.908823529411767e-06	9.922294117647062e-06	9.954588235294123e-06	9.948441176470593e-06	9.857529411764712e-06	9.75344117647059e-06	9.738029411764706e-06	9.801558823529419e-06	9.83779411764706e-06	9.813588235294119e-06	9.819000000000004e-06	9.846470588235297e-06	9.851441176470591e-06	9.900323529411767e-06	9.972941176470598e-06	9.999617647058834e-06	1.000000000000001e-05	1.000000000000001e-05	1.000000000000001e-05
3000	9.906250000000002e-06	9.922531250000004e-06	9.954718750000003e-06	9.949875000000004e-06	9.855500000000004e-06	9.616125000000001e-06	9.42840625e-06	9.578187500000002e-06	9.807500000000006e-06	9.841312500000004e-06	9.824968750000005e-06	9.831625000000003e-06	9.844187500000002e-06	9.903875000000003e-06	9.974875000000003e-06	9.999750000000004e-06	1.0000000000000004e-05	1.0000000000000004e-05	1.0000000000000004e-05
3100	9.906060606060612e-06	9.928242424242427e-06	9.965848484848493e-06	9.94872727272728e-06	9.841272727272731e-06	9.379000000000001e-06	8.878727272727273e-06	9.16427272727273e-06	9.72124242424243e-06	9.85087878787879e-06	9.827090909090913e-06	9.830878787878791e-06	9.836969696969703e-06	9.898484848484853e-06	9.972939393939398e-06	9.994121212121213e-06	9.997242424242428e-06	9.999757575757579e-06	1.0000000000000004e-05
3200	9.89666666666667e-06	9.913033333333337e-06	9.954333333333336e-06	9.92606666666667e-06	9.449600000000002e-06	8.370533333333332e-06	7.660400000000002e-06	8.252199999999997e-06	9.275933333333336e-06	9.688766666666666e-06	9.81736666666667e-06	9.902666666666671e-06	9.825966666666669e-06	9.775300000000001e-06	9.841633333333338e-06	9.89726666666667e-06	9.934266666666669e-06	9.970333333333337e-06	9.976666666666669e-06
3300	9.843750000000004e-06	9.848531250000003e-06	9.876656250000005e-06	9.885718750000004e-06	9.362125000000003e-06	7.7868125e-06	6.815093750000003e-06	7.9533125e-06	9.351593750000002e-06	9.72828125e-06	9.824531250000003e-06	9.942843750000004e-06	9.993625000000004e-06	9.995281250000006e-06	9.939562500000003e-06	9.822375000000003e-06	9.75453125e-06	9.7733125e-06	9.793750000000003e-06
3400	9.940625000000004e-06	9.944218750000005e-06	9.947187500000004e-06	9.902625000000004e-06	9.57640625e-06	8.056687500000003e-06	6.143843750000003e-06	6.6426250000000015e-06	8.718531250000002e-06	9.6879375e-06	9.815968750000003e-06	9.928968750000004e-06	9.981562500000007e-06	9.951593750000003e-06	9.877062500000003e-06	9.778218750000002e-06	9.724625e-06	9.739187499999999e-06	9.753125e-06
3500	1.0000000000000004e-05	1.0000000000000004e-05	9.993483870967747e-06	9.934129032258069e-06	9.294419354838713e-06	7.085225806451614e-06	4.913387096774195e-06	5.9390967741935495e-06	8.578870967741935e-06	9.701451612903226e-06	9.828838709677421e-06	9.939677419354843e-06	9.975967741935487e-06	9.946387096774197e-06	9.88951612903226e-06	9.809000000000002e-06	9.732580645161292e-06	9.703709677419356e-06	9.703225806451615e-06
3600	1.0000000000000004e-05	1.0000000000000004e-05	9.990343750000006e-06	9.934937500000005e-06	9.2189375e-06	7.347250000000001e-06	5.4449375e-06	5.8732187499999996e-06	8.302531250000003e-06	9.677750000000004e-06	9.824281250000002e-06	9.938468750000004e-06	9.971687500000006e-06	9.935968750000002e-06	9.867812500000003e-06	9.780437500000003e-06	9.726218750000001e-06	9.72746875e-06	9.7375e-06
3700	9.800000000000004e-06	9.812096774193548e-06	9.852580645161294e-06	9.899935483870972e-06	9.944903225806456e-06	9.982645161290331e-06	9.988741935483875e-06	9.949645161290328e-06	9.873129032258065e-06	9.853290322580648e-06	9.926096774193552e-06	9.98745161290323e-06	9.979419354838715e-06	9.933870967741942e-06	9.865000000000005e-06	9.768451612903226e-06	9.689483870967743e-06	9.664225806451615e-06	9.66451612903226e-06
3800	9.68787878787879e-06	9.693333333333336e-06	9.741000000000004e-06	9.806848484848486e-06	9.814636363636368e-06	9.842666666666671e-06	9.930727272727277e-06	9.953575757575762e-06	9.872424242424248e-06	9.794424242424244e-06	9.834757575757581e-06	9.940757575757578e-06	9.978606060606066e-06	9.939333333333338e-06	9.86836363636364e-06	9.77966666666667e-06	9.72157575757576e-06	9.719060606060605e-06	9.727272727272727e-06
3900	9.706451612903226e-06	9.707741935483872e-06	9.749451612903227e-06	9.81716129032258e-06	9.833290322580645e-06	9.862548387096781e-06	9.942322580645164e-06	9.95835483870968e-06	9.872161290322584e-06	9.783709677419357e-06	9.81541935483871e-06	9.926677419354845e-06	9.972161290322587e-06	9.93635483870968e-06	9.87435483870968e-06	9.781967741935486e-06	9.696387096774196e-06	9.668129032258068e-06	9.667741935483874e-06
4000	9.596875000000005e-06	9.599531249999999e-06	9.664125000000003e-06	9.763218750000003e-06	9.796406250000002e-06	9.842937500000003e-06	9.929718750000002e-06	9.954156250000004e-06	9.888531250000006e-06	9.807968750000001e-06	9.835500000000001e-06	9.933468750000004e-06	9.938875000000006e-06	9.861875000000005e-06	9.803906250000002e-06	9.740375e-06	9.681406250000002e-06	9.667750000000004e-06	9.668750000000003e-06
4100	9.629032258064518e-06	9.633580645161292e-06	9.684322580645163e-06	9.746580645161292e-06	9.756709677419355e-06	9.820322580645165e-06	9.935580645161295e-06	9.958548387096777e-06	9.885225806451617e-06	9.810709677419357e-06	9.829483870967743e-06	9.91135483870968e-06	9.925258064516131e-06	9.8701935483871e-06	9.82725806451613e-06	9.757967741935485e-06	9.66883870967742e-06	9.635677419354842e-06	9.635483870967745e-06
4200	9.603333333333333e-06	9.620233333333337e-06	9.688233333333338e-06	9.75436666666667e-06	9.766433333333334e-06	9.810966666666671e-06	9.909100000000005e-06	9.940733333333336e-06	9.850000000000004e-06	9.750400000000004e-06	9.764266666666669e-06	9.830700000000002e-06	9.835066666666668e-06	9.808966666666669e-06	9.795333333333334e-06	9.746900000000001e-06	9.6748e-06	9.6433e-06	9.643333333333335e-06
4300	9.606060606060608e-06	9.620030303030306e-06	9.688151515151516e-06	9.75627272727273e-06	9.766545454545457e-06	9.814484848484853e-06	9.924393939393947e-06	9.948636363636369e-06	9.810393939393943e-06	9.678939393939396e-06	9.715939393939397e-06	9.811060606060607e-06	9.818000000000005e-06	9.79678787878788e-06	9.7959696969697e-06	9.287333333333335e-06	8.462606060606062e-06	8.150272727272726e-06	8.157575757575758e-06
4400	9.612500000000002e-06	9.62778125e-06	9.68803125e-06	9.744750000000002e-06	9.754625e-06	9.816125000000004e-06	9.929812500000004e-06	9.932906250000005e-06	9.79890625e-06	9.69428125e-06	9.726593750000002e-06	9.804468750000002e-06	9.819375e-06	9.789781250000003e-06	9.73940625e-06	9.263687500000002e-06	8.599093749999998e-06	8.38675e-06	8.396875e-06
4500	8.341935483870969e-06	8.346354838709674e-06	8.585193548387097e-06	9.262322580645163e-06	9.731387096774194e-06	9.819290322580648e-06	9.892516129032262e-06	9.865032258064517e-06	9.771870967741937e-06	9.683612903225807e-06	9.697193548387097e-06	9.795806451612906e-06	9.82896774193549e-06	9.79325806451613e-06	9.75290322580645e-06	9.025129032258064e-06	7.87606451612903e-06	7.453354838709674e-06	7.4741935483870935e-06
4600	9.140625000000007e-06	9.136718750000007e-06	9.166968750000003e-06	9.45234375e-06	9.729781250000002e-06	9.808281250000004e-06	9.871125000000005e-06	9.823000000000002e-06	9.68378125e-06	9.605250000000003e-06	9.690156250000003e-06	9.812937500000003e-06	9.829875000000004e-06	9.780625000000004e-06	9.715875000000003e-06	9.555093750000002e-06	9.366843750000001e-06	9.31921875e-06	9.3375e-06
4700	9.928125000000004e-06	9.920156250000002e-06	9.874656250000004e-06	9.778718750000001e-06	9.734625000000002e-06	9.814656250000005e-06	9.8821875e-06	9.813375000000005e-06	9.681562500000001e-06	9.626625000000005e-06	9.692968750000001e-06	9.765562500000004e-06	9.748937500000002e-06	9.744843750000002e-06	9.793812500000004e-06	9.801312500000003e-06	9.802500000000005e-06	9.844437500000004e-06	9.868750000000006e-06
4800	9.973333333333338e-06	9.977166666666672e-06	9.986900000000006e-06	9.99506666666667e-06	9.99866666666667e-06	9.986900000000006e-06	9.938433333333336e-06	9.833866666666667e-06	9.6937e-06	9.624966666666672e-06	9.689633333333333e-06	9.764933333333335e-06	9.751100000000004e-06	9.755066666666669e-06	9.844133333333333e-06	9.938333333333336e-06	9.985366666666671e-06	9.99663333333334e-06	9.996666666666672e-06
4900	9.983870967741943e-06	9.963161290322585e-06	9.896451612903229e-06	9.853838709677422e-06	9.901225806451617e-06	9.96954838709678e-06	9.988354838709683e-06	9.910322580645165e-06	9.741387096774196e-06	9.659612903225809e-06	9.751096774193553e-06	9.840516129032261e-06	9.859806451612907e-06	9.88909677419355e-06	9.900806451612907e-06	9.883225806451613e-06	9.901516129032261e-06	9.94229032258065e-06	9.958064516129039e-06
5000	9.813793103448281e-06	9.843793103448276e-06	9.909517241379311e-06	9.950896551724142e-06	9.965965517241384e-06	9.95327586206897e-06	9.858310344827586e-06	9.709689655172412e-06	9.606758620689655e-06	9.625620689655172e-06	9.751586206896554e-06	9.880862068965517e-06	9.947172413793107e-06	9.9558275862069e-06	9.931482758620692e-06	9.935103448275864e-06	9.975517241379312e-06	9.998137931034487e-06	1.0000000000000003e-05
5100	9.716129032258065e-06	9.773161290322582e-06	9.894774193548392e-06	9.978064516129039e-06	9.99706451612904e-06	9.972161290322587e-06	9.751322580645164e-06	8.806806451612905e-06	8.167322580645164e-06	8.98783870967742e-06	9.778548387096777e-06	9.922290322580647e-06	9.988129032258068e-06	9.95977419354839e-06	9.901967741935485e-06	9.875612903225808e-06	9.904774193548388e-06	9.946903225806454e-06	9.961290322580648e-06
5200	9.768750000000004e-06	9.806625000000004e-06	9.907437500000005e-06	9.985187500000003e-06	9.999718750000005e-06	9.972718750000005e-06	9.762656250000004e-06	8.98890625e-06	8.491593750000003e-06	9.139718750000003e-06	9.778156250000001e-06	9.923656250000007e-06	9.986562500000004e-06	9.959125000000004e-06	9.901937500000003e-06	9.874187500000004e-06	9.907406250000003e-06	9.957218750000007e-06	9.975000000000005e-06
5300	9.793103448275861e-06	9.83393103448276e-06	9.929413793103453e-06	9.992034482758624e-06	1.0000000000000003e-05	9.96837931034483e-06	9.769103448275863e-06	8.347724137931037e-06	5.942724137931033e-06	6.0087241379310344e-06	8.53896551724138e-06	9.920000000000003e-06	9.986000000000002e-06	9.955103448275867e-06	9.895482758620691e-06	9.873103448275862e-06	9.916448275862068e-06	9.963620689655171e-06	9.975862068965517e-06
5400	1.0000000000000004e-05	1.0000000000000004e-05	1.0000000000000004e-05	1.0000000000000004e-05	1.0000000000000004e-05	9.974093750000008e-06	9.735343750000006e-06	8.259875000000002e-06	5.439437500000001e-06	4.96125e-06	7.802750000000003e-06	9.773531250000004e-06	9.988531250000005e-06	9.979937500000005e-06	9.939875000000006e-06	9.909843750000006e-06	9.929281250000002e-06	9.964187500000006e-06	9.975000000000005e-06
5500	9.915625000000002e-06	9.928718750000007e-06	9.965937500000005e-06	9.995031250000006e-06	1.0000000000000004e-05	9.965593750000006e-06	9.746937500000008e-06	8.990375000000003e-06	8.509468749999998e-06	9.189562500000003e-06	9.868375000000005e-06	9.932781250000006e-06	9.830937500000005e-06	9.751125000000002e-06	9.787687500000004e-06	9.852781250000005e-06	9.911406250000005e-06	9.958531250000005e-06	9.971875000000005e-06
5600	9.806451612903228e-06	9.83177419354839e-06	9.911387096774198e-06	9.982838709677423e-06	9.999806451612909e-06	9.962193548387103e-06	9.565419354838714e-06	8.209838709677417e-06	7.44048387096774e-06	8.683838709677423e-06	9.832451612903229e-06	9.954903225806454e-06	9.891032258064522e-06	9.820741935483878e-06	9.833741935483874e-06	9.889096774193552e-06	9.93903225806452e-06	9.973290322580652e-06	9.983870967741943e-06
5700	9.864516129032263e-06	9.882129032258068e-06	9.92058064516129e-06	9.943193548387103e-06	9.942032258064518e-06	9.921419354838713e-06	9.610870967741938e-06	7.565193548387097e-06	5.477741935483872e-06	6.8744193548387095e-06	9.231161290322583e-06	9.868387096774198e-06	9.853096774193553e-06	9.840709677419357e-06	9.884580645161291e-06	9.935258064516133e-06	9.96435483870968e-06	9.979516129032265e-06	9.987096774193556e-06
5800	4.396774193548391e-06	5.7241935483870975e-06	8.419064516129034e-06	9.816935483870971e-06	9.870129032258067e-06	9.88083870967742e-06	9.770548387096776e-06	8.855677419354841e-06	7.584903225806456e-06	7.974000000000004e-06	9.387645161290326e-06	9.934064516129035e-06	9.860258064516134e-06	9.843032258064518e-06	9.92970967741936e-06	9.989096774193553e-06	9.990516129032263e-06	9.985258064516136e-06	9.983870967741943e-06
5900	9.768750000000004e-06	9.794593750000002e-06	9.872218750000003e-06	9.924843750000003e-06	9.922968750000006e-06	9.912593750000007e-06	9.12615625e-06	6.113343750000002e-06	3.0232812500000003e-06	4.280812500000001e-06	8.036781250000001e-06	9.810156250000002e-06	9.905687500000003e-06	9.871125000000005e-06	9.914656250000006e-06	9.978656250000002e-06	1.0000000000000004e-05	1.0000000000000004e-05	1.0000000000000004e-05
6000	9.9e-06	9.905533333333335e-06	9.931033333333335e-06	9.963633333333334e-06	9.969300000000003e-06	9.944433333333336e-06	9.929733333333336e-06	9.920200000000004e-06	9.8092e-06	9.696266666666666e-06	9.7854e-06	9.914200000000002e-06	9.888200000000003e-06	9.841333333333337e-06	9.897433333333336e-06	9.963733333333336e-06	9.985000000000007e-06	9.994300000000005e-06	9.996666666666672e-06
6100	8.693750000000003e-06	8.902625000000002e-06	9.496750000000004e-06	9.899718750000008e-06	9.915843750000002e-06	9.866562500000006e-06	9.397156250000004e-06	7.4051875000000015e-06	4.37696875e-06	4.2940625e-06	7.5715e-06	9.728687500000006e-06	9.979625000000007e-06	9.974500000000004e-06	9.982312500000005e-06	9.979000000000006e-06	9.931718750000005e-06	9.887468750000004e-06	9.878125000000005e-06
6200	9.606250000000005e-06	9.620531250000004e-06	9.752593750000003e-06	9.848875000000005e-06	9.826250000000004e-06	9.791406250000001e-06	9.304656250000003e-06	6.616375000000002e-06	3.0549687500000003e-06	3.651218749999999e-06	7.36315625e-06	9.49525e-06	9.822875000000005e-06	9.842875000000004e-06	9.921281250000005e-06	9.982375000000003e-06	1.0000000000000004e-05	1.0000000000000004e-05	1.0000000000000004e-05
6300	9.933333333333337e-06	9.950848484848489e-06	9.948696969696975e-06	9.879424242424248e-06	9.834363636363641e-06	9.863515151515155e-06	9.906575757575762e-06	9.909636363636368e-06	9.82818181818182e-06	9.730757575757577e-06	9.739666666666668e-06	9.802696969696971e-06	9.843272727272732e-06	9.911545454545459e-06	9.959575757575763e-06	9.92178787878788e-06	9.873939393939398e-06	9.859515151515153e-06	9.857575757575758e-06
6400	9.948387096774198e-06	9.952387096774198e-06	9.931032258064518e-06	9.875096774193549e-06	9.851483870967748e-06	9.874322580645164e-06	9.911741935483874e-06	9.920483870967746e-06	9.813709677419357e-06	9.696483870967743e-06	9.747193548387099e-06	9.861387096774198e-06	9.931645161290326e-06	9.978903225806456e-06	9.998064516129035e-06	9.99932258064517e-06	9.978677419354845e-06	9.947096774193552e-06	9.935483870967745e-06
6500	9.945454545454551e-06	9.950818181818186e-06	9.94154545454546e-06	9.900242424242427e-06	9.877818181818183e-06	9.895636363636366e-06	9.9209393939394e-06	9.912212121212123e-06	9.81145454545455e-06	9.705424242424246e-06	9.744090909090909e-06	9.848484848484852e-06	9.909878787878792e-06	9.95645454545455e-06	9.990575757575762e-06	9.998909090909095e-06	9.983666666666672e-06	9.957242424242432e-06	9.945454545454551e-06
6600	9.96129032258065e-06	9.966e-06	9.946967741935489e-06	9.883580645161291e-06	9.842806451612907e-06	9.86109677419355e-06	9.906903225806456e-06	9.920741935483873e-06	9.821000000000001e-06	9.710645161290324e-06	9.775548387096775e-06	9.905741935483876e-06	9.933032258064519e-06	9.932548387096777e-06	9.96977419354839e-06	9.995419354838715e-06	9.976935483870973e-06	9.943967741935486e-06	9.93225806451613e-06
6700	9.958620689655177e-06	9.963068965517243e-06	9.94034482758621e-06	9.876379310344829e-06	9.841344827586208e-06	9.861103448275864e-06	9.901758620689656e-06	9.915655172413793e-06	9.821862068965518e-06	9.702896551724135e-06	9.715275862068964e-06	9.765e-06	9.790586206896553e-06	9.874620689655174e-06	9.967068965517243e-06	9.996896551724141e-06	9.975137931034484e-06	9.940862068965518e-06	9.927586206896555e-06
6800	9.9e-06	9.879967741935488e-06	9.828258064516134e-06	9.78961290322581e-06	9.804000000000001e-06	9.843161290322585e-06	9.858709677419359e-06	9.839258064516132e-06	9.812032258064518e-06	9.84041935483871e-06	9.906806451612908e-06	9.924548387096777e-06	9.923580645161292e-06	9.958741935483875e-06	9.992322580645167e-06	9.99987096774194e-06	9.99732258064517e-06	9.994225806451622e-06	9.99354838709678e-06
6900	9.990625000000004e-06	9.984343750000003e-06	9.936125000000005e-06	9.862125000000003e-06	9.814437500000003e-06	9.793750000000003e-06	9.827125000000001e-06	9.880468750000004e-06	9.860625000000004e-06	9.839625000000003e-06	9.889343750000002e-06	9.916812500000002e-06	9.915843750000007e-06	9.946656250000003e-06	9.983437500000006e-06	9.998468750000004e-06	9.997531250000004e-06	9.989718750000008e-06	9.984375000000006e-06
7000	9.996774193548395e-06	9.993258064516138e-06	9.95361290322581e-06	9.872064516129038e-06	9.818483870967743e-06	9.80603225806452e-06	9.834967741935489e-06	9.887032258064515e-06	9.873903225806455e-06	9.853548387096775e-06	9.867677419354839e-06	9.84445161290323e-06	9.855290322580646e-06	9.941419354838713e-06	9.995483870967747e-06	1.0000000000000004e-05	9.9963870967742e-06	9.97703225806452e-06	9.96129032258065e-06
7100	9.958064516129039e-06	9.961354838709683e-06	9.934806451612907e-06	9.867612903225814e-06	9.818354838709678e-06	9.80451612903226e-06	9.838580645161292e-06	9.89561290322581e-06	9.880903225806457e-06	9.844258064516133e-06	9.850516129032265e-06	9.843419354838715e-06	9.863354838709682e-06	9.93787096774194e-06	9.963096774193554e-06	9.929548387096778e-06	9.927741935483875e-06	9.94961290322581e-06	9.954838709677424e-06
7200	9.841935483870968e-06	9.830096774193547e-06	9.818677419354842e-06	9.820677419354843e-06	9.81783870967742e-06	9.811709677419356e-06	9.818967741935483e-06	9.79503225806452e-06	9.722225806451614e-06	9.736129032258066e-06	9.820516129032263e-06	9.80493548387097e-06	9.756612903225808e-06	9.80345161290323e-06	9.876903225806451e-06	9.906967741935486e-06	9.932516129032262e-06	9.95687096774194e-06	9.96129032258065e-06
7300	9.80666666666667e-06	9.797500000000004e-06	9.799400000000001e-06	9.821233333333335e-06	9.8237e-06	9.791166666666669e-06	9.692866666666665e-06	9.304266666666665e-06	9.022000000000001e-06	9.404466666666668e-06	9.808466666666668e-06	9.856533333333333e-06	9.881000000000006e-06	9.939233333333335e-06	9.95666666666667e-06	9.932133333333338e-06	9.9309e-06	9.9418e-06	9.940000000000001e-06
7400	9.843333333333336e-06	9.8277e-06	9.820033333333333e-06	9.832800000000002e-06	9.825633333333335e-06	9.793500000000002e-06	9.705433333333334e-06	9.472866666666667e-06	9.344666666666667e-06	9.582233333333331e-06	9.8206e-06	9.84406666666667e-06	9.868466666666669e-06	9.941433333333336e-06	9.958933333333339e-06	9.927100000000002e-06	9.93136666666667e-06	9.953433333333335e-06	9.956666666666669e-06
7500	9.837500000000002e-06	9.827812500000002e-06	9.829468750000004e-06	9.839156250000003e-06	9.809843750000004e-06	9.769375000000003e-06	9.678843750000004e-06	9.317749999999999e-06	9.08778125e-06	9.45225e-06	9.803687500000003e-06	9.837218750000006e-06	9.878500000000004e-06	9.953687500000003e-06	9.957468750000004e-06	9.921093750000005e-06	9.932093750000006e-06	9.964031250000005e-06	9.971875000000007e-06
7600	1.0000000000000003e-05	1.0000000000000003e-05	9.988800000000003e-06	9.949733333333337e-06	9.903300000000002e-06	9.84856666666667e-06	9.592866666666664e-06	8.510466666666666e-06	7.830199999999998e-06	8.918333333333334e-06	9.876700000000002e-06	9.935800000000004e-06	9.95536666666667e-06	9.983766666666671e-06	9.999433333333336e-06	1.0000000000000003e-05	1.0000000000000003e-05	1.0000000000000003e-05	1.0000000000000003e-05
7700	1.0000000000000004e-05	1.0000000000000004e-05	9.991437500000003e-06	9.957781250000002e-06	9.905562500000003e-06	9.832312500000003e-06	9.723093750000001e-06	9.6155625e-06	9.58528125e-06	9.678312500000003e-06	9.793000000000003e-06	9.842812500000001e-06	9.905187500000004e-06	9.976343750000003e-06	9.999562500000006e-06	1.0000000000000004e-05	1.0000000000000004e-05	1.0000000000000004e-05	1.0000000000000004e-05
7800	1.0000000000000004e-05	1.0000000000000004e-05	9.983093750000006e-06	9.937968750000003e-06	9.892593750000004e-06	9.848406250000001e-06	9.729500000000002e-06	9.4553125e-06	9.313687500000001e-06	9.55271875e-06	9.790656250000005e-06	9.833937500000003e-06	9.871437500000003e-06	9.934156250000004e-06	9.961781250000006e-06	9.956968750000006e-06	9.955593750000006e-06	9.953875000000003e-06	9.950000000000005e-06
7900	9.948387096774198e-06	9.943709677419359e-06	9.931483870967747e-06	9.907483870967747e-06	9.870806451612907e-06	9.82277419354839e-06	9.611000000000002e-06	8.885967741935483e-06	8.481032258064516e-06	9.19051612903226e-06	9.809838709677422e-06	9.849032258064516e-06	9.874258064516131e-06	9.932967741935489e-06	9.92867741935484e-06	9.878548387096778e-06	9.880774193548388e-06	9.909129032258066e-06	9.916129032258066e-06
8000	9.993750000000009e-06	9.98440625000001e-06	9.937562500000005e-06	9.868781250000005e-06	9.837968750000006e-06	9.818593750000006e-06	9.700687500000003e-06	9.338937499999997e-06	9.07653125e-06	9.370937500000001e-06	9.748562500000006e-06	9.823937500000005e-06	9.854937500000005e-06	9.921656250000002e-06	9.917625000000003e-06	9.869937500000003e-06	9.884843750000004e-06	9.936531250000003e-06	9.956250000000001e-06
8100	1.0000000000000003e-05	9.996066666666669e-06	9.953766666666673e-06	9.871600000000004e-06	9.8376e-06	9.851466666666669e-06	9.74936666666667e-06	7.814466666666666e-06	5.596066666666665e-06	7.033766666666668e-06	9.3421e-06	9.820533333333335e-06	9.845033333333337e-06	9.890833333333334e-06	9.87136666666667e-06	9.813333333333337e-06	9.836800000000002e-06	9.896700000000003e-06	9.913333333333334e-06
8200	9.74516129032258e-06	9.734032258064514e-06	9.760322580645164e-06	9.809354838709684e-06	9.79658064516129e-06	9.746451612903229e-06	9.636870967741936e-06	9.402e-06	9.318451612903225e-06	9.57458064516129e-06	9.767677419354842e-06	9.754290322580646e-06	9.806516129032261e-06	9.929483870967748e-06	9.987967741935493e-06	9.99354838709678e-06	9.996387096774196e-06	9.99961290322581e-06	1.0000000000000004e-05
8300	9.75483870967742e-06	9.739483870967741e-06	9.751677419354839e-06	9.783548387096778e-06	9.750161290322583e-06	9.687903225806452e-06	9.595580645161291e-06	9.233548387096776e-06	9.007548387096775e-06	9.42403225806452e-06	9.778806451612907e-06	9.74267741935484e-06	9.743741935483873e-06	9.849741935483874e-06	9.902354838709679e-06	9.862161290322584e-06	9.862129032258068e-06	9.918903225806457e-06	9.945161290322583e-06
8400	9.696874999999997e-06	9.686125e-06	9.717343750000002e-06	9.773687500000002e-06	9.75209375e-06	9.692875e-06	9.617375e-06	9.412000000000002e-06	9.301687500000002e-06	9.5448125e-06	9.78103125e-06	9.814906250000004e-06	9.838937500000004e-06	9.891750000000004e-06	9.906187500000004e-06	9.866937500000005e-06	9.863625000000003e-06	9.912375000000002e-06	9.937500000000003e-06
8500	9.996774193548395e-06	9.994709677419362e-06	9.991483870967748e-06	9.993419354838716e-06	9.997741935483878e-06	9.966677419354843e-06	9.83151612903226e-06	9.665064516129037e-06	9.60567741935484e-06	9.665548387096776e-06	9.762774193548387e-06	9.826483870967744e-06	9.895387096774197e-06	9.952709677419358e-06	9.963741935483873e-06	9.966806451612903e-06	9.978387096774202e-06	9.990451612903233e-06	9.99354838709678e-06
8600	9.996774193548395e-06	9.994193548387103e-06	9.990967741935492e-06	9.992129032258072e-06	9.986806451612906e-06	9.93929032258065e-06	9.771000000000004e-06	9.322322580645165e-06	9.053516129032262e-06	9.423580645161292e-06	9.758967741935485e-06	9.772903225806454e-06	9.814774193548389e-06	9.906483870967746e-06	9.973258064516136e-06	9.993451612903233e-06	9.991258064516137e-06	9.988129032258072e-06	9.987096774193556e-06
8700	9.600000000000005e-06	9.568833333333337e-06	9.592500000000005e-06	9.722000000000003e-06	9.856166666666667e-06	9.941166666666669e-06	9.956466666666667e-06	9.906300000000002e-06	9.811466666666669e-06	9.757266666666667e-06	9.76256666666667e-06	9.774833333333335e-06	9.807000000000003e-06	9.835066666666668e-06	9.831966666666667e-06	9.827566666666669e-06	9.871600000000004e-06	9.941700000000002e-06	9.970000000000003e-06
8800	4.153571428571429e-06	3.9296785714285725e-06	5.058892857142856e-06	7.871035714285714e-06	9.592785714285716e-06	9.918785714285716e-06	9.989607142857144e-06	9.96114285714286e-06	9.85882142857143e-06	9.7765e-06	9.753821428571426e-06	9.745071428571429e-06	9.766107142857143e-06	9.789607142857142e-06	9.780071428571424e-06	9.774785714285712e-06	9.827357142857146e-06	9.910857142857149e-06	9.946428571428576e-06
8900	6.675862068965516e-06	6.287896551724137e-06	6.235275862068964e-06	7.973620689655173e-06	9.607482758620693e-06	9.908448275862071e-06	9.987620689655173e-06	9.960275862068966e-06	9.879034482758621e-06	9.855172413793105e-06	9.922620689655175e-06	9.984551724137933e-06	1.0000000000000003e-05	1.0000000000000003e-05	1.0000000000000003e-05	1.0000000000000003e-05	1.0000000000000003e-05	1.0000000000000003e-05	1.0000000000000003e-05
9000	3.5766666666666674e-06	3.2950333333333336e-06	4.674033333333333e-06	7.075033333333337e-06	8.198833333333335e-06	9.154366666666667e-06	9.862833333333333e-06	9.96516666666667e-06	9.867400000000005e-06	9.813733333333336e-06	9.88366666666667e-06	9.96723333333334e-06	9.986800000000004e-06	9.970833333333336e-06	9.964833333333338e-06	9.981866666666673e-06	9.994866666666671e-06	9.996666666666672e-06	9.996666666666672e-06
9100	1.5966666666666675e-06	1.3724333333333338e-06	3.204733333333333e-06	7.2136333333333316e-06	9.5157e-06	9.924200000000004e-06	9.984500000000004e-06	9.950233333333339e-06	9.847566666666672e-06	9.773266666666667e-06	9.829033333333332e-06	9.915333333333338e-06	9.925833333333336e-06	9.925600000000004e-06	9.93776666666667e-06	9.917833333333335e-06	9.892400000000002e-06	9.886666666666668e-06	9.886666666666668e-06
9200	1.7029411764705887e-06	1.7707058823529406e-06	3.933735294117647e-06	7.519382352941177e-06	9.447441176470591e-06	9.933000000000006e-06	9.98476470588236e-06	9.966705882352948e-06	9.86594117647059e-06	9.770911764705887e-06	9.824264705882357e-06	9.916735294117653e-06	9.929176470588242e-06	9.932735294117654e-06	9.946176470588242e-06	9.929323529411772e-06	9.931382352941184e-06	9.960147058823536e-06	9.970588235294126e-06
9300	9.51612903225807e-06	9.519161290322586e-06	9.590322580645165e-06	9.729645161290327e-06	9.850548387096779e-06	9.94677419354839e-06	9.981161290322584e-06	9.910064516129037e-06	9.78851612903226e-06	9.742032258064517e-06	9.831580645161294e-06	9.947935483870974e-06	9.995419354838711e-06	9.998580645161296e-06	9.978612903225812e-06	9.938258064516132e-06	9.933032258064522e-06	9.966741935483878e-06	9.983870967741943e-06
9400	1.0000000000000004e-05	1.0000000000000004e-05	1.0000000000000004e-05	1.0000000000000004e-05	1.0000000000000004e-05	1.0000000000000004e-05	9.984935483870975e-06	9.908548387096779e-06	9.780000000000003e-06	9.741870967741937e-06	9.844161290322584e-06	9.947258064516134e-06	9.980741935483878e-06	9.982580645161296e-06	9.985258064516137e-06	9.992225806451621e-06	9.995870967741942e-06	9.998483870967746e-06	1.0000000000000004e-05
9500	9.996875000000004e-06	9.997531250000004e-06	9.999093750000005e-06	1.0000000000000004e-05	1.0000000000000004e-05	1.0000000000000004e-05	9.984125000000003e-06	9.918687500000005e-06	9.797000000000003e-06	9.736375000000002e-06	9.827375000000003e-06	9.944937500000005e-06	9.991500000000003e-06	1.0000000000000004e-05	1.0000000000000004e-05	1.0000000000000004e-05	1.0000000000000004e-05	1.0000000000000004e-05	1.0000000000000004e-05
9600	9.996774193548395e-06	9.997451612903232e-06	9.999064516129035e-06	9.99445161290323e-06	9.942741935483874e-06	9.824967741935484e-06	9.74151612903226e-06	9.749258064516126e-06	9.73141935483871e-06	9.702193548387097e-06	9.783967741935486e-06	9.883193548387097e-06	9.920354838709678e-06	9.955612903225812e-06	9.989677419354844e-06	1.0000000000000004e-05	1.0000000000000004e-05	1.0000000000000004e-05	1.0000000000000004e-05
9700	1.0000000000000004e-05	9.999218750000004e-06	9.995843750000007e-06	9.986468750000003e-06	9.972812500000003e-06	9.966750000000004e-06	9.967187500000006e-06	9.967406250000008e-06	9.946031250000005e-06	9.900312500000002e-06	9.883906250000004e-06	9.897125000000004e-06	9.918343750000003e-06	9.949125000000003e-06	9.948250000000004e-06	9.924937500000003e-06	9.939687500000005e-06	9.965093750000007e-06	9.968750000000009e-06
9800	9.993939393939399e-06	9.994606060606062e-06	9.995575757575761e-06	9.995212121212127e-06	9.995424242424243e-06	9.99784848484849e-06	9.999696969696973e-06	9.999757575757579e-06	9.986636363636367e-06	9.946030303030306e-06	9.909151515151516e-06	9.900242424242425e-06	9.903272727272731e-06	9.895606060606065e-06	9.871363636363638e-06	9.878000000000003e-06	9.927727272727279e-06	9.960333333333344e-06	9.963636363636373e-06
9900	1.0000000000000004e-05	1.0000000000000004e-05	1.0000000000000004e-05	1.0000000000000004e-05	1.0000000000000004e-05	1.0000000000000004e-05	1.0000000000000004e-05	1.0000000000000004e-05	9.986531250000007e-06	9.947500000000004e-06	9.910968750000002e-06	9.9e-06	9.906156250000004e-06	9.916968750000005e-06	9.912468750000005e-06	9.906968750000003e-06	9.934062500000001e-06	9.9615625e-06	9.965625e-06
10000	1.0000000000000004e-05	1.0000000000000004e-05	1.0000000000000004e-05	1.0000000000000004e-05	1.0000000000000004e-05	1.0000000000000004e-05	1.0000000000000004e-05	9.999484848484854e-06	9.980969696969702e-06	9.940333333333339e-06	9.910363636363644e-06	9.90312121212122e-06	9.907666666666672e-06	9.906242424242428e-06	9.8619696969697e-06	9.815242424242427e-06	9.857727272727276e-06	9.92245454545455e-06	9.936363636363641e-06
