	site
generation	50	100	150	200	250	300	350	400	450	500	550	600	650	700	750	800	850	900	950
0	1.0000000000000004e-05	1.0000000000000004e-05	1.0000000000000004e-05	1.0000000000000004e-05	1.0000000000000004e-05	1.0000000000000004e-05	1.0000000000000004e-05	1.0000000000000004e-05	1.0000000000000004e-05	1.0000000000000004e-05	1.0000000000000004e-05	1.0000000000000004e-05	1.0000000000000004e-05	1.0000000000000004e-05	1.0000000000000004e-05	1.0000000000000004e-05	1.0000000000000004e-05	1.0000000000000004e-05	1.0000000000000004e-05
100	1.0000000000000004e-05	1.0000000000000004e-05	1.0000000000000004e-05	1.0000000000000004e-05	1.0000000000000004e-05	1.0000000000000004e-05	1.0000000000000004e-05	1.0000000000000004e-05	1.0000000000000004e-05	1.0000000000000004e-05	1.0000000000000004e-05	1.0000000000000004e-05	1.0000000000000004e-05	1.0000000000000004e-05	1.0000000000000004e-05	1.0000000000000004e-05	1.0000000000000004e-05	1.0000000000000004e-05	1.0000000000000004e-05
200	1.0000000000000003e-05	9.999666666666672e-06	9.98443333333334e-06	9.946733333333336e-06	9.927200000000004e-06	9.953600000000002e-06	9.988366666666669e-06	9.997933333333335e-06	9.976033333333338e-06	9.936866666666671e-06	9.930666666666671e-06	9.963166666666671e-06	9.98793333333334e-06	9.995366666666671e-06	9.998700000000003e-06	1.0000000000000003e-05	1.0000000000000003e-05	1.0000000000000003e-05	1.0000000000000003e-05
300	1.0000000000000004e-05	9.998878787878794e-06	9.979060606060611e-06	9.935969696969702e-06	9.910909090909095e-06	9.910727272727277e-06	9.9209696969697e-06	9.946545454545459e-06	9.949000000000008e-06	9.918787878787884e-06	9.92036363636364e-06	9.964848484848489e-06	9.99545454545455e-06	1.0000000000000004e-05	1.0000000000000004e-05	1.0000000000000004e-05	1.0000000000000004e-05	1.0000000000000004e-05	1.0000000000000004e-05
400	1.0000000000000004e-05	9.999156250000003e-06	9.981750000000007e-06	9.940687500000005e-06	9.912781250000005e-06	9.908531250000004e-06	9.915750000000006e-06	9.945125000000008e-06	9.976312500000009e-06	9.990968750000004e-06	9.997781250000003e-06	9.999062500000003e-06	9.981437500000005e-06	9.938812500000003e-06	9.922687500000003e-06	9.958906250000004e-06	9.992750000000004e-06	1.0000000000000004e-05	1.0000000000000004e-05
500	9.996969696969698e-06	9.997666666666673e-06	9.999181818181823e-06	1.0000000000000004e-05	9.987909090909098e-06	9.94427272727273e-06	9.886666666666671e-06	9.875757575757582e-06	9.92724242424243e-06	9.979969696969701e-06	9.998181818181823e-06	9.998515151515157e-06	9.97884848484849e-06	9.939666666666672e-06	9.929000000000006e-06	9.958696969696976e-06	9.981515151515157e-06	9.983393939393946e-06	9.981818181818188e-06
600	9.825806451612907e-06	9.833000000000004e-06	9.859741935483873e-06	9.901064516129034e-06	9.950258064516135e-06	9.98593548387097e-06	9.96935483870968e-06	9.924967741935487e-06	9.910870967741937e-06	9.915387096774196e-06	9.9251935483871e-06	9.957677419354845e-06	9.96529032258065e-06	9.930838709677423e-06	9.929677419354841e-06	9.97080645161291e-06	9.996387096774196e-06	1.0000000000000004e-05	1.0000000000000004e-05
700	9.805882352941178e-06	9.814617647058827e-06	9.829764705882357e-06	9.856441176470593e-06	9.921382352941182e-06	9.967088235294125e-06	9.915882352941184e-06	9.851000000000004e-06	9.869441176470591e-06	9.90558823529412e-06	9.9209705882353e-06	9.950705882352949e-06	9.959970588235302e-06	9.940264705882357e-06	9.948588235294123e-06	9.980147058823536e-06	9.996911764705893e-06	1.000000000000001e-05	1.000000000000001e-05
800	9.781481481481482e-06	9.782925925925925e-06	9.793666666666667e-06	9.84396296296296e-06	9.926407407407407e-06	9.980962962962963e-06	9.972074074074074e-06	9.92911111111111e-06	9.913333333333337e-06	9.916814814814815e-06	9.923259259259258e-06	9.95540740740741e-06	9.970444444444444e-06	9.940740740740742e-06	9.934814814814818e-06	9.972000000000002e-06	9.997185185185186e-06	1e-05	1e-05
900	9.800000000000004e-06	9.797939393939396e-06	9.79166666666667e-06	9.82436363636364e-06	9.921515151515155e-06	9.986333333333338e-06	9.955969696969703e-06	9.90654545454546e-06	9.902727272727275e-06	9.912939393939394e-06	9.928424242424247e-06	9.960454545454552e-06	9.9529696969697e-06	9.914545454545458e-06	9.929090909090913e-06	9.976727272727278e-06	9.997484848484853e-06	1.0000000000000004e-05	1.0000000000000004e-05
1000	9.980645161290329e-06	9.980645161290329e-06	9.98212903225807e-06	9.9863870967742e-06	9.99229032258065e-06	9.993838709677425e-06	9.972000000000004e-06	9.932548387096776e-06	9.91635483870968e-06	9.901612903225809e-06	9.862645161290327e-06	9.82425806451613e-06	9.790483870967743e-06	9.798258064516134e-06	9.871354838709679e-06	9.953645161290327e-06	9.99361290322581e-06	1.0000000000000004e-05	1.0000000000000004e-05
1100	9.971875000000007e-06	9.962625000000005e-06	9.938031250000004e-06	9.939343750000006e-06	9.977468750000005e-06	9.992718750000008e-06	9.957656250000005e-06	9.921250000000004e-06	9.922468750000001e-06	9.916312500000003e-06	9.876187500000003e-06	9.848687500000004e-06	9.843000000000002e-06	9.850250000000001e-06	9.901968750000004e-06	9.964000000000007e-06	9.986343750000006e-06	9.979812500000005e-06	9.971875000000007e-06
1200	9.96451612903226e-06	9.949903225806457e-06	9.924612903225812e-06	9.939322580645165e-06	9.98203225806452e-06	9.986354838709682e-06	9.930483870967746e-06	9.857774193548388e-06	9.84341935483871e-06	9.84045161290323e-06	9.7841935483871e-06	9.755258064516131e-06	9.790258064516131e-06	9.8231935483871e-06	9.836709677419356e-06	9.882354838709681e-06	9.953645161290327e-06	9.993000000000002e-06	1.0000000000000004e-05
1300	9.960606060606069e-06	9.948303030303037e-06	9.913212121212129e-06	9.913575757575762e-06	9.967000000000003e-06	9.991969696969702e-06	9.945878787878794e-06	9.887272727272729e-06	9.890363636363639e-06	9.895272727272733e-06	9.805424242424245e-06	9.714606060606064e-06	9.73918181818182e-06	9.808575757575761e-06	9.866393939393945e-06	9.92103030303031e-06	9.96633333333334e-06	9.988939393939401e-06	9.9909090909091e-06
1400	9.928125000000004e-06	9.903687500000004e-06	9.855281250000002e-06	9.877593750000001e-06	9.961093750000003e-06	9.999156250000004e-06	9.996937500000007e-06	9.99346875000001e-06	9.980125000000005e-06	9.928937500000003e-06	9.840875000000004e-06	9.772500000000002e-06	9.775125000000002e-06	9.829718750000005e-06	9.901125000000004e-06	9.962906250000005e-06	9.978218750000003e-06	9.948937500000005e-06	9.928125000000004e-06
1500	9.96129032258065e-06	9.94929032258065e-06	9.924161290322585e-06	9.933645161290326e-06	9.97777419354839e-06	9.999645161290326e-06	1.0000000000000004e-05	9.999580645161296e-06	9.981741935483877e-06	9.93109677419355e-06	9.874870967741938e-06	9.8741935483871e-06	9.936935483870972e-06	9.97780645161291e-06	9.950322580645165e-06	9.92093548387097e-06	9.928129032258067e-06	9.926451612903228e-06	9.916129032258068e-06
1600	1.0000000000000003e-05	1.0000000000000003e-05	1.0000000000000003e-05	1.0000000000000003e-05	1.0000000000000003e-05	1.0000000000000003e-05	1.0000000000000003e-05	9.999600000000003e-06	9.974866666666668e-06	9.891333333333336e-06	9.806600000000002e-06	9.82396666666667e-06	9.915700000000004e-06	9.962700000000002e-06	9.91196666666667e-06	9.83106666666667e-06	9.825000000000002e-06	9.8788e-06	9.906666666666668e-06
1700	1.0000000000000003e-05	1.0000000000000003e-05	9.995633333333336e-06	9.971600000000001e-06	9.935933333333336e-06	9.923300000000002e-06	9.92066666666667e-06	9.914500000000003e-06	9.913100000000005e-06	9.870900000000004e-06	9.811133333333337e-06	9.831400000000002e-06	9.916800000000005e-06	9.966033333333336e-06	9.917566666666668e-06	9.828733333333336e-06	9.820200000000003e-06	9.881233333333336e-06	9.913333333333334e-06
1800	9.996969696969698e-06	9.995454545454553e-06	9.99054545454546e-06	9.965818181818187e-06	9.927121212121217e-06	9.915484848484855e-06	9.919606060606067e-06	9.924393939393947e-06	9.936575757575764e-06	9.901000000000006e-06	9.847606060606063e-06	9.886696969696974e-06	9.966272727272732e-06	9.994333333333339e-06	9.993939393939399e-06	9.993939393939399e-06	9.994121212121216e-06	9.997151515151519e-06	1.0000000000000004e-05
1900	9.918750000000006e-06	9.881593750000007e-06	9.772625000000002e-06	9.71471875e-06	9.784781250000002e-06	9.883937500000005e-06	9.958906250000004e-06	9.994906250000005e-06	9.976562500000008e-06	9.899406250000003e-06	9.786625000000004e-06	9.737500000000003e-06	9.788500000000003e-06	9.830968750000004e-06	9.810812500000002e-06	9.816218750000004e-06	9.900437500000005e-06	9.9746875e-06	9.990625000000004e-06
2000	9.834375000000005e-06	9.788250000000002e-06	9.68625e-06	9.67275e-06	9.775125000000002e-06	9.888937500000005e-06	9.966250000000003e-06	9.994312500000006e-06	9.967031250000007e-06	9.849187500000003e-06	9.717625000000002e-06	9.6955e-06	9.770562500000003e-06	9.834468750000005e-06	9.81684375e-06	9.805406250000003e-06	9.878750000000003e-06	9.960562500000007e-06	9.987500000000007e-06
2100	9.831250000000003e-06	9.78484375e-06	9.6866875e-06	9.673906250000001e-06	9.772968750000002e-06	9.890531250000005e-06	9.932156250000005e-06	9.865406250000003e-06	9.822312500000003e-06	9.822031250000004e-06	9.799937500000005e-06	9.829125000000002e-06	9.916500000000004e-06	9.980312500000004e-06	9.999968750000004e-06	1.0000000000000004e-05	1.0000000000000004e-05	1.0000000000000004e-05	1.0000000000000004e-05
2200	9.912903225806456e-06	9.853129032258067e-06	9.700677419354844e-06	9.645709677419358e-06	9.75635483870968e-06	9.865709677419359e-06	9.909354838709681e-06	9.882096774193552e-06	9.834774193548392e-06	9.807483870967744e-06	9.77493548387097e-06	9.807354838709679e-06	9.920903225806454e-06	9.991967741935486e-06	1.0000000000000004e-05	1.0000000000000004e-05	1.0000000000000004e-05	1.0000000000000004e-05	1.0000000000000004e-05
2300	9.98125e-06	9.945875000000002e-06	9.892437500000006e-06	9.911312500000004e-06	9.966312500000007e-06	9.977062500000004e-06	9.937375000000004e-06	9.861000000000001e-06	9.8095625e-06	9.818250000000002e-06	9.811156250000004e-06	9.804500000000004e-06	9.884718750000005e-06	9.970593750000007e-06	9.989250000000008e-06	9.973531250000004e-06	9.955468750000006e-06	9.956031250000006e-06	9.962500000000007e-06
2400	9.996774193548395e-06	9.995903225806458e-06	9.995903225806461e-06	9.997677419354843e-06	9.999290322580648e-06	9.99903225806452e-06	9.956000000000004e-06	9.867064516129036e-06	9.790967741935486e-06	9.74225806451613e-06	9.688870967741936e-06	9.66809677419355e-06	9.775290322580647e-06	9.923548387096781e-06	9.980387096774198e-06	9.962419354838714e-06	9.930064516129038e-06	9.926903225806456e-06	9.935483870967747e-06
2500	9.981818181818188e-06	9.989121212121216e-06	9.998212121212124e-06	9.994000000000008e-06	9.965878787878794e-06	9.923515151515155e-06	9.880242424242427e-06	9.80339393939394e-06	9.743151515151516e-06	9.785727272727278e-06	9.846818181818186e-06	9.850696969696975e-06	9.872939393939398e-06	9.94266666666667e-06	9.9909696969697e-06	1.0000000000000004e-05	1.0000000000000004e-05	1.0000000000000004e-05	1.0000000000000004e-05
2600	9.848275862068966e-06	9.801379310344827e-06	9.71944827586207e-06	9.760689655172415e-06	9.880206896551727e-06	9.913724137931033e-06	9.867275862068967e-06	9.754793103448276e-06	9.675999999999998e-06	9.74162068965517e-06	9.830896551724138e-06	9.844310344827584e-06	9.869103448275863e-06	9.939620689655175e-06	9.988655172413795e-06	9.999586206896556e-06	1.0000000000000003e-05	1.0000000000000003e-05	1.0000000000000003e-05
2700	9.851612903225811e-06	9.805580645161293e-06	9.69793548387097e-06	9.688645161290329e-06	9.809741935483876e-06	9.889064516129031e-06	9.85793548387097e-06	9.743322580645164e-06	9.673870967741936e-06	9.744967741935487e-06	9.817290322580647e-06	9.788741935483874e-06	9.796032258064518e-06	9.899000000000003e-06	9.980387096774198e-06	9.999677419354842e-06	1.0000000000000004e-05	1.0000000000000004e-05	1.0000000000000004e-05
2800	9.974193548387097e-06	9.982419354838715e-06	9.992645161290331e-06	9.979612903225812e-06	9.942935483870971e-06	9.921806451612907e-06	9.889451612903229e-06	9.77303225806452e-06	9.689516129032257e-06	9.75345161290323e-06	9.829419354838713e-06	9.833806451612908e-06	9.86451612903226e-06	9.945225806451615e-06	9.993774193548392e-06	9.998516129032269e-06	9.996903225806458e-06	9.996774193548395e-06	9.996774193548395e-06
2900	9.867647058823535e-06	9.838529411764711e-06	9.754911764705887e-06	9.72367647058824e-06	9.797735294117651e-06	9.886411764705886e-06	9.89576470588236e-06	9.773117647058825e-06	9.670735294117649e-06	9.734852941176474e-06	9.826558823529416e-06	9.837676470588241e-06	9.86617647058824e-06	9.946029411764712e-06	9.994588235294128e-06	1.000000000000001e-05	1.000000000000001e-05	1.000000000000001e-05	1.000000000000001e-05
3000	9.883870967741937e-06	9.845225806451616e-06	9.746419354838713e-06	9.719129032258068e-06	9.807516129032262e-06	9.88877419354839e-06	9.886419354838711e-06	9.771064516129032e-06	9.668774193548389e-06	9.726129032258065e-06	9.826161290322583e-06	9.821290322580648e-06	9.774000000000005e-06	9.799096774193552e-06	9.894612903225812e-06	9.97387096774194e-06	9.998741935483873e-06	1.0000000000000004e-05	1.0000000000000004e-05
3100	9.965625e-06	9.973937500000007e-06	9.991125000000003e-06	1.0000000000000004e-05	1.0000000000000004e-05	9.996031250000006e-06	9.922562500000006e-06	9.531500000000002e-06	9.111718750000003e-06	9.304968750000004e-06	9.718468750000003e-06	9.817343750000001e-06	9.784593749999999e-06	9.800093750000004e-06	9.879375000000004e-06	9.965687500000004e-06	9.998906250000004e-06	1.0000000000000004e-05	1.0000000000000004e-05
3200	1.0000000000000003e-05	1.0000000000000003e-05	1.0000000000000003e-05	1.0000000000000003e-05	1.0000000000000003e-05	9.993413793103453e-06	9.687482758620693e-06	7.324586206896552e-06	4.207999999999999e-06	5.206551724137932e-06	8.605793103448279e-06	9.969862068965521e-06	9.98106896551724e-06	9.978000000000003e-06	9.990068965517243e-06	1.0000000000000003e-05	1.0000000000000003e-05	1.0000000000000003e-05	1.0000000000000003e-05
3300	1.0000000000000004e-05	9.999343750000002e-06	9.996625000000005e-06	9.989531250000009e-06	9.984437500000008e-06	9.976500000000005e-06	9.585468750000005e-06	7.350375000000002e-06	5.31278125e-06	6.957937499999999e-06	9.354937500000003e-06	9.943218750000006e-06	9.96300000000001e-06	9.963562500000006e-06	9.972500000000005e-06	9.988281250000006e-06	9.999000000000004e-06	1.0000000000000004e-05	1.0000000000000004e-05
3400	9.990625000000004e-06	9.992500000000003e-06	9.994781250000003e-06	9.995843750000007e-06	9.979437500000006e-06	9.933531250000003e-06	9.532625000000003e-06	7.732468750000002e-06	6.0364375e-06	7.204031250000001e-06	9.27375e-06	9.883750000000003e-06	9.800593750000002e-06	9.7314375e-06	9.774781250000004e-06	9.870406250000003e-06	9.915343750000008e-06	9.910656250000005e-06	9.903125000000004e-06
3500	1.0000000000000004e-05	1.0000000000000004e-05	1.0000000000000004e-05	9.999625000000005e-06	9.979843750000009e-06	9.924625000000005e-06	9.280906250000003e-06	6.8284687499999994e-06	4.65659375e-06	6.157000000000001e-06	8.900625000000003e-06	9.856437500000005e-06	9.925343750000006e-06	9.936031250000003e-06	9.872312500000005e-06	9.82825e-06	9.858625000000004e-06	9.896937500000003e-06	9.906250000000004e-06
3600	1.0000000000000003e-05	1.0000000000000003e-05	1.0000000000000003e-05	9.999066666666672e-06	9.983e-06	9.934200000000002e-06	9.852433333333336e-06	9.734500000000001e-06	9.65466666666667e-06	9.682766666666668e-06	9.743133333333332e-06	9.758499999999998e-06	9.729966666666663e-06	9.7307e-06	9.8229e-06	9.9436e-06	9.997233333333337e-06	1.0000000000000003e-05	1.0000000000000003e-05
3700	1.0000000000000004e-05	1.0000000000000004e-05	1.0000000000000004e-05	9.993750000000007e-06	9.959562500000006e-06	9.904218750000004e-06	9.843562500000006e-06	9.737906250000003e-06	9.6498125e-06	9.684968750000002e-06	9.768750000000004e-06	9.782593750000001e-06	9.733656250000002e-06	9.7165625e-06	9.77803125e-06	9.863218750000002e-06	9.901437500000004e-06	9.904718750000003e-06	9.906250000000002e-06
3800	9.996551724137936e-06	9.997586206896555e-06	9.983586206896556e-06	9.918103448275862e-06	9.805827586206896e-06	9.738620689655173e-06	9.807275862068966e-06	9.910137931034483e-06	9.883620689655174e-06	9.79393103448276e-06	9.76706896551724e-06	9.762344827586206e-06	9.724068965517239e-06	9.702000000000001e-06	9.759241379310344e-06	9.858586206896553e-06	9.905689655172418e-06	9.906793103448282e-06	9.906896551724142e-06
3900	1.0000000000000004e-05	1.0000000000000004e-05	9.989516129032263e-06	9.923225806451616e-06	9.800419354838712e-06	9.770096774193547e-06	9.882354838709681e-06	9.950096774193552e-06	9.889387096774197e-06	9.82258064516129e-06	9.811677419354842e-06	9.793677419354838e-06	9.737935483870969e-06	9.712967741935482e-06	9.77941935483871e-06	9.86558064516129e-06	9.899161290322582e-06	9.906483870967743e-06	9.909677419354841e-06
4000	9.945161290322583e-06	9.936935483870973e-06	9.929483870967744e-06	9.654935483870972e-06	7.945580645161292e-06	6.4889677419354825e-06	7.906258064516129e-06	9.638032258064519e-06	9.857064516129036e-06	9.743193548387098e-06	9.737419354838712e-06	9.789225806451613e-06	9.777612903225808e-06	9.753774193548387e-06	9.807838709677417e-06	9.89745161290323e-06	9.963129032258071e-06	9.992838709677426e-06	9.996774193548395e-06
4100	9.970967741935486e-06	9.965419354838715e-06	9.938064516129034e-06	9.900258064516132e-06	9.842000000000002e-06	9.789967741935487e-06	9.829548387096777e-06	9.887677419354842e-06	9.834645161290325e-06	9.762806451612904e-06	9.76016129032258e-06	9.337612903225809e-06	8.322096774193545e-06	8.153709677419354e-06	9.192806451612903e-06	9.837000000000006e-06	9.876806451612905e-06	9.918129032258067e-06	9.94193548387097e-06
4200	9.953333333333337e-06	9.941700000000003e-06	9.911633333333335e-06	9.883866666666669e-06	9.839066666666669e-06	9.788533333333335e-06	9.814700000000001e-06	9.864400000000002e-06	9.818966666666669e-06	9.756700000000003e-06	9.7514e-06	9.130866666666666e-06	7.770666666666663e-06	7.625866666666667e-06	8.972899999999998e-06	9.773900000000001e-06	9.858466666666669e-06	9.925300000000003e-06	9.953333333333337e-06
4300	9.958064516129039e-06	9.946129032258071e-06	9.915935483870973e-06	9.87335483870968e-06	9.798322580645162e-06	9.74767741935484e-06	9.805387096774197e-06	9.86970967741936e-06	9.824709677419359e-06	9.76593548387097e-06	9.752354838709677e-06	9.699516129032257e-06	9.670774193548387e-06	9.737741935483872e-06	9.803419354838712e-06	9.837290322580647e-06	9.883741935483874e-06	9.928903225806455e-06	9.945161290322583e-06
4400	9.960000000000006e-06	9.947533333333334e-06	9.915233333333338e-06	9.866933333333337e-06	9.778666666666667e-06	9.693333333333333e-06	9.728633333333335e-06	9.827733333333336e-06	9.824066666666668e-06	9.772100000000003e-06	9.758900000000002e-06	9.6891e-06	9.645566666666668e-06	9.7834e-06	9.945233333333336e-06	9.996166666666671e-06	1.0000000000000003e-05	1.0000000000000003e-05	1.0000000000000003e-05
4500	9.951724137931039e-06	9.933793103448277e-06	9.866310344827589e-06	9.798896551724137e-06	9.736551724137932e-06	9.649999999999999e-06	9.612586206896549e-06	9.622e-06	9.614206896551723e-06	9.643206896551722e-06	9.776965517241381e-06	9.91089655172414e-06	9.970655172413796e-06	9.994344827586208e-06	9.998931034482762e-06	9.990689655172418e-06	9.960344827586208e-06	9.92548275862069e-06	9.913793103448275e-06
4600	9.971875000000007e-06	9.939812500000007e-06	9.859656250000004e-06	9.7875e-06	9.728406250000002e-06	9.654218750000001e-06	9.610843750000001e-06	9.61003125e-06	9.616750000000002e-06	9.669593750000001e-06	9.796687500000005e-06	9.924593750000004e-06	9.987468750000003e-06	1.0000000000000004e-05	1.0000000000000004e-05	9.995656250000007e-06	9.969093750000002e-06	9.937500000000003e-06	9.928125000000004e-06
4700	9.873333333333338e-06	9.848333333333337e-06	9.7827e-06	9.727566666666665e-06	9.692966666666665e-06	9.640333333333333e-06	9.610433333333332e-06	9.616233333333331e-06	9.6153e-06	9.637300000000002e-06	9.695466666666667e-06	9.778666666666667e-06	9.88516666666667e-06	9.968266666666672e-06	9.998000000000003e-06	9.995400000000001e-06	9.969366666666671e-06	9.933966666666668e-06	9.92e-06
4800	9.431250000000004e-06	9.112125000000002e-06	8.77059375e-06	9.202718750000002e-06	9.66740625e-06	9.644250000000002e-06	9.610625e-06	9.59471875e-06	9.419156250000005e-06	9.284625000000004e-06	9.501062500000002e-06	9.762406250000002e-06	9.889531250000005e-06	9.968187500000003e-06	9.992718750000005e-06	9.997406250000004e-06	9.999718750000003e-06	1.0000000000000004e-05	1.0000000000000004e-05
4900	9.822580645161294e-06	9.805161290322583e-06	9.769161290322584e-06	9.746032258064519e-06	9.700645161290325e-06	9.643612903225807e-06	9.573225806451612e-06	9.41432258064516e-06	9.358032258064517e-06	9.527129032258064e-06	9.69616129032258e-06	9.761580645161294e-06	9.787967741935488e-06	9.819161290322581e-06	9.89935483870968e-06	9.977838709677422e-06	9.997387096774202e-06	9.996774193548395e-06	9.996774193548395e-06
5000	9.803125000000005e-06	9.783843750000004e-06	9.750718750000001e-06	9.73484375e-06	9.664875000000001e-06	9.327593749999998e-06	8.372531250000002e-06	7.2169687500000034e-06	7.317343750000001e-06	8.6320625e-06	9.562218750000001e-06	9.7599375e-06	9.779875e-06	9.808437500000003e-06	9.854281250000002e-06	9.896593750000004e-06	9.934500000000001e-06	9.968250000000002e-06	9.98125e-06
5100	9.83529411764706e-06	9.824323529411768e-06	9.781617647058827e-06	9.714705882352943e-06	9.607705882352944e-06	9.252617647058826e-06	8.282764705882353e-06	7.321705882352945e-06	7.770441176470593e-06	9.078617647058827e-06	9.703764705882357e-06	9.766676470588238e-06	9.812441176470595e-06	9.845823529411768e-06	9.877823529411769e-06	9.914264705882358e-06	9.947794117647064e-06	9.975911764705885e-06	9.985294117647063e-06
5200	9.830000000000004e-06	9.798133333333335e-06	9.743933333333333e-06	9.667733333333336e-06	9.0931e-06	6.2232999999999985e-06	2.994800000000001e-06	3.749e-06	6.424100000000002e-06	8.21326666666667e-06	9.322633333333331e-06	9.743266666666667e-06	9.839866666666669e-06	9.910000000000002e-06	9.959133333333338e-06	9.986466666666672e-06	9.998600000000005e-06	1.0000000000000003e-05	1.0000000000000003e-05
5300	9.771428571428575e-06	9.736464285714285e-06	9.687357142857142e-06	9.61485714285714e-06	8.887999999999999e-06	6.37025e-06	3.478535714285715e-06	3.7603928571428587e-06	6.749750000000004e-06	9.006750000000003e-06	9.656714285714283e-06	9.757892857142856e-06	9.864892857142857e-06	9.957535714285718e-06	9.989607142857149e-06	9.995642857142861e-06	9.999214285714287e-06	1e-05	1e-05
5400	9.668750000000003e-06	9.648031250000002e-06	9.649875000000004e-06	9.711968749999999e-06	9.7504375e-06	9.741187500000002e-06	9.7218125e-06	9.682093750000003e-06	9.626312500000004e-06	9.645906250000002e-06	9.779406250000002e-06	9.875406250000002e-06	9.858e-06	9.832312500000003e-06	9.868250000000005e-06	9.937156250000002e-06	9.982187500000003e-06	9.987218750000001e-06	9.98125e-06
5500	9.771875e-06	9.701781250000001e-06	9.17309375e-06	8.74121875e-06	9.208437500000004e-06	9.68040625e-06	9.629906250000003e-06	9.439125000000001e-06	9.2305625e-06	9.244500000000001e-06	9.555250000000001e-06	8.530343750000002e-06	5.0295312499999995e-06	3.1904999999999998e-06	5.900812500000001e-06	8.98065625e-06	9.839843750000003e-06	9.905781250000003e-06	9.921875000000004e-06
5600	9.80666666666667e-06	9.771300000000002e-06	9.652466666666671e-06	9.592166666666671e-06	9.668533333333332e-06	9.7262e-06	9.723933333333335e-06	9.694866666666666e-06	9.626533333333335e-06	9.59316666666667e-06	9.6731e-06	9.250366666666669e-06	8.047666666666666e-06	7.839233333333335e-06	9.055000000000002e-06	9.787000000000001e-06	9.860433333333336e-06	9.930033333333335e-06	9.946666666666669e-06
5700	9.809375000000005e-06	9.765125000000006e-06	9.638687500000004e-06	9.583343750000002e-06	9.662968750000002e-06	9.718656250000003e-06	9.711562500000001e-06	9.68328125e-06	9.629187500000002e-06	9.612500000000002e-06	9.689906250000004e-06	8.625812499999999e-06	5.513999999999998e-06	4.534093750000002e-06	7.5260000000000004e-06	9.650906250000001e-06	9.843812500000005e-06	9.918968750000006e-06	9.943750000000006e-06
5800	9.79677419354839e-06	9.63161290322581e-06	7.957387096774196e-06	6.449225806451613e-06	7.927903225806452e-06	9.550677419354844e-06	9.524193548387096e-06	9.163709677419354e-06	9.098129032258063e-06	9.4081935483871e-06	9.65787096774194e-06	9.265677419354837e-06	6.836709677419355e-06	5.049516129032259e-06	7.21041935483871e-06	9.48732258064516e-06	9.850258064516133e-06	9.94241935483871e-06	9.974193548387097e-06
5900	9.80666666666667e-06	9.409400000000002e-06	7.624533333333333e-06	6.512200000000001e-06	8.145533333333335e-06	9.592466666666667e-06	9.654e-06	9.615833333333332e-06	9.586233333333333e-06	9.58696666666667e-06	9.668233333333337e-06	8.805533333333336e-06	6.657633333333331e-06	6.377433333333333e-06	8.573933333333336e-06	9.869566666666668e-06	9.933800000000001e-06	9.961166666666672e-06	9.966666666666672e-06
6000	9.490909090909097e-06	9.01506060606061e-06	6.75809090909091e-06	5.407454545454547e-06	7.610909090909091e-06	9.537636363636364e-06	9.381545454545455e-06	8.613272727272727e-06	8.421939393939394e-06	9.153757575757577e-06	9.675545454545458e-06	9.153000000000002e-06	7.348454545454546e-06	6.702939393939393e-06	8.538060606060606e-06	9.847878787878793e-06	9.926363636363642e-06	9.957181818181828e-06	9.963636363636373e-06
6100	9.756249999999998e-06	9.67771875e-06	9.554031250000003e-06	9.591031250000004e-06	9.71796875e-06	9.741687500000003e-06	9.707500000000003e-06	9.654250000000005e-06	9.330125000000002e-06	9.048125000000004e-06	9.346968750000003e-06	8.440062500000003e-06	4.641812499999999e-06	2.4423124999999995e-06	5.499750000000003e-06	9.071125000000004e-06	9.985843750000007e-06	9.992687500000006e-06	9.993750000000009e-06
6200	9.722580645161292e-06	9.724193548387102e-06	9.792548387096779e-06	9.884258064516133e-06	9.888806451612906e-06	9.861225806451619e-06	9.824903225806456e-06	9.742677419354841e-06	9.630096774193552e-06	9.586000000000004e-06	9.671387096774195e-06	8.99525806451613e-06	5.5668709677419384e-06	2.812709677419355e-06	5.482032258064518e-06	9.10893548387097e-06	9.997322580645165e-06	1.0000000000000004e-05	1.0000000000000004e-05
6300	5.625806451612904e-06	5.641290322580645e-06	7.073774193548387e-06	9.136806451612904e-06	9.765774193548388e-06	9.704032258064515e-06	9.567838709677418e-06	9.399548387096772e-06	9.38932258064516e-06	9.553548387096773e-06	9.679258064516127e-06	8.29983870967742e-06	4.82541935483871e-06	3.2622258064516127e-06	5.886870967741938e-06	8.998290322580647e-06	9.99287096774194e-06	9.993612903225814e-06	9.99032258064517e-06
6400	4.815625e-06	4.810999999999999e-06	6.769718750000001e-06	9.246218750000003e-06	9.708562500000005e-06	9.645468749999999e-06	9.427843750000001e-06	8.932999999999999e-06	8.828812500000003e-06	9.31234375e-06	9.6555625e-06	8.37028125e-06	4.514781249999999e-06	2.6439375000000007e-06	5.892406250000002e-06	9.237843750000005e-06	9.994593750000005e-06	1.0000000000000004e-05	1.0000000000000004e-05
6500	7.663333333333332e-06	6.380966666666665e-06	4.8934e-06	6.4892666666666664e-06	8.8711e-06	9.627833333333333e-06	9.8244e-06	9.844166666666666e-06	9.840066666666664e-06	9.793366666666667e-06	9.615100000000002e-06	7.322100000000001e-06	3.403166666666666e-06	3.2466999999999998e-06	6.743599999999999e-06	9.2398e-06	9.881900000000003e-06	9.936866666666671e-06	9.953333333333337e-06
6600	1.0000000000000004e-05	9.999593750000003e-06	9.985281250000005e-06	9.919781250000005e-06	9.81084375e-06	9.770437500000003e-06	9.806875000000004e-06	9.824843750000003e-06	9.815062500000003e-06	9.779968750000002e-06	9.705906250000005e-06	8.448125e-06	4.76709375e-06	2.6824687500000005e-06	5.588593749999998e-06	8.965875e-06	9.873218750000002e-06	9.938343750000006e-06	9.953125000000005e-06
6700	1.0000000000000003e-05	1.0000000000000003e-05	9.989733333333335e-06	9.925766666666672e-06	9.815800000000002e-06	9.774800000000002e-06	9.801900000000004e-06	9.792966666666668e-06	9.754133333333334e-06	9.732866666666664e-06	9.725966666666668e-06	8.697466666666666e-06	6.134466666666668e-06	4.8547e-06	6.689766666666665e-06	9.076633333333334e-06	9.9195e-06	9.962733333333339e-06	9.973333333333338e-06
6800	1.000000000000001e-05	1.000000000000001e-05	1.000000000000001e-05	1.000000000000001e-05	9.9994705882353e-06	9.979676470588242e-06	9.908676470588239e-06	9.823411764705886e-06	9.760617647058825e-06	9.717970588235297e-06	9.669088235294122e-06	8.123176470588237e-06	4.104205882352941e-06	2.3475882352941178e-06	5.6632647058823515e-06	9.026970588235298e-06	9.88411764705883e-06	9.957411764705887e-06	9.973529411764711e-06
6900	9.612500000000003e-06	9.398218750000002e-06	9.103468750000003e-06	9.395750000000004e-06	9.855250000000005e-06	9.906750000000003e-06	9.836625000000003e-06	9.811125000000003e-06	9.817625000000004e-06	9.7546875e-06	9.455156250000003e-06	7.246218749999998e-06	3.2034062499999997e-06	2.42953125e-06	6.02425e-06	9.027875e-06	9.801593750000002e-06	9.897531250000002e-06	9.928125000000004e-06
7000	9.918750000000006e-06	9.917281250000006e-06	9.937343750000005e-06	9.977656250000003e-06	9.985593750000006e-06	9.926281250000006e-06	9.831281250000002e-06	9.783625e-06	9.760687500000002e-06	9.682125000000002e-06	9.422375000000003e-06	6.97815625e-06	2.690781249999999e-06	2.4757812499999996e-06	6.563656249999998e-06	9.27490625e-06	9.788562500000004e-06	9.870718750000007e-06	9.893750000000005e-06
7100	7.370967741935486e-06	6.045935483870969e-06	4.5067419354838715e-06	6.4940645161290334e-06	9.301483870967746e-06	9.949161290322584e-06	9.989451612903231e-06	9.737000000000004e-06	8.813032258064518e-06	7.543032258064518e-06	7.173322580645162e-06	5.456903225806452e-06	1.917161290322581e-06	2.407451612903225e-06	6.492967741935483e-06	9.169064516129035e-06	9.890451612903227e-06	9.948129032258069e-06	9.96129032258065e-06
7200	7.474999999999999e-06	6.5744999999999995e-06	5.840718749999999e-06	7.541375000000002e-06	9.491156250000004e-06	9.952093750000004e-06	9.988437500000003e-06	9.933250000000004e-06	9.777125000000005e-06	9.613656250000003e-06	9.621125000000004e-06	9.733281250000004e-06	9.768000000000004e-06	9.724468750000003e-06	9.473968750000002e-06	8.958687500000005e-06	8.925375000000004e-06	9.501468750000005e-06	9.818750000000003e-06
7300	1.0000000000000003e-05	1.0000000000000003e-05	1.0000000000000003e-05	9.999517241379312e-06	9.969551724137934e-06	9.890758620689657e-06	9.794551724137933e-06	9.27096551724138e-06	6.434310344827582e-06	2.965724137931035e-06	3.862999999999998e-06	5.410931034482758e-06	2.921724137931035e-06	2.1080000000000004e-06	5.732310344827586e-06	8.982724137931032e-06	9.877e-06	9.944862068965517e-06	9.962068965517242e-06
7400	9.996875000000004e-06	9.996875000000004e-06	9.997093750000006e-06	9.996593750000001e-06	9.969625000000002e-06	9.887093750000004e-06	9.76065625e-06	9.0833125e-06	6.174249999999999e-06	2.8190624999999997e-06	3.7806250000000003e-06	5.404093749999998e-06	3.0645e-06	2.5383750000000005e-06	6.238249999999999e-06	9.17190625e-06	9.877656250000004e-06	9.945031250000004e-06	9.962500000000007e-06
7500	1.0000000000000004e-05	9.999812500000003e-06	9.985375000000004e-06	9.944375000000003e-06	9.896218750000007e-06	9.841062500000004e-06	9.750406250000003e-06	8.85634375e-06	5.776593750000001e-06	3.170968750000001e-06	4.80609375e-06	5.8622187500000025e-06	2.839062499999999e-06	2.255875e-06	6.11615625e-06	9.150281250000002e-06	9.861187500000006e-06	9.904843750000007e-06	9.909375000000005e-06
7600	1.0000000000000003e-05	9.999933333333336e-06	9.980433333333339e-06	9.93416666666667e-06	9.885466666666669e-06	9.844666666666667e-06	9.812566666666668e-06	9.4563e-06	8.370766666666668e-06	7.647166666666669e-06	8.345900000000001e-06	9.089966666666666e-06	9.111033333333335e-06	9.287266666666667e-06	9.48236666666667e-06	9.362233333333337e-06	9.447300000000007e-06	9.802466666666671e-06	9.976666666666669e-06
7700	9.996551724137936e-06	9.99775862068966e-06	9.995172413793107e-06	9.98637931034483e-06	9.963310344827591e-06	9.908275862068968e-06	9.84644827586207e-06	9.663310344827586e-06	9.243103448275858e-06	9.071206896551725e-06	9.398724137931032e-06	9.65693103448276e-06	9.66365517241379e-06	9.343931034482757e-06	7.33062068965517e-06	4.9586551724137935e-06	6.064344827586205e-06	8.84651724137931e-06	9.858620689655175e-06
7800	1.0000000000000004e-05	1.0000000000000004e-05	9.999387096774201e-06	9.996161290322588e-06	9.96935483870968e-06	9.902774193548392e-06	9.829354838709677e-06	9.632483870967745e-06	9.079677419354839e-06	8.801419354838709e-06	9.272580645161291e-06	9.649709677419355e-06	9.643032258064518e-06	8.953225806451612e-06	6.0159032258064495e-06	3.3211290322580644e-06	5.250838709677419e-06	8.75161290322581e-06	9.896774193548393e-06
7900	9.958064516129039e-06	9.95012903225807e-06	9.889419354838713e-06	9.82683870967742e-06	9.829483870967742e-06	9.84912903225807e-06	9.862806451612905e-06	9.229548387096774e-06	5.821129032258063e-06	3.0784516129032264e-06	5.798903225806452e-06	9.060516129032259e-06	9.600967741935488e-06	8.85635483870968e-06	5.403000000000003e-06	2.9916774193548395e-06	6.170806451612905e-06	9.458064516129037e-06	9.890322580645166e-06
8000	1.0000000000000004e-05	9.997193548387103e-06	9.967000000000005e-06	9.901483870967745e-06	9.850064516129032e-06	9.850129032258066e-06	9.864354838709682e-06	9.538806451612903e-06	7.068129032258064e-06	3.83741935483871e-06	4.832322580645163e-06	8.27306451612903e-06	9.625419354838708e-06	9.17309677419355e-06	6.43867741935484e-06	3.4443548387096784e-06	5.102258064516128e-06	8.655258064516128e-06	9.84516129032258e-06
8100	9.989655172413803e-06	9.990551724137935e-06	9.96396551724138e-06	9.902413793103448e-06	9.85255172413793e-06	9.847689655172413e-06	9.857551724137934e-06	9.502758620689659e-06	6.910172413793102e-06	3.8043448275862063e-06	5.118551724137932e-06	8.260482758620692e-06	8.73258620689655e-06	7.912827586206899e-06	5.594379310344831e-06	2.5092068965517243e-06	3.9159310344827594e-06	7.605068965517237e-06	8.789655172413789e-06
8200	9.921875000000004e-06	9.945593750000006e-06	9.950281250000004e-06	9.865593750000002e-06	9.774968750000002e-06	9.788468750000004e-06	9.844968750000001e-06	9.469062500000001e-06	7.079812500000002e-06	4.226218750000001e-06	5.311437500000001e-06	7.9976875e-06	7.8138125e-06	6.81096875e-06	5.596000000000004e-06	3.641875e-06	4.913249999999999e-06	7.928125e-06	8.85625e-06
8300	9.935483870967745e-06	9.953225806451619e-06	9.954483870967746e-06	9.887741935483876e-06	9.809129032258064e-06	9.804096774193552e-06	9.841354838709679e-06	9.587774193548388e-06	7.257290322580645e-06	4.3627741935483885e-06	5.530387096774194e-06	7.897129032258061e-06	6.971935483870967e-06	5.494161290322578e-06	4.195064516129032e-06	2.7941290322580646e-06	4.960741935483871e-06	8.440967741935482e-06	9.467741935483871e-06
8400	9.967741935483871e-06	9.976774193548395e-06	9.970193548387101e-06	9.909032258064519e-06	9.841483870967744e-06	9.833419354838714e-06	9.849258064516132e-06	9.710483870967743e-06	8.218580645161292e-06	5.801548387096775e-06	6.045806451612903e-06	7.591677419354839e-06	5.8967096774193525e-06	3.990709677419355e-06	4.057000000000003e-06	3.3952258064516133e-06	4.621e-06	8.163741935483871e-06	9.777419354838713e-06
8500	9.948484848484854e-06	9.954484848484855e-06	9.937666666666673e-06	9.875060606060612e-06	9.823000000000004e-06	9.80745454545455e-06	9.808606060606062e-06	9.508060606060607e-06	7.106606060606061e-06	4.213303030303031e-06	5.509060606060606e-06	7.983939393939398e-06	7.074272727272728e-06	5.919636363636366e-06	5.907606060606063e-06	5.301454545454547e-06	6.2918484848484845e-06	8.774060606060609e-06	9.809090909090913e-06
8600	9.937500000000003e-06	9.948843750000005e-06	9.951093750000005e-06	9.906093750000005e-06	9.848656250000005e-06	9.838125000000003e-06	9.856468750000004e-06	8.74396875e-06	5.076687500000001e-06	3.0903437500000004e-06	6.221187500000001e-06	9.379562500000003e-06	9.982375000000005e-06	9.991750000000006e-06	9.980968750000006e-06	9.972562500000004e-06	9.970000000000008e-06	9.970875000000006e-06	9.971875000000007e-06
8700	9.9e-06	9.9076e-06	9.941533333333336e-06	9.983933333333336e-06	1.0000000000000003e-05	1.0000000000000003e-05	1.0000000000000003e-05	9.97746666666667e-06	9.832800000000002e-06	9.637400000000005e-06	9.676733333333339e-06	9.885133333333336e-06	9.990466666666669e-06	1.0000000000000003e-05	1.0000000000000003e-05	9.992400000000006e-06	9.958466666666668e-06	9.916066666666666e-06	9.9e-06
8800	9.91935483870968e-06	9.926129032258068e-06	9.952516129032263e-06	9.986064516129036e-06	1.0000000000000004e-05	9.99822580645162e-06	9.98912903225807e-06	9.79277419354839e-06	8.20951612903226e-06	5.588290322580645e-06	5.7546774193548395e-06	8.565870967741939e-06	9.991838709677423e-06	9.998032258064524e-06	9.980580645161297e-06	9.93412903225807e-06	9.887612903225807e-06	9.873129032258065e-06	9.8741935483871e-06
8900	9.838235294117653e-06	9.86311764705883e-06	9.933352941176478e-06	9.98935294117648e-06	1.000000000000001e-05	1.000000000000001e-05	1.000000000000001e-05	9.952205882352947e-06	8.262500000000004e-06	5.2028823529411766e-06	5.377882352941178e-06	8.436088235294122e-06	9.950794117647067e-06	9.999323529411773e-06	9.980088235294125e-06	9.931352941176477e-06	9.887352941176473e-06	9.873529411764709e-06	9.873529411764709e-06
9000	9.9e-06	9.91015151515152e-06	9.9469393939394e-06	9.986787878787882e-06	1.0000000000000004e-05	1.0000000000000004e-05	1.0000000000000004e-05	9.961303030303033e-06	8.332515151515156e-06	5.426303030303032e-06	5.677818181818184e-06	8.596393939393942e-06	9.945969696969705e-06	9.929000000000003e-06	9.934393939393943e-06	9.974878787878794e-06	9.997181818181822e-06	1.0000000000000004e-05	1.0000000000000004e-05
9100	9.903333333333336e-06	9.912800000000003e-06	9.946633333333337e-06	9.984433333333337e-06	9.99693333333334e-06	9.994233333333342e-06	9.992466666666673e-06	9.956833333333338e-06	8.593700000000002e-06	5.906233333333332e-06	5.835800000000001e-06	8.518066666666669e-06	9.916466666666669e-06	9.900766666666668e-06	9.908633333333335e-06	9.96476666666667e-06	9.995833333333337e-06	1.0000000000000003e-05	1.0000000000000003e-05
9200	9.93793103448276e-06	9.930517241379315e-06	9.917689655172414e-06	9.933758620689657e-06	9.960413793103448e-06	9.943551724137933e-06	9.926241379310348e-06	9.924275862068967e-06	9.760000000000003e-06	9.429551724137936e-06	9.412689655172418e-06	9.752068965517246e-06	9.90186206896552e-06	9.859724137931034e-06	9.892103448275863e-06	9.961965517241382e-06	9.989931034482761e-06	9.975517241379312e-06	9.962068965517242e-06
9300	9.84516129032258e-06	9.839903225806453e-06	9.850870967741936e-06	9.903225806451616e-06	9.947354838709683e-06	9.934870967741939e-06	9.924129032258067e-06	9.933838709677424e-06	9.817225806451619e-06	9.63403225806452e-06	9.682935483870972e-06	9.871516129032263e-06	9.904290322580648e-06	9.854064516129034e-06	9.890290322580646e-06	9.952064516129036e-06	9.936258064516131e-06	9.87661290322581e-06	9.848387096774197e-06
9400	9.687500000000002e-06	9.68846875e-06	9.6875e-06	9.736187500000001e-06	9.841218750000003e-06	9.901781250000003e-06	9.918218750000004e-06	9.752718750000002e-06	7.973968750000001e-06	6.339312499999999e-06	7.912312500000001e-06	9.717093750000003e-06	9.852250000000004e-06	9.776781250000001e-06	9.838687500000004e-06	9.935500000000003e-06	9.921937500000007e-06	9.852937500000001e-06	9.821875000000002e-06
9500	9.890322580645166e-06	9.855193548387102e-06	9.784096774193549e-06	9.782032258064521e-06	9.860580645161293e-06	9.88361290322581e-06	9.841225806451617e-06	9.495967741935488e-06	8.207967741935484e-06	7.509258064516129e-06	8.757193548387096e-06	9.808419354838715e-06	9.832129032258067e-06	9.792161290322583e-06	9.854419354838712e-06	9.930258064516134e-06	9.924032258064521e-06	9.883774193548395e-06	9.867741935483877e-06
9600	9.912903225806456e-06	9.892354838709681e-06	9.824419354838714e-06	9.793806451612905e-06	9.850161290322582e-06	9.875032258064517e-06	9.852032258064517e-06	9.557322580645162e-06	6.7884193548387115e-06	3.226193548387096e-06	4.653064516129033e-06	8.539258064516131e-06	9.850935483870971e-06	9.77367741935484e-06	9.83961290322581e-06	9.940709677419357e-06	9.934967741935488e-06	9.874290322580647e-06	9.84516129032258e-06
9700	9.862500000000004e-06	9.847375000000005e-06	9.789968750000002e-06	9.752968750000003e-06	9.784687500000004e-06	9.810843750000004e-06	9.810312500000006e-06	9.600062500000004e-06	6.946375e-06	2.932125e-06	3.826875000000001e-06	8.100843750000003e-06	9.890656250000007e-06	9.871593750000003e-06	9.914625000000003e-06	9.977250000000005e-06	9.974437500000003e-06	9.929250000000002e-06	9.906250000000002e-06
9800	9.850000000000002e-06	9.834200000000005e-06	9.781733333333335e-06	9.755333333333333e-06	9.7841e-06	9.796833333333336e-06	9.801900000000002e-06	9.629000000000002e-06	7.320233333333334e-06	3.594733333333333e-06	4.131500000000001e-06	8.084966666666666e-06	9.878500000000004e-06	9.852166666666669e-06	9.897000000000005e-06	9.972733333333335e-06	1.0000000000000003e-05	1.0000000000000003e-05	1.0000000000000003e-05
9900	9.87e-06	9.856533333333333e-06	9.792866666666666e-06	9.7481e-06	9.781966666666669e-06	9.804300000000002e-06	9.809966666666668e-06	9.452100000000004e-06	6.326466666666664e-06	2.8018666666666656e-06	4.8059e-06	8.741966666666669e-06	9.873433333333334e-06	9.839366666666671e-06	9.895300000000003e-06	9.975433333333336e-06	9.99876666666667e-06	1.0000000000000003e-05	1.0000000000000003e-05
10000	9.871875000000003e-06	9.850843750000005e-06	9.783093750000004e-06	9.742968750000003e-06	9.751281250000003e-06	9.728093750000002e-06	9.734750000000004e-06	9.575687500000003e-06	6.904906250000001e-06	3.336125000000001e-06	4.7486562499999994e-06	8.575187500000003e-06	9.904218750000004e-06	9.930000000000003e-06	9.973781250000005e-06	9.997718750000004e-06	1.0000000000000004e-05	1.0000000000000004e-05	1.0000000000000004e-05
