	site
generation	50	100	150	200	250	300	350	400	450	500	550	600	650	700	750	800	850	900	950
0	1.0000000000000004e-05	1.0000000000000004e-05	1.0000000000000004e-05	1.0000000000000004e-05	1.0000000000000004e-05	1.0000000000000004e-05	1.0000000000000004e-05	1.0000000000000004e-05	1.0000000000000004e-05	1.0000000000000004e-05	1.0000000000000004e-05	1.0000000000000004e-05	1.0000000000000004e-05	1.0000000000000004e-05	1.0000000000000004e-05	1.0000000000000004e-05	1.0000000000000004e-05	1.0000000000000004e-05	1.0000000000000004e-05
100	9.95757575757576e-06	9.971303030303034e-06	9.991000000000001e-06	9.998030303030308e-06	9.988515151515158e-06	9.952272727272736e-06	9.927636363636369e-06	9.95042424242425e-06	9.981272727272735e-06	9.994272727272733e-06	9.988060606060613e-06	9.952878787878793e-06	9.931000000000004e-06	9.959242424242428e-06	9.992151515151518e-06	1.0000000000000004e-05	9.99875757575758e-06	9.995727272727277e-06	9.993939393939399e-06
200	9.947058823529416e-06	9.962735294117654e-06	9.98920588235295e-06	1.000000000000001e-05	1.000000000000001e-05	1.000000000000001e-05	9.999294117647069e-06	9.997823529411773e-06	9.991000000000008e-06	9.957647058823534e-06	9.913294117647063e-06	9.89517647058824e-06	9.905705882352945e-06	9.946411764705889e-06	9.987764705882362e-06	1.000000000000001e-05	9.993235294117656e-06	9.974117647058832e-06	9.96176470588236e-06
300	9.953125000000005e-06	9.943750000000005e-06	9.930156250000004e-06	9.927031250000004e-06	9.917406250000003e-06	9.916375000000004e-06	9.950187500000006e-06	9.985062500000006e-06	9.993687500000005e-06	9.972843750000007e-06	9.930812500000004e-06	9.905312500000006e-06	9.916562500000008e-06	9.932187500000009e-06	9.922468750000001e-06	9.906406250000004e-06	9.894312500000004e-06	9.877562500000003e-06	9.868750000000006e-06
400	1.0000000000000004e-05	1.0000000000000004e-05	1.0000000000000004e-05	9.99563636363637e-06	9.970606060606068e-06	9.928969696969703e-06	9.924484848484856e-06	9.966303030303037e-06	9.995818181818186e-06	1.0000000000000004e-05	1.0000000000000004e-05	1.0000000000000004e-05	1.0000000000000004e-05	1.0000000000000004e-05	1.0000000000000004e-05	1.0000000000000004e-05	1.0000000000000004e-05	1.0000000000000004e-05	1.0000000000000004e-05
500	9.99354838709678e-06	9.996580645161293e-06	9.999806451612906e-06	9.991354838709684e-06	9.949096774193552e-06	9.876193548387097e-06	9.82667741935484e-06	9.849064516129035e-06	9.924870967741939e-06	9.973580645161295e-06	9.948193548387102e-06	9.889677419354843e-06	9.873096774193553e-06	9.920838709677426e-06	9.978064516129035e-06	9.998935483870972e-06	9.998032258064526e-06	9.996774193548395e-06	9.996774193548395e-06
600	1.0000000000000004e-05	1.0000000000000004e-05	1.0000000000000004e-05	9.993225806451617e-06	9.933322580645165e-06	9.817451612903228e-06	9.760193548387098e-06	9.817290322580647e-06	9.916354838709683e-06	9.974548387096776e-06	9.954935483870974e-06	9.895129032258066e-06	9.879322580645165e-06	9.927741935483872e-06	9.958225806451618e-06	9.932322580645163e-06	9.927677419354843e-06	9.961032258064523e-06	9.977419354838718e-06
700	1.0000000000000004e-05	1.0000000000000004e-05	1.0000000000000004e-05	9.996354838709685e-06	9.951387096774199e-06	9.867096774193552e-06	9.840064516129034e-06	9.89054838709678e-06	9.950483870967746e-06	9.984741935483877e-06	9.972387096774198e-06	9.928806451612906e-06	9.917870967741935e-06	9.953322580645167e-06	9.97329032258065e-06	9.955612903225812e-06	9.954225806451616e-06	9.978387096774199e-06	9.99032258064517e-06
800	9.99354838709678e-06	9.996483870967745e-06	9.999709677419358e-06	9.993419354838717e-06	9.940645161290326e-06	9.834838709677424e-06	9.755935483870968e-06	9.78567741935484e-06	9.898580645161293e-06	9.973645161290329e-06	9.973870967741941e-06	9.955645161290328e-06	9.95129032258065e-06	9.966935483870973e-06	9.98935483870968e-06	9.999516129032263e-06	1.0000000000000004e-05	1.0000000000000004e-05	1.0000000000000004e-05
900	9.99354838709678e-06	9.995677419354845e-06	9.994064516129038e-06	9.958322580645167e-06	9.750483870967746e-06	9.391806451612906e-06	9.380741935483874e-06	9.760000000000005e-06	9.964258064516134e-06	9.939129032258066e-06	9.906838709677424e-06	9.918741935483874e-06	9.962064516129037e-06	9.991000000000003e-06	9.998774193548394e-06	9.997709677419364e-06	9.997451612903232e-06	9.999064516129035e-06	1.0000000000000004e-05
1000	1.0000000000000003e-05	1.0000000000000003e-05	1.0000000000000003e-05	1.0000000000000003e-05	1.0000000000000003e-05	1.0000000000000003e-05	1.0000000000000003e-05	9.995500000000003e-06	9.969133333333338e-06	9.924766666666672e-06	9.900033333333333e-06	9.870199999999999e-06	9.839233333333336e-06	9.887066666666669e-06	9.946466666666669e-06	9.933833333333336e-06	9.928700000000004e-06	9.9572e-06	9.970000000000003e-06
1100	1.0000000000000003e-05	9.999000000000004e-06	9.99727586206897e-06	9.997551724137935e-06	9.999275862068969e-06	1.0000000000000003e-05	1.0000000000000003e-05	9.994620689655178e-06	9.97044827586207e-06	9.937931034482762e-06	9.927103448275865e-06	9.900620689655172e-06	9.86079310344828e-06	9.896689655172415e-06	9.956482758620693e-06	9.95341379310345e-06	9.946793103448278e-06	9.968000000000002e-06	9.979310344827587e-06
1200	9.996875000000004e-06	9.985187500000006e-06	9.952593750000005e-06	9.906000000000003e-06	9.725781250000001e-06	9.571468750000001e-06	9.719062500000004e-06	9.874593750000002e-06	9.875750000000003e-06	9.860812500000001e-06	9.857406250000002e-06	9.851000000000003e-06	9.842000000000003e-06	9.891687500000001e-06	9.969500000000003e-06	9.999781250000004e-06	1.0000000000000004e-05	1.0000000000000004e-05	1.0000000000000004e-05
1300	1e-05	1e-05	9.996964285714289e-06	9.928178571428571e-06	8.56085714285714e-06	6.869e-06	7.691785714285715e-06	9.27685714285714e-06	9.653714285714281e-06	9.643607142857139e-06	9.589250000000003e-06	9.563714285714287e-06	9.640892857142857e-06	9.752071428571429e-06	9.815892857142856e-06	9.803785714285712e-06	9.78632142857143e-06	9.814535714285715e-06	9.832142857142858e-06
1400	1.0000000000000003e-05	1.0000000000000003e-05	9.997533333333337e-06	9.932200000000005e-06	8.867633333333335e-06	7.271300000000001e-06	7.593233333333335e-06	9.135466666666666e-06	9.846833333333335e-06	9.96243333333334e-06	9.991166666666672e-06	9.991933333333338e-06	9.996933333333336e-06	1.0000000000000003e-05	1.0000000000000003e-05	1.0000000000000003e-05	9.9984e-06	9.99006666666667e-06	9.983333333333335e-06
1500	1.0000000000000004e-05	1.0000000000000004e-05	9.996709677419358e-06	9.288806451612905e-06	5.720870967741936e-06	2.536741935483871e-06	4.995580645161291e-06	8.772129032258067e-06	9.855290322580646e-06	9.970064516129035e-06	9.999290322580648e-06	1.0000000000000004e-05	1.0000000000000004e-05	1.0000000000000004e-05	9.99932258064517e-06	9.997709677419364e-06	9.992000000000004e-06	9.975870967741937e-06	9.96451612903226e-06
1600	1.0000000000000004e-05	1.0000000000000004e-05	1.0000000000000004e-05	1.0000000000000004e-05	1.0000000000000004e-05	1.0000000000000004e-05	1.0000000000000004e-05	1.0000000000000004e-05	1.0000000000000004e-05	1.0000000000000004e-05	1.0000000000000004e-05	1.0000000000000004e-05	1.0000000000000004e-05	1.0000000000000004e-05	1.0000000000000004e-05	1.0000000000000004e-05	1.0000000000000004e-05	1.0000000000000004e-05	1.0000000000000004e-05
1700	1.0000000000000003e-05	1.0000000000000003e-05	1.0000000000000003e-05	9.998400000000006e-06	9.991733333333336e-06	9.98786666666667e-06	9.992866666666672e-06	9.997066666666671e-06	9.998733333333336e-06	9.998733333333338e-06	9.997066666666673e-06	9.997533333333337e-06	9.997533333333339e-06	9.994600000000006e-06	9.989600000000003e-06	9.988333333333337e-06	9.991666666666675e-06	9.99333333333334e-06	9.99333333333334e-06
1800	1.0000000000000004e-05	1.0000000000000004e-05	1.0000000000000004e-05	1.0000000000000004e-05	1.0000000000000004e-05	1.0000000000000004e-05	1.0000000000000004e-05	1.0000000000000004e-05	1.0000000000000004e-05	1.0000000000000004e-05	1.0000000000000004e-05	1.0000000000000004e-05	1.0000000000000004e-05	1.0000000000000004e-05	1.0000000000000004e-05	1.0000000000000004e-05	1.0000000000000004e-05	1.0000000000000004e-05	1.0000000000000004e-05
1900	9.966666666666672e-06	9.973000000000006e-06	9.987818181818186e-06	9.745060606060613e-06	7.871030303030306e-06	4.706575757575756e-06	4.4731818181818196e-06	7.571363636363639e-06	9.67475757575758e-06	9.991696969696976e-06	9.997575757575762e-06	1.0000000000000004e-05	1.0000000000000004e-05	9.999696969696971e-06	9.998181818181821e-06	9.996969696969698e-06	9.996969696969698e-06	9.996969696969698e-06	9.996969696969698e-06
2000	9.97142857142858e-06	9.959500000000002e-06	9.927071428571428e-06	9.742785714285713e-06	7.538178571428574e-06	4.148892857142856e-06	4.696928571428571e-06	8.120714285714286e-06	9.818357142857144e-06	9.994357142857144e-06	1e-05	9.999857142857144e-06	9.981892857142858e-06	9.941785714285716e-06	9.911535714285716e-06	9.903500000000001e-06	9.917892857142857e-06	9.942964285714287e-06	9.953571428571429e-06
2100	9.977419354838718e-06	9.96429032258065e-06	9.935225806451617e-06	9.66993548387097e-06	7.892645161290323e-06	4.657645161290325e-06	3.792064516129032e-06	6.597548387096777e-06	9.263935483870968e-06	9.958741935483875e-06	9.937419354838713e-06	9.944000000000005e-06	9.970806451612908e-06	9.956322580645163e-06	9.92735483870968e-06	9.915838709677422e-06	9.898000000000006e-06	9.880548387096779e-06	9.877419354838712e-06
2200	9.975000000000005e-06	9.957250000000007e-06	9.920125000000004e-06	9.644468750000003e-06	7.794781249999999e-06	3.869281249999999e-06	2.4766250000000006e-06	5.996906250000001e-06	9.237593750000002e-06	9.904843750000005e-06	9.906062500000002e-06	9.926968750000006e-06	9.965000000000004e-06	9.948781250000004e-06	9.913937500000001e-06	9.90603125e-06	9.910000000000003e-06	9.913343750000007e-06	9.912500000000005e-06
2300	9.793750000000003e-06	9.749375000000004e-06	9.70628125e-06	9.784281250000003e-06	9.888500000000004e-06	9.908375000000002e-06	9.835031250000004e-06	9.694906250000003e-06	9.670875000000006e-06	9.800843750000004e-06	9.869718750000004e-06	9.846343750000002e-06	9.864156250000005e-06	9.903281250000001e-06	9.909093750000001e-06	9.90603125e-06	9.916468750000005e-06	9.938562500000002e-06	9.950000000000005e-06
2400	9.983870967741943e-06	9.986064516129039e-06	9.993322580645168e-06	9.9991935483871e-06	1.0000000000000004e-05	1.0000000000000004e-05	9.997870967741941e-06	9.985774193548391e-06	9.969064516129034e-06	9.969387096774201e-06	9.974548387096776e-06	9.965064516129039e-06	9.96212903225807e-06	9.976903225806459e-06	9.991096774193556e-06	9.988838709677423e-06	9.975580645161291e-06	9.969806451612904e-06	9.970967741935486e-06
2500	1.0000000000000004e-05	1.0000000000000004e-05	1.0000000000000004e-05	1.0000000000000004e-05	1.0000000000000004e-05	1.0000000000000004e-05	1.0000000000000004e-05	1.0000000000000004e-05	1.0000000000000004e-05	1.0000000000000004e-05	1.0000000000000004e-05	1.0000000000000004e-05	1.0000000000000004e-05	1.0000000000000004e-05	1.0000000000000004e-05	1.0000000000000004e-05	1.0000000000000004e-05	1.0000000000000004e-05	1.0000000000000004e-05
2600	1.0000000000000004e-05	1.0000000000000004e-05	1.0000000000000004e-05	1.0000000000000004e-05	1.0000000000000004e-05	1.0000000000000004e-05	1.0000000000000004e-05	1.0000000000000004e-05	1.0000000000000004e-05	1.0000000000000004e-05	9.996290322580648e-06	9.976000000000004e-06	9.950935483870968e-06	9.957645161290326e-06	9.979354838709682e-06	9.969419354838715e-06	9.948419354838713e-06	9.954193548387099e-06	9.96451612903226e-06
2700	9.99354838709678e-06	9.988677419354845e-06	9.981870967741942e-06	9.986774193548392e-06	9.996806451612907e-06	9.996516129032265e-06	9.98880645161291e-06	9.98470967741936e-06	9.988838709677426e-06	9.994709677419362e-06	9.992548387096784e-06	9.984580645161297e-06	9.981903225806458e-06	9.98512903225807e-06	9.988354838709685e-06	9.993064516129038e-06	9.998258064516134e-06	1.0000000000000004e-05	1.0000000000000004e-05
2800	9.932258064516135e-06	9.94512903225807e-06	9.97622580645162e-06	9.995612903225815e-06	9.997354838709684e-06	9.998967741935488e-06	1.0000000000000004e-05	1.0000000000000004e-05	9.997806451612911e-06	9.994580645161299e-06	9.993258064516138e-06	9.973935483870973e-06	9.933870967741938e-06	9.925741935483874e-06	9.962161290322585e-06	9.992838709677423e-06	1.0000000000000004e-05	1.0000000000000004e-05	1.0000000000000004e-05
2900	1.0000000000000004e-05	1.0000000000000004e-05	1.0000000000000004e-05	1.0000000000000004e-05	1.0000000000000004e-05	9.99948484848485e-06	9.99684848484849e-06	9.994848484848487e-06	9.995969696969698e-06	9.9959393939394e-06	9.991787878787886e-06	9.988787878787887e-06	9.991030303030308e-06	9.991787878787883e-06	9.987181818181827e-06	9.981878787878792e-06	9.983909090909098e-06	9.990969696969702e-06	9.993939393939399e-06
3000	1.0000000000000004e-05	9.99832258064517e-06	9.993580645161297e-06	9.992096774193556e-06	9.994161290322587e-06	9.990387096774202e-06	9.98596774193549e-06	9.990161290322587e-06	9.997258064516133e-06	1.0000000000000004e-05	1.0000000000000004e-05	9.999580645161296e-06	9.997967741935492e-06	9.997193548387103e-06	9.997741935483878e-06	9.995709677419363e-06	9.994612903225815e-06	9.997838709677424e-06	1.0000000000000004e-05
3100	9.996666666666672e-06	9.989700000000005e-06	9.979933333333338e-06	9.983866666666674e-06	9.981900000000005e-06	9.950500000000004e-06	9.925566666666669e-06	9.946100000000001e-06	9.964433333333336e-06	9.938900000000002e-06	9.928900000000002e-06	9.96276666666667e-06	9.992766666666669e-06	1.0000000000000003e-05	1.0000000000000003e-05	1.0000000000000003e-05	1.0000000000000003e-05	1.0000000000000003e-05	1.0000000000000003e-05
3200	9.974193548387097e-06	9.976290322580649e-06	9.978580645161296e-06	9.98590322580646e-06	9.996516129032261e-06	1.0000000000000004e-05	1.0000000000000004e-05	1.0000000000000004e-05	1.0000000000000004e-05	1.0000000000000004e-05	1.0000000000000004e-05	1.0000000000000004e-05	1.0000000000000004e-05	9.996806451612911e-06	9.991967741935491e-06	9.992290322580655e-06	9.993129032258071e-06	9.991161290322588e-06	9.99032258064517e-06
3300	1.0000000000000004e-05	1.0000000000000004e-05	1.0000000000000004e-05	1.0000000000000004e-05	1.0000000000000004e-05	1.0000000000000004e-05	1.0000000000000004e-05	1.0000000000000004e-05	1.0000000000000004e-05	1.0000000000000004e-05	1.0000000000000004e-05	1.0000000000000004e-05	1.0000000000000004e-05	1.0000000000000004e-05	1.0000000000000004e-05	1.0000000000000004e-05	1.0000000000000004e-05	1.0000000000000004e-05	1.0000000000000004e-05
3400	1.0000000000000004e-05	1.0000000000000004e-05	1.0000000000000004e-05	1.0000000000000004e-05	1.0000000000000004e-05	1.0000000000000004e-05	1.0000000000000004e-05	1.0000000000000004e-05	1.0000000000000004e-05	1.0000000000000004e-05	1.0000000000000004e-05	9.998424242424246e-06	9.981575757575763e-06	9.953090909090918e-06	9.95345454545455e-06	9.981818181818186e-06	9.998303030303034e-06	1.0000000000000004e-05	1.0000000000000004e-05
3500	9.982758620689659e-06	9.98186206896552e-06	9.977310344827586e-06	9.979172413793109e-06	9.991931034482762e-06	9.999586206896556e-06	9.997655172413796e-06	9.993310344827591e-06	9.992827586206899e-06	9.996344827586212e-06	9.999172413793105e-06	1.0000000000000003e-05	9.998482758620695e-06	9.99675862068966e-06	9.998068965517243e-06	9.999793103448277e-06	1.0000000000000003e-05	1.0000000000000003e-05	1.0000000000000003e-05
3600	9.953333333333337e-06	9.94126666666667e-06	9.9196e-06	9.939900000000001e-06	9.984900000000003e-06	9.998900000000002e-06	9.985566666666673e-06	9.945633333333337e-06	9.922300000000005e-06	9.955466666666671e-06	9.992133333333337e-06	1.0000000000000003e-05	1.0000000000000003e-05	1.0000000000000003e-05	1.0000000000000003e-05	9.992033333333337e-06	9.965900000000004e-06	9.935533333333338e-06	9.923333333333337e-06
3700	1.0000000000000003e-05	1.0000000000000003e-05	1.0000000000000003e-05	1.0000000000000003e-05	1.0000000000000003e-05	1.0000000000000003e-05	9.999966666666669e-06	9.986300000000006e-06	9.952600000000004e-06	9.939933333333336e-06	9.965566666666672e-06	9.973233333333336e-06	9.943000000000005e-06	9.93536666666667e-06	9.956200000000006e-06	9.952400000000003e-06	9.944333333333339e-06	9.956100000000003e-06	9.963333333333335e-06
3800	1.0000000000000003e-05	1.0000000000000003e-05	1.0000000000000003e-05	1.0000000000000003e-05	1.0000000000000003e-05	1.0000000000000003e-05	1.0000000000000003e-05	9.998500000000004e-06	9.991833333333337e-06	9.988166666666672e-06	9.994833333333336e-06	9.998500000000004e-06	9.991833333333337e-06	9.988166666666672e-06	9.994833333333336e-06	9.998500000000004e-06	9.991833333333337e-06	9.98666666666667e-06	9.98666666666667e-06
3900	9.9e-06	9.923700000000003e-06	9.966400000000002e-06	9.992700000000002e-06	9.999666666666672e-06	9.983666666666672e-06	9.94876666666667e-06	9.919766666666671e-06	9.897100000000002e-06	9.870433333333333e-06	9.876966666666669e-06	9.913633333333336e-06	9.926400000000004e-06	9.940733333333336e-06	9.969433333333337e-06	9.962433333333335e-06	9.932033333333336e-06	9.919700000000003e-06	9.92e-06
4000	9.91176470588236e-06	9.928823529411772e-06	9.965970588235299e-06	9.97141176470589e-06	9.924294117647063e-06	9.862529411764712e-06	9.831235294117652e-06	9.852352941176474e-06	9.874705882352945e-06	9.864558823529417e-06	9.872029411764712e-06	9.89444117647059e-06	9.90026470588236e-06	9.926705882352947e-06	9.968647058823535e-06	9.965500000000005e-06	9.927941176470594e-06	9.912000000000006e-06	9.914705882352948e-06
4100	9.980645161290329e-06	9.985741935483877e-06	9.995419354838711e-06	1.0000000000000004e-05	9.998612903225817e-06	9.995387096774202e-06	9.99480645161291e-06	9.996419354838717e-06	9.994258064516135e-06	9.991032258064524e-06	9.992838709677426e-06	9.996064516129039e-06	9.995516129032266e-06	9.99390322580646e-06	9.993677419354846e-06	9.995290322580653e-06	9.998032258064519e-06	9.999645161290326e-06	1.0000000000000004e-05
4200	9.934375000000006e-06	9.934937500000003e-06	9.929812500000005e-06	9.925281250000005e-06	9.938125000000004e-06	9.940593750000007e-06	9.933312500000006e-06	9.927437500000002e-06	9.896187500000004e-06	9.8786875e-06	9.911812500000007e-06	9.945093750000004e-06	9.930125000000003e-06	9.897187500000002e-06	9.902250000000003e-06	9.931093750000007e-06	9.917312500000005e-06	9.877062500000003e-06	9.862500000000004e-06
4300	9.763333333333334e-06	9.789100000000001e-06	9.848866666666668e-06	9.890633333333333e-06	9.888533333333337e-06	9.866000000000002e-06	9.874533333333335e-06	9.919400000000005e-06	9.91516666666667e-06	9.842966666666669e-06	9.808466666666666e-06	9.843166666666666e-06	9.848533333333336e-06	9.823233333333336e-06	9.856533333333336e-06	9.90586666666667e-06	9.854500000000002e-06	9.756433333333329e-06	9.719999999999997e-06
4400	9.750000000000005e-06	9.773625000000002e-06	9.837875000000004e-06	9.888375000000003e-06	9.885656250000005e-06	9.861968750000006e-06	9.875937500000002e-06	9.920781250000004e-06	9.928062500000005e-06	9.904656250000004e-06	9.895000000000006e-06	9.915281250000002e-06	9.961250000000006e-06	9.994093750000004e-06	1.0000000000000004e-05	1.0000000000000004e-05	1.0000000000000004e-05	1.0000000000000004e-05	1.0000000000000004e-05
4500	9.749999999999998e-06	9.775500000000002e-06	9.830533333333334e-06	9.8613e-06	9.832700000000005e-06	9.795833333333334e-06	9.8345e-06	9.927433333333336e-06	9.987300000000002e-06	9.999800000000004e-06	9.983333333333335e-06	9.941366666666668e-06	9.92436666666667e-06	9.958800000000004e-06	9.992300000000003e-06	1.0000000000000003e-05	1.0000000000000003e-05	1.0000000000000003e-05	1.0000000000000003e-05
4600	1.000000000000001e-05	9.99825714285715e-06	9.979200000000004e-06	9.936828571428578e-06	9.924942857142862e-06	9.964914285714295e-06	9.99562857142858e-06	9.97931428571429e-06	9.936942857142863e-06	9.903114285714293e-06	9.893485714285724e-06	9.922514285714291e-06	9.969800000000007e-06	9.995057142857154e-06	1.000000000000001e-05	1.000000000000001e-05	1.000000000000001e-05	1.000000000000001e-05	1.000000000000001e-05
4700	9.99032258064517e-06	9.98861290322581e-06	9.951451612903229e-06	9.871225806451617e-06	9.851935483870972e-06	9.9271935483871e-06	9.988419354838715e-06	9.98870967741936e-06	9.949709677419358e-06	9.898032258064517e-06	9.881548387096776e-06	9.918580645161291e-06	9.967645161290327e-06	9.990290322580654e-06	9.994709677419362e-06	9.997935483870971e-06	1.0000000000000004e-05	1.0000000000000004e-05	1.0000000000000004e-05
4800	1.0000000000000004e-05	9.999750000000004e-06	9.998187500000004e-06	9.994187500000002e-06	9.991062500000004e-06	9.991968750000008e-06	9.993531250000007e-06	9.995343750000007e-06	9.998468750000004e-06	1.0000000000000004e-05	1.0000000000000004e-05	1.0000000000000004e-05	1.0000000000000004e-05	1.0000000000000004e-05	1.0000000000000004e-05	1.0000000000000004e-05	1.0000000000000004e-05	1.0000000000000004e-05	1.0000000000000004e-05
4900	9.92e-06	9.913666666666666e-06	9.887300000000004e-06	9.844966666666668e-06	9.85326666666667e-06	9.912600000000004e-06	9.911200000000004e-06	9.865533333333334e-06	9.884800000000004e-06	9.94903333333334e-06	9.985900000000009e-06	9.993666666666674e-06	9.99573333333334e-06	9.997066666666673e-06	9.997933333333336e-06	9.999600000000003e-06	1.0000000000000003e-05	1.0000000000000003e-05	1.0000000000000003e-05
5000	9.954838709677424e-06	9.949322580645166e-06	9.919612903225808e-06	9.86225806451613e-06	9.828741935483875e-06	9.838903225806454e-06	9.84293548387097e-06	9.840258064516133e-06	9.874774193548392e-06	9.940354838709681e-06	9.987161290322586e-06	9.997935483870977e-06	9.9831935483871e-06	9.945580645161295e-06	9.9231935483871e-06	9.95003225806452e-06	9.98761290322581e-06	1.0000000000000004e-05	1.0000000000000004e-05
5100	9.910000000000003e-06	9.918533333333337e-06	9.930400000000004e-06	9.91596666666667e-06	9.882700000000001e-06	9.8671e-06	9.866466666666671e-06	9.869300000000002e-06	9.883566666666668e-06	9.899433333333337e-06	9.889433333333336e-06	9.878633333333334e-06	9.902033333333334e-06	9.88746666666667e-06	9.827200000000003e-06	9.843800000000002e-06	9.927600000000001e-06	9.982500000000006e-06	9.996666666666672e-06
5200	9.880000000000004e-06	9.895366666666668e-06	9.932033333333334e-06	9.945333333333338e-06	9.908200000000003e-06	9.876733333333337e-06	9.8891e-06	9.904966666666666e-06	9.913833333333335e-06	9.950333333333339e-06	9.969900000000006e-06	9.890700000000005e-06	9.783033333333338e-06	9.760466666666669e-06	9.818133333333333e-06	9.916400000000004e-06	9.986066666666669e-06	1.0000000000000003e-05	1.0000000000000003e-05
5300	9.980645161290329e-06	9.988096774193553e-06	9.99529032258065e-06	9.970903225806456e-06	9.911709677419358e-06	9.871225806451617e-06	9.883903225806453e-06	9.904709677419356e-06	9.916870967741938e-06	9.952032258064522e-06	9.951419354838715e-06	9.824548387096776e-06	9.66235483870968e-06	9.63041935483871e-06	9.74135483870968e-06	9.894548387096779e-06	9.983258064516131e-06	1.0000000000000004e-05	1.0000000000000004e-05
5400	9.99354838709678e-06	9.996548387096777e-06	9.990419354838716e-06	9.962129032258069e-06	9.898387096774195e-06	9.84625806451613e-06	9.874741935483872e-06	9.9231935483871e-06	9.948096774193553e-06	9.973354838709686e-06	9.94703225806452e-06	9.8621935483871e-06	9.80125806451613e-06	9.799258064516131e-06	9.854548387096776e-06	9.916741935483873e-06	9.94361290322581e-06	9.955838709677425e-06	9.96129032258065e-06
5500	9.958064516129039e-06	9.975419354838715e-06	9.99545161290323e-06	9.960225806451617e-06	9.884903225806453e-06	9.838903225806454e-06	9.852870967741937e-06	9.893774193548391e-06	9.914903225806457e-06	9.943290322580649e-06	9.962741935483876e-06	9.852064516129035e-06	9.70609677419355e-06	9.712451612903223e-06	9.794548387096775e-06	9.859935483870972e-06	9.902645161290324e-06	9.915193548387098e-06	9.916129032258066e-06
5600	9.918181818181827e-06	9.95148484848485e-06	9.989212121212126e-06	9.970303030303036e-06	9.887424242424247e-06	9.795303030303033e-06	9.803939393939397e-06	9.875000000000003e-06	9.917575757575764e-06	9.95615151515152e-06	9.940181818181824e-06	9.799757575757581e-06	9.673424242424245e-06	9.684e-06	9.778242424242425e-06	9.867393939393946e-06	9.906727272727279e-06	9.91854545454546e-06	9.92424242424243e-06
5700	9.915151515151517e-06	9.894393939393946e-06	9.858242424242428e-06	9.860393939393944e-06	9.850151515151517e-06	9.807666666666671e-06	9.835606060606065e-06	9.896515151515158e-06	9.918757575757581e-06	9.941515151515159e-06	9.932393939393942e-06	9.82548484848485e-06	9.709151515151518e-06	9.705818181818182e-06	9.79618181818182e-06	9.902909090909096e-06	9.974333333333337e-06	9.991636363636368e-06	9.987878787878793e-06
5800	9.91935483870968e-06	9.943387096774198e-06	9.967000000000001e-06	9.921774193548391e-06	9.863774193548391e-06	9.872322580645169e-06	9.909677419354846e-06	9.944709677419361e-06	9.974354838709683e-06	9.978870967741939e-06	9.955000000000005e-06	9.890096774193553e-06	9.831838709677422e-06	9.855322580645167e-06	9.912741935483878e-06	9.959322580645168e-06	9.990387096774198e-06	9.990580645161298e-06	9.983870967741943e-06
5900	1.0000000000000004e-05	1.0000000000000004e-05	9.999781250000004e-06	9.996062500000005e-06	9.988656250000009e-06	9.981375000000004e-06	9.965718750000005e-06	9.945625000000007e-06	9.953156250000004e-06	9.983187500000005e-06	9.998937500000003e-06	1.0000000000000004e-05	1.0000000000000004e-05	1.0000000000000004e-05	1.0000000000000004e-05	9.995812500000003e-06	9.975625000000007e-06	9.948562500000004e-06	9.937500000000003e-06
6000	9.974193548387097e-06	9.98190322580646e-06	9.991000000000006e-06	9.994064516129041e-06	9.985225806451615e-06	9.952064516129036e-06	9.915645161290325e-06	9.901612903225809e-06	9.896193548387102e-06	9.873129032258065e-06	9.83945161290323e-06	9.782903225806455e-06	9.722806451612906e-06	9.711161290322582e-06	9.752387096774196e-06	9.847451612903228e-06	9.910387096774197e-06	9.901064516129037e-06	9.890322580645166e-06
6100	1.0000000000000004e-05	1.0000000000000004e-05	1.0000000000000004e-05	9.999531250000004e-06	9.997093750000006e-06	9.993468750000005e-06	9.993656250000004e-06	9.997625000000004e-06	9.999875000000004e-06	1.0000000000000004e-05	1.0000000000000004e-05	1.0000000000000004e-05	1.0000000000000004e-05	1.0000000000000004e-05	1.0000000000000004e-05	9.995906250000006e-06	9.973593750000002e-06	9.941750000000004e-06	9.928125000000004e-06
6200	9.92e-06	9.92e-06	9.9153e-06	9.921933333333337e-06	9.957100000000003e-06	9.988900000000005e-06	9.998433333333336e-06	1.0000000000000003e-05	9.998833333333337e-06	9.975433333333338e-06	9.93006666666667e-06	9.926866666666668e-06	9.971100000000004e-06	9.997700000000003e-06	1.0000000000000003e-05	1.0000000000000003e-05	1.0000000000000003e-05	1.0000000000000003e-05	1.0000000000000003e-05
6300	9.95757575757576e-06	9.95757575757576e-06	9.946575757575764e-06	9.92945454545455e-06	9.946393939393944e-06	9.98466666666667e-06	9.998424242424243e-06	9.996575757575762e-06	9.989484848484856e-06	9.962000000000004e-06	9.932818181818187e-06	9.939272727272732e-06	9.953121212121216e-06	9.94442424242425e-06	9.953848484848492e-06	9.984484848484855e-06	9.993787878787884e-06	9.988727272727279e-06	9.987878787878793e-06
6400	9.925000000000007e-06	9.930125000000003e-06	9.930656250000003e-06	9.923093750000005e-06	9.946687500000005e-06	9.985968750000005e-06	9.994843750000001e-06	9.991468750000004e-06	9.991968750000005e-06	9.965375000000005e-06	9.894375000000005e-06	9.851812500000004e-06	9.875250000000002e-06	9.903375000000002e-06	9.935312500000006e-06	9.979250000000004e-06	9.998875000000005e-06	1.0000000000000004e-05	1.0000000000000004e-05
6500	9.968750000000009e-06	9.957468750000004e-06	9.929968750000004e-06	9.933781250000003e-06	9.970031250000005e-06	9.966218750000004e-06	9.929968750000004e-06	9.925156250000003e-06	9.931906250000004e-06	9.922718750000002e-06	9.943718750000004e-06	9.984156250000004e-06	9.999531250000004e-06	1.0000000000000004e-05	1.0000000000000004e-05	1.0000000000000004e-05	1.0000000000000004e-05	1.0000000000000004e-05	1.0000000000000004e-05
6600	9.990000000000006e-06	9.993100000000004e-06	9.991666666666668e-06	9.982133333333337e-06	9.981666666666671e-06	9.991966666666672e-06	9.99886666666667e-06	1.0000000000000003e-05	1.0000000000000003e-05	1.0000000000000003e-05	1.0000000000000003e-05	1.0000000000000003e-05	1.0000000000000003e-05	1.0000000000000003e-05	1.0000000000000003e-05	1.0000000000000003e-05	9.998300000000004e-06	9.993300000000005e-06	9.990000000000006e-06
6700	9.148387096774192e-06	9.378129032258064e-06	9.775354838709682e-06	9.971419354838711e-06	1.0000000000000004e-05	1.0000000000000004e-05	1.0000000000000004e-05	1.0000000000000004e-05	1.0000000000000004e-05	1.0000000000000004e-05	1.0000000000000004e-05	1.0000000000000004e-05	1.0000000000000004e-05	1.0000000000000004e-05	1.0000000000000004e-05	9.999645161290328e-06	9.995032258064524e-06	9.990548387096783e-06	9.99032258064517e-06
6800	8.37741935483871e-06	8.828000000000001e-06	9.532193548387096e-06	9.849838709677425e-06	9.916806451612907e-06	9.923548387096776e-06	9.949935483870973e-06	9.986258064516133e-06	9.999387096774201e-06	9.99532258064517e-06	9.97480645161291e-06	9.934612903225808e-06	9.924258064516132e-06	9.963612903225811e-06	9.995096774193553e-06	1.0000000000000004e-05	9.997774193548394e-06	9.988096774193556e-06	9.980645161290329e-06
6900	9.98125e-06	9.984000000000008e-06	9.987125000000006e-06	9.987500000000007e-06	9.989500000000007e-06	9.995750000000003e-06	1.0000000000000004e-05	1.0000000000000004e-05	1.0000000000000004e-05	1.0000000000000004e-05	9.999500000000003e-06	9.997125000000005e-06	9.990531250000006e-06	9.981593750000004e-06	9.981718750000006e-06	9.991093750000005e-06	9.996500000000003e-06	9.996875000000004e-06	9.996875000000004e-06
7000	9.996875000000004e-06	9.996875000000004e-06	9.995437500000004e-06	9.993687500000008e-06	9.994281250000006e-06	9.991906250000009e-06	9.988781250000002e-06	9.993906250000005e-06	9.999437500000004e-06	1.0000000000000004e-05	9.999281250000003e-06	9.995093750000007e-06	9.98871875000001e-06	9.987906250000005e-06	9.992718750000005e-06	9.995968750000003e-06	9.997406250000006e-06	9.999156250000004e-06	1.0000000000000004e-05
7100	9.740625000000001e-06	9.317343750000003e-06	8.35940625e-06	8.22975e-06	9.1689375e-06	9.74509375e-06	9.838281250000004e-06	9.929937500000007e-06	9.984093750000004e-06	9.998781250000002e-06	9.984125000000008e-06	9.946187500000006e-06	9.932375000000003e-06	9.954687500000004e-06	9.952875000000004e-06	9.931937500000003e-06	9.946750000000004e-06	9.974062500000002e-06	9.98125e-06
7200	9.766666666666667e-06	9.656400000000003e-06	9.035633333333335e-06	8.484433333333335e-06	8.919899999999999e-06	9.540866666666665e-06	9.745566666666669e-06	9.842200000000002e-06	9.929933333333338e-06	9.989300000000001e-06	9.973100000000005e-06	9.932700000000002e-06	9.937500000000003e-06	9.964566666666671e-06	9.946433333333335e-06	9.924833333333337e-06	9.954533333333336e-06	9.985633333333338e-06	9.990000000000006e-06
7300	9.756250000000003e-06	8.3265e-06	5.0854375e-06	4.6524687499999994e-06	7.800718749999998e-06	9.631750000000001e-06	9.743843750000003e-06	9.8418125e-06	9.933250000000004e-06	9.982375000000005e-06	9.945406250000005e-06	9.857593750000003e-06	9.836656250000004e-06	9.914500000000005e-06	9.981500000000004e-06	9.992937500000005e-06	9.990812500000004e-06	9.994250000000003e-06	9.996875000000004e-06
7400	9.793333333333335e-06	8.441066666666668e-06	4.721766666666667e-06	2.0336000000000007e-06	3.6985333333333332e-06	7.353099999999999e-06	9.396566666666666e-06	9.7958e-06	9.871833333333336e-06	9.937300000000004e-06	9.898833333333336e-06	9.81386666666667e-06	9.827333333333335e-06	9.919200000000005e-06	9.952866666666671e-06	9.920033333333335e-06	9.915400000000003e-06	9.942500000000005e-06	9.953333333333337e-06
7500	9.724242424242424e-06	8.752030303030305e-06	5.538636363636363e-06	2.5194848484848483e-06	3.2746060606060605e-06	6.534636363636363e-06	8.939515151515152e-06	9.668060606060609e-06	9.806424242424245e-06	9.9239696969697e-06	9.879909090909095e-06	9.744878787878789e-06	9.744000000000002e-06	9.882363636363643e-06	9.963606060606067e-06	9.940939393939398e-06	9.92263636363637e-06	9.94387878787879e-06	9.95757575757576e-06
7600	9.456666666666669e-06	7.986433333333335e-06	4.070166666666666e-06	8.247333333333335e-07	1.1165e-06	4.602899999999999e-06	8.2938e-06	9.63043333333333e-06	9.7768e-06	9.910433333333336e-06	9.877200000000001e-06	9.754533333333336e-06	9.709266666666667e-06	9.791166666666667e-06	9.896899999999998e-06	9.929933333333333e-06	9.923133333333335e-06	9.933200000000005e-06	9.943333333333339e-06
7700	9.996551724137936e-06	9.992586206896556e-06	9.983310344827588e-06	9.982620689655176e-06	9.99337931034483e-06	9.99937931034483e-06	9.997896551724141e-06	9.996931034482764e-06	9.997172413793104e-06	9.992517241379314e-06	9.981241379310347e-06	9.97489655172414e-06	9.975172413793107e-06	9.975517241379312e-06	9.983689655172418e-06	9.995000000000003e-06	9.99931034482759e-06	1.0000000000000003e-05	1.0000000000000003e-05
7800	9.948387096774198e-06	9.920354838709681e-06	9.828548387096776e-06	9.738935483870968e-06	9.738225806451615e-06	9.766806451612903e-06	9.731580645161291e-06	9.709258064516132e-06	9.80377419354839e-06	9.936225806451617e-06	9.967645161290327e-06	9.891741935483876e-06	9.847354838709679e-06	9.896838709677423e-06	9.902967741935487e-06	9.793096774193549e-06	9.732548387096778e-06	9.778419354838708e-06	9.809677419354839e-06
7900	9.864516129032263e-06	9.832838709677421e-06	9.75593548387097e-06	9.711645161290323e-06	9.738967741935485e-06	9.761967741935487e-06	9.727935483870967e-06	9.718548387096772e-06	9.800612903225811e-06	9.88745161290323e-06	9.882419354838713e-06	9.823838709677422e-06	9.824387096774197e-06	9.901935483870971e-06	9.917419354838713e-06	9.817483870967743e-06	9.785612903225809e-06	9.866290322580648e-06	9.912903225806456e-06
8000	9.922580645161297e-06	9.886451612903229e-06	9.795225806451615e-06	9.734483870967743e-06	9.751129032258064e-06	9.779709677419357e-06	9.769870967741936e-06	9.78809677419355e-06	9.893709677419361e-06	9.982258064516134e-06	9.99977419354839e-06	1.0000000000000004e-05	1.0000000000000004e-05	1.0000000000000004e-05	1.0000000000000004e-05	1.0000000000000004e-05	1.0000000000000004e-05	1.0000000000000004e-05	1.0000000000000004e-05
8100	1.0000000000000004e-05	1.0000000000000004e-05	1.0000000000000004e-05	1.0000000000000004e-05	1.0000000000000004e-05	1.0000000000000004e-05	1.0000000000000004e-05	1.0000000000000004e-05	1.0000000000000004e-05	1.0000000000000004e-05	1.0000000000000004e-05	1.0000000000000004e-05	1.0000000000000004e-05	1.0000000000000004e-05	1.0000000000000004e-05	1.0000000000000004e-05	1.0000000000000004e-05	1.0000000000000004e-05	1.0000000000000004e-05
8200	1.0000000000000004e-05	1.0000000000000004e-05	1.0000000000000004e-05	1.0000000000000004e-05	1.0000000000000004e-05	1.0000000000000004e-05	1.0000000000000004e-05	1.0000000000000004e-05	1.0000000000000004e-05	1.0000000000000004e-05	1.0000000000000004e-05	1.0000000000000004e-05	1.0000000000000004e-05	1.0000000000000004e-05	1.0000000000000004e-05	1.0000000000000004e-05	1.0000000000000004e-05	1.0000000000000004e-05	1.0000000000000004e-05
8300	1.0000000000000004e-05	9.999258064516136e-06	9.982741935483877e-06	9.93987096774194e-06	9.921483870967745e-06	9.95780645161291e-06	9.987129032258071e-06	9.980000000000003e-06	9.973225806451619e-06	9.984354838709684e-06	9.989806451612907e-06	9.966225806451619e-06	9.939612903225811e-06	9.948451612903228e-06	9.97296774193549e-06	9.97996774193549e-06	9.980516129032265e-06	9.983483870967747e-06	9.983870967741943e-06
8400	9.990625000000004e-06	9.976406250000005e-06	9.936968750000003e-06	9.927906250000006e-06	9.970062500000004e-06	9.998031250000004e-06	1.0000000000000004e-05	1.0000000000000004e-05	9.999937500000005e-06	9.957937500000004e-06	9.798437500000005e-06	9.664281250000004e-06	9.749093750000006e-06	9.909031250000007e-06	9.983781250000005e-06	1.0000000000000004e-05	1.0000000000000004e-05	1.0000000000000004e-05	1.0000000000000004e-05
8500	9.970000000000003e-06	9.958900000000004e-06	9.935466666666668e-06	9.942666666666669e-06	9.978833333333335e-06	9.993733333333342e-06	9.988133333333335e-06	9.97833333333334e-06	9.955200000000003e-06	9.90166666666667e-06	9.278399999999999e-06	7.722033333333332e-06	7.327933333333333e-06	8.915466666666668e-06	9.960333333333337e-06	9.996500000000003e-06	9.995500000000003e-06	9.983833333333336e-06	9.976666666666669e-06
8600	1.0000000000000004e-05	9.990129032258068e-06	9.961774193548393e-06	9.950870967741942e-06	9.976935483870973e-06	9.997709677419359e-06	1.0000000000000004e-05	1.0000000000000004e-05	1.0000000000000004e-05	9.999096774193556e-06	9.996903225806462e-06	9.98651612903226e-06	9.961516129032262e-06	9.954354838709683e-06	9.980290322580649e-06	9.998741935483877e-06	9.992516129032268e-06	9.982838709677427e-06	9.980645161290329e-06
8700	9.990625000000004e-06	9.979843750000005e-06	9.946875000000006e-06	9.932500000000004e-06	9.962906250000005e-06	9.992750000000004e-06	1.0000000000000004e-05	1.0000000000000004e-05	1.0000000000000004e-05	1.0000000000000004e-05	9.993125000000004e-06	9.965156250000004e-06	9.934812500000003e-06	9.945437500000006e-06	9.981437500000005e-06	9.998781250000004e-06	9.996375000000005e-06	9.991687500000004e-06	9.990625000000004e-06
8800	1.0000000000000003e-05	1.0000000000000003e-05	9.997793103448281e-06	9.987896551724143e-06	9.977e-06	9.976551724137934e-06	9.97741379310345e-06	9.978689655172422e-06	9.989172413793106e-06	9.998241379310347e-06	9.99996551724138e-06	9.99824137931035e-06	9.996586206896558e-06	9.99831034482759e-06	1.0000000000000003e-05	1.0000000000000003e-05	1.0000000000000003e-05	1.0000000000000003e-05	1.0000000000000003e-05
8900	9.996774193548395e-06	9.99612903225807e-06	9.97670967741936e-06	9.935483870967745e-06	9.912322580645166e-06	9.933483870967746e-06	9.973548387096781e-06	9.992967741935492e-06	9.996322580645166e-06	9.999225806451617e-06	1.0000000000000004e-05	1.0000000000000004e-05	1.0000000000000004e-05	1.0000000000000004e-05	9.987322580645168e-06	9.955129032258067e-06	9.931774193548391e-06	9.941387096774197e-06	9.954838709677424e-06
9000	9.956666666666669e-06	9.929966666666673e-06	9.841466666666669e-06	9.762100000000003e-06	9.788733333333335e-06	9.874900000000001e-06	9.893066666666668e-06	9.85356666666667e-06	9.883933333333334e-06	9.963733333333336e-06	9.998733333333336e-06	9.999566666666672e-06	9.978400000000004e-06	9.901833333333336e-06	9.780600000000003e-06	9.694366666666668e-06	9.740700000000001e-06	9.853933333333334e-06	9.9e-06
9100	1.0000000000000004e-05	1.0000000000000004e-05	1.0000000000000004e-05	1.0000000000000004e-05	1.0000000000000004e-05	1.0000000000000004e-05	1.0000000000000004e-05	1.0000000000000004e-05	1.0000000000000004e-05	1.0000000000000004e-05	9.998838709677428e-06	9.995612903225815e-06	9.991161290322588e-06	9.983096774193555e-06	9.977548387096781e-06	9.980774193548395e-06	9.987290322580652e-06	9.99535483870968e-06	1.0000000000000004e-05
9200	1.0000000000000004e-05	1.0000000000000004e-05	1.0000000000000004e-05	1.0000000000000004e-05	1.0000000000000004e-05	1.0000000000000004e-05	1.0000000000000004e-05	1.0000000000000004e-05	1.0000000000000004e-05	1.0000000000000004e-05	1.0000000000000004e-05	1.0000000000000004e-05	9.997625000000006e-06	9.984343750000005e-06	9.974437500000003e-06	9.985375000000004e-06	9.996687500000005e-06	9.999031250000003e-06	1.0000000000000004e-05
9300	9.784375000000004e-06	9.784375000000004e-06	9.808250000000002e-06	9.895187500000007e-06	9.977656250000003e-06	9.998531250000003e-06	1.0000000000000004e-05	1.0000000000000004e-05	1.0000000000000004e-05	1.0000000000000004e-05	1.0000000000000004e-05	1.0000000000000004e-05	9.997750000000008e-06	9.994625000000008e-06	9.994875000000005e-06	9.996437500000004e-06	9.996875000000004e-06	9.996875000000004e-06	9.996875000000004e-06
9400	9.71290322580645e-06	9.725290322580645e-06	9.772580645161293e-06	9.85361290322581e-06	9.940741935483875e-06	9.983870967741943e-06	9.98380645161291e-06	9.982774193548393e-06	9.989419354838717e-06	9.996903225806457e-06	9.995516129032266e-06	9.987451612903232e-06	9.979290322580647e-06	9.969064516129039e-06	9.963870967741945e-06	9.976838709677427e-06	9.992419354838718e-06	9.99506451612904e-06	9.99354838709678e-06
9500	9.819354838709682e-06	9.819354838709682e-06	9.790193548387096e-06	9.746645161290325e-06	9.775645161290325e-06	9.852032258064519e-06	9.899225806451616e-06	9.931032258064518e-06	9.966000000000008e-06	9.985677419354847e-06	9.993064516129034e-06	9.994612903225815e-06	9.985483870967748e-06	9.983096774193554e-06	9.991709677419362e-06	9.992838709677423e-06	9.979161290322582e-06	9.970354838709679e-06	9.970967741935486e-06
9600	9.834375000000005e-06	9.827343750000005e-06	9.371937500000003e-06	8.36534375e-06	8.250812499999998e-06	9.271906249999999e-06	9.881687500000003e-06	9.934156250000004e-06	9.974000000000005e-06	9.976062500000005e-06	9.917062500000004e-06	9.863187500000003e-06	9.853312500000004e-06	9.842406250000003e-06	9.838312500000005e-06	9.860468750000004e-06	9.853812500000001e-06	9.832875000000002e-06	9.83125e-06
9700	9.835483870967743e-06	9.812322580645162e-06	8.540806451612903e-06	6.433903225806451e-06	6.814612903225806e-06	8.926935483870966e-06	9.813741935483871e-06	9.873806451612904e-06	9.956161290322584e-06	9.996096774193553e-06	1.0000000000000004e-05	9.996806451612911e-06	9.991000000000008e-06	9.974612903225811e-06	9.940064516129035e-06	9.91609677419355e-06	9.911935483870971e-06	9.905483870967742e-06	9.9e-06
9800	9.746875e-06	9.7285e-06	8.70646875e-06	7.160750000000001e-06	7.623625000000002e-06	9.204749999999999e-06	9.799062500000003e-06	9.863656250000004e-06	9.940343750000007e-06	9.949156250000003e-06	9.924187500000003e-06	9.946437500000004e-06	9.985843750000003e-06	9.979218750000006e-06	9.935250000000003e-06	9.907312500000003e-06	9.903093750000005e-06	9.903093750000005e-06	9.903125000000004e-06
9900	9.788235294117652e-06	9.779000000000002e-06	8.929852941176473e-06	7.006352941176471e-06	6.762441176470588e-06	8.68929411764706e-06	9.792852941176474e-06	9.86726470588236e-06	9.953911764705888e-06	9.983088235294123e-06	9.98805882352942e-06	9.996176470588245e-06	9.999058823529422e-06	9.995970588235298e-06	9.993323529411773e-06	9.995205882352948e-06	9.998735294117656e-06	1.000000000000001e-05	1.000000000000001e-05
10000	9.962068965517246e-06	9.960344827586211e-06	9.955275862068972e-06	9.958724137931037e-06	9.979379310344832e-06	9.996620689655174e-06	1.0000000000000003e-05	1.0000000000000003e-05	1.0000000000000003e-05	1.0000000000000003e-05	1.0000000000000003e-05	1.0000000000000003e-05	1.0000000000000003e-05	1.0000000000000003e-05	1.0000000000000003e-05	1.0000000000000003e-05	9.999758620689656e-06	9.998034482758625e-06	9.996551724137936e-06
