	site
generation	50	100	150	200	250	300	350	400	450	500	550	600	650	700	750	800	850	900	950
0	1.0000000000000004e-05	1.0000000000000004e-05	1.0000000000000004e-05	1.0000000000000004e-05	1.0000000000000004e-05	1.0000000000000004e-05	1.0000000000000004e-05	1.0000000000000004e-05	1.0000000000000004e-05	1.0000000000000004e-05	1.0000000000000004e-05	1.0000000000000004e-05	1.0000000000000004e-05	1.0000000000000004e-05	1.0000000000000004e-05	1.0000000000000004e-05	1.0000000000000004e-05	1.0000000000000004e-05	1.0000000000000004e-05
100	1.0000000000000003e-05	1.0000000000000003e-05	1.0000000000000003e-05	1.0000000000000003e-05	1.0000000000000003e-05	1.0000000000000003e-05	1.0000000000000003e-05	1.0000000000000003e-05	1.0000000000000003e-05	1.0000000000000003e-05	1.0000000000000003e-05	1.0000000000000003e-05	1.0000000000000003e-05	1.0000000000000003e-05	1.0000000000000003e-05	1.0000000000000003e-05	1.0000000000000003e-05	1.0000000000000003e-05	1.0000000000000003e-05
200	9.973333333333338e-06	9.966466666666668e-06	9.95516666666667e-06	9.964500000000004e-06	9.98493333333334e-06	9.991866666666673e-06	9.99526666666667e-06	9.995400000000001e-06	9.977500000000004e-06	9.95536666666667e-06	9.962766666666674e-06	9.988433333333334e-06	9.999733333333335e-06	1.0000000000000003e-05	1.0000000000000003e-05	1.0000000000000003e-05	1.0000000000000003e-05	1.0000000000000003e-05	1.0000000000000003e-05
300	9.973333333333338e-06	9.978700000000005e-06	9.991733333333335e-06	9.999700000000002e-06	1.0000000000000003e-05	1.0000000000000003e-05	1.0000000000000003e-05	9.997533333333342e-06	9.989500000000002e-06	9.984533333333336e-06	9.990600000000006e-06	9.997933333333335e-06	9.999900000000002e-06	1.0000000000000003e-05	1.0000000000000003e-05	1.0000000000000003e-05	1.0000000000000003e-05	1.0000000000000003e-05	1.0000000000000003e-05
400	9.996666666666672e-06	9.997400000000005e-06	9.998566666666671e-06	9.997100000000006e-06	9.991233333333339e-06	9.987700000000004e-06	9.992600000000005e-06	9.998533333333336e-06	1.0000000000000003e-05	1.0000000000000003e-05	1.0000000000000003e-05	1.0000000000000003e-05	1.0000000000000003e-05	1.0000000000000003e-05	1.0000000000000003e-05	1.0000000000000003e-05	9.99743333333334e-06	9.994100000000007e-06	9.99333333333334e-06
500	9.916129032258066e-06	9.931516129032263e-06	9.971903225806456e-06	9.998322580645165e-06	9.982741935483877e-06	9.942161290322583e-06	9.926419354838713e-06	9.95796774193549e-06	9.990838709677424e-06	1.0000000000000004e-05	9.995870967741942e-06	9.98780645161291e-06	9.985354838709683e-06	9.990193548387106e-06	9.9961935483871e-06	9.999419354838713e-06	1.0000000000000004e-05	1.0000000000000004e-05	1.0000000000000004e-05
600	9.818750000000005e-06	9.859781250000004e-06	9.934718750000005e-06	9.948625000000003e-06	9.925875000000004e-06	9.950375000000004e-06	9.988812500000004e-06	1.0000000000000004e-05	1.0000000000000004e-05	9.998406250000006e-06	9.995125000000007e-06	9.992531250000007e-06	9.992843750000007e-06	9.996562500000006e-06	9.999531250000002e-06	1.0000000000000004e-05	1.0000000000000004e-05	1.0000000000000004e-05	1.0000000000000004e-05
700	9.809090909090913e-06	9.850545454545459e-06	9.923848484848489e-06	9.936424242424247e-06	9.901000000000006e-06	9.888393939393946e-06	9.91627272727273e-06	9.965787878787884e-06	9.995484848484852e-06	1.0000000000000004e-05	9.999303030303031e-06	9.994515151515158e-06	9.97754545454546e-06	9.947969696969704e-06	9.938545454545458e-06	9.966606060606065e-06	9.993696969696973e-06	1.0000000000000004e-05	1.0000000000000004e-05
800	9.990625000000004e-06	9.992062500000005e-06	9.995187500000003e-06	9.995437500000004e-06	9.992312500000002e-06	9.992062500000005e-06	9.996250000000003e-06	9.999500000000003e-06	1.0000000000000004e-05	1.0000000000000004e-05	1.0000000000000004e-05	1.0000000000000004e-05	9.998937500000004e-06	9.996656250000006e-06	9.995656250000005e-06	9.996375000000005e-06	9.995812500000008e-06	9.994250000000009e-06	9.993750000000009e-06
900	9.91935483870968e-06	9.906645161290326e-06	9.887741935483874e-06	9.884677419354842e-06	9.908935483870971e-06	9.956161290322587e-06	9.989709677419361e-06	9.998580645161294e-06	9.998193548387105e-06	9.991096774193556e-06	9.98322580645162e-06	9.980645161290329e-06	9.980645161290329e-06	9.980645161290329e-06	9.982451612903231e-06	9.989548387096782e-06	9.995612903225815e-06	9.994967741935493e-06	9.99354838709678e-06
1000	9.873333333333336e-06	9.849533333333335e-06	9.7904e-06	9.7713e-06	9.86e-06	9.965300000000003e-06	9.99906666666667e-06	1.0000000000000003e-05	9.999166666666672e-06	9.997500000000007e-06	9.995833333333339e-06	9.994166666666673e-06	9.995000000000003e-06	9.998333333333337e-06	9.999700000000004e-06	9.98613333333334e-06	9.929600000000004e-06	9.864833333333338e-06	9.843333333333338e-06
1100	9.887096774193551e-06	9.845161290322584e-06	9.768129032258066e-06	9.779903225806454e-06	9.887193548387102e-06	9.972580645161295e-06	9.998774193548393e-06	9.979161290322588e-06	9.934838709677423e-06	9.920322580645162e-06	9.952516129032263e-06	9.98761290322581e-06	9.999741935483874e-06	1.0000000000000004e-05	9.995064516129035e-06	9.96267741935484e-06	9.916387096774199e-06	9.897161290322585e-06	9.896774193548393e-06
1200	9.872727272727275e-06	9.846787878787882e-06	9.773575757575759e-06	9.739818181818184e-06	9.834030303030306e-06	9.955909090909095e-06	9.998545454545458e-06	1.0000000000000004e-05	1.0000000000000004e-05	1.0000000000000004e-05	1.0000000000000004e-05	1.0000000000000004e-05	9.992454545454548e-06	9.97054545454546e-06	9.955333333333338e-06	9.968848484848488e-06	9.991606060606065e-06	1.0000000000000004e-05	1.0000000000000004e-05
1300	9.80666666666667e-06	9.840433333333335e-06	9.886133333333337e-06	9.843500000000002e-06	9.793533333333334e-06	9.867500000000005e-06	9.96626666666667e-06	9.990400000000005e-06	9.956633333333337e-06	9.889433333333334e-06	9.8487e-06	9.839433333333334e-06	9.841533333333336e-06	9.893933333333337e-06	9.93686666666667e-06	9.927733333333335e-06	9.939833333333338e-06	9.977133333333342e-06	9.99333333333334e-06
1400	1.0000000000000004e-05	1.0000000000000004e-05	1.0000000000000004e-05	1.0000000000000004e-05	1.0000000000000004e-05	1.0000000000000004e-05	1.0000000000000004e-05	1.0000000000000004e-05	9.998406250000006e-06	9.995281250000008e-06	9.994093750000006e-06	9.986843750000005e-06	9.964250000000004e-06	9.943375000000002e-06	9.948500000000006e-06	9.974500000000006e-06	9.994750000000003e-06	1.0000000000000004e-05	1.0000000000000004e-05
1500	1.0000000000000004e-05	1.0000000000000004e-05	1.0000000000000004e-05	1.0000000000000004e-05	1.0000000000000004e-05	1.0000000000000004e-05	1.0000000000000004e-05	1.0000000000000004e-05	9.999531250000007e-06	9.996406250000007e-06	9.993750000000009e-06	9.993750000000009e-06	9.994218750000008e-06	9.997343750000005e-06	1.0000000000000004e-05	1.0000000000000004e-05	1.0000000000000004e-05	1.0000000000000004e-05	1.0000000000000004e-05
1600	1.0000000000000004e-05	1.0000000000000004e-05	9.999612903225812e-06	9.994548387096781e-06	9.976129032258068e-06	9.963677419354841e-06	9.979096774193553e-06	9.986548387096777e-06	9.9461935483871e-06	9.890903225806453e-06	9.879548387096775e-06	9.920322580645167e-06	9.974258064516133e-06	9.998838709677424e-06	9.999774193548393e-06	9.985258064516136e-06	9.942870967741936e-06	9.909000000000001e-06	9.903225806451614e-06
1700	9.993750000000009e-06	9.995500000000008e-06	9.997875000000005e-06	9.980906250000003e-06	9.949718750000004e-06	9.948906250000006e-06	9.972531250000005e-06	9.958906250000003e-06	9.905187500000006e-06	9.86678125e-06	9.879500000000001e-06	9.939031250000003e-06	9.987562500000005e-06	9.999218750000004e-06	9.999250000000004e-06	9.980906250000003e-06	9.949718750000004e-06	9.936812500000002e-06	9.937500000000003e-06
1800	9.98666666666667e-06	9.979366666666673e-06	9.952633333333335e-06	9.91603333333334e-06	9.89416666666667e-06	9.910966666666669e-06	9.934733333333337e-06	9.904533333333337e-06	9.855133333333337e-06	9.841233333333335e-06	9.869900000000004e-06	9.933933333333335e-06	9.986133333333336e-06	9.999966666666669e-06	1.0000000000000003e-05	1.0000000000000003e-05	9.99946666666667e-06	9.996133333333341e-06	9.99333333333334e-06
1900	9.967741935483871e-06	9.965903225806457e-06	9.935903225806455e-06	9.854322580645165e-06	9.755032258064518e-06	9.763483870967743e-06	9.87025806451613e-06	9.88770967741936e-06	9.811967741935488e-06	9.780870967741938e-06	9.839838709677423e-06	9.92629032258065e-06	9.98170967741936e-06	1.0000000000000004e-05	1.0000000000000004e-05	1.0000000000000004e-05	9.999612903225812e-06	9.996387096774196e-06	9.993548387096777e-06
2000	9.906451612903227e-06	9.920000000000003e-06	9.914903225806453e-06	9.812000000000004e-06	9.67932258064516e-06	9.716774193548391e-06	9.86283870967742e-06	9.887000000000005e-06	9.817419354838712e-06	9.786032258064517e-06	9.8271935483871e-06	9.910806451612905e-06	9.963741935483873e-06	9.976129032258071e-06	9.983741935483878e-06	9.965258064516134e-06	9.926645161290324e-06	9.914709677419358e-06	9.91935483870968e-06
2100	9.987878787878793e-06	9.986939393939404e-06	9.968212121212124e-06	9.911909090909094e-06	9.830545454545459e-06	9.798787878787883e-06	9.85566666666667e-06	9.906818181818184e-06	9.895000000000001e-06	9.875181818181822e-06	9.884575757575763e-06	9.90824242424243e-06	9.927939393939398e-06	9.947484848484854e-06	9.956000000000008e-06	9.93724242424243e-06	9.927666666666673e-06	9.945727272727275e-06	9.95757575757576e-06
2200	9.875000000000005e-06	9.850937500000005e-06	9.816000000000004e-06	9.852343750000007e-06	9.943468750000005e-06	9.992125000000004e-06	9.996750000000007e-06	9.992781250000006e-06	9.982875000000002e-06	9.972250000000004e-06	9.971375000000008e-06	9.966343750000005e-06	9.936875000000006e-06	9.926250000000002e-06	9.934625000000005e-06	9.927625000000006e-06	9.946937500000004e-06	9.982625000000008e-06	9.993750000000009e-06
2300	9.893939393939396e-06	9.855272727272728e-06	9.782878787878791e-06	9.736818181818182e-06	9.686151515151515e-06	9.684484848484851e-06	9.808575757575761e-06	9.938666666666674e-06	9.982484848484858e-06	9.97015151515152e-06	9.943666666666671e-06	9.930757575757582e-06	9.944727272727276e-06	9.9709090909091e-06	9.983090909090916e-06	9.978121212121215e-06	9.978393939393945e-06	9.988727272727277e-06	9.993939393939399e-06
2400	9.915625000000002e-06	9.903468750000004e-06	9.871812500000002e-06	9.818500000000003e-06	9.735625e-06	9.720343750000002e-06	9.838156250000004e-06	9.942593750000003e-06	9.957250000000005e-06	9.956937500000007e-06	9.948906250000006e-06	9.927125000000005e-06	9.941062500000006e-06	9.979187500000005e-06	9.997406250000004e-06	9.999875000000004e-06	1.0000000000000004e-05	1.0000000000000004e-05	1.0000000000000004e-05
2500	9.9e-06	9.88076666666667e-06	9.827533333333337e-06	9.762600000000002e-06	9.6929e-06	9.699066666666667e-06	9.826033333333334e-06	9.91296666666667e-06	9.899100000000003e-06	9.891733333333337e-06	9.908300000000001e-06	9.916433333333334e-06	9.945466666666672e-06	9.985766666666668e-06	1.0000000000000003e-05	1.0000000000000003e-05	1.0000000000000003e-05	1.0000000000000003e-05	1.0000000000000003e-05
2600	9.906451612903227e-06	9.895096774193552e-06	9.85893548387097e-06	9.77735483870968e-06	9.651129032258068e-06	9.636419354838712e-06	9.78087096774194e-06	9.86145161290323e-06	9.85435483870968e-06	9.87793548387097e-06	9.870677419354842e-06	9.836451612903228e-06	9.884580645161295e-06	9.964612903225815e-06	9.994322580645165e-06	9.99877419354839e-06	1.0000000000000004e-05	1.0000000000000004e-05	1.0000000000000004e-05
2700	9.915625000000002e-06	9.905250000000005e-06	9.863125000000004e-06	9.692187500000004e-06	9.25975e-06	9.109031250000001e-06	9.583125000000003e-06	9.910250000000004e-06	9.894718750000005e-06	9.898062500000005e-06	9.896406250000004e-06	9.868250000000007e-06	9.891656250000004e-06	9.953156250000004e-06	9.967031250000003e-06	9.946375000000004e-06	9.946593750000004e-06	9.946406250000002e-06	9.937500000000003e-06
2800	9.74516129032258e-06	9.722161290322579e-06	9.680774193548388e-06	9.567387096774194e-06	7.887322580645161e-06	6.368193548387097e-06	8.076516129032261e-06	9.773451612903228e-06	9.794064516129033e-06	9.782709677419358e-06	9.791612903225807e-06	9.747935483870967e-06	9.753032258064515e-06	9.847419354838712e-06	9.950870967741938e-06	9.997516129032262e-06	1.0000000000000004e-05	1.0000000000000004e-05	1.0000000000000004e-05
2900	9.968750000000009e-06	9.978312500000005e-06	9.992968750000007e-06	9.980500000000005e-06	9.936218750000003e-06	9.923281250000004e-06	9.964218750000005e-06	9.977843750000004e-06	9.937156250000004e-06	9.921281250000005e-06	9.959281250000005e-06	9.973593750000007e-06	9.930875000000003e-06	9.868312500000001e-06	9.789437500000004e-06	9.773750000000004e-06	9.879906250000004e-06	9.963500000000004e-06	9.971875000000007e-06
3000	9.978787878787885e-06	9.987272727272733e-06	9.99584848484849e-06	9.97533333333334e-06	9.934363636363642e-06	9.929636363636366e-06	9.967030303030308e-06	9.976303030303035e-06	9.94066666666667e-06	9.92684848484849e-06	9.957939393939398e-06	9.965727272727278e-06	9.91506060606061e-06	9.839969696969701e-06	9.784212121212127e-06	9.806121212121216e-06	9.89615151515152e-06	9.950727272727274e-06	9.954545454545456e-06
3100	9.878125000000005e-06	9.858281250000004e-06	9.820843750000006e-06	9.814593750000004e-06	9.82121875e-06	9.839093750000003e-06	9.906281250000008e-06	9.966968750000004e-06	9.983062500000003e-06	9.983031250000005e-06	9.989031250000004e-06	9.997156250000005e-06	9.999625000000002e-06	9.994593750000007e-06	9.979875000000002e-06	9.973500000000005e-06	9.984406250000004e-06	9.991500000000003e-06	9.990625000000002e-06
3200	8.177419354838708e-06	8.121677419354837e-06	8.364064516129032e-06	9.235903225806452e-06	9.825322580645164e-06	9.814516129032262e-06	9.823548387096776e-06	9.9093870967742e-06	9.956903225806455e-06	9.917838709677426e-06	9.873225806451618e-06	9.895225806451614e-06	9.953258064516135e-06	9.982419354838713e-06	9.961032258064518e-06	9.92787096774194e-06	9.939677419354843e-06	9.972838709677427e-06	9.983870967741943e-06
3300	7.81e-06	6.7890000000000006e-06	5.615033333333335e-06	7.162233333333334e-06	9.342933333333333e-06	9.812933333333336e-06	9.837600000000004e-06	9.924400000000003e-06	9.970033333333336e-06	9.924033333333334e-06	9.876033333333335e-06	9.896466666666671e-06	9.945933333333336e-06	9.965533333333335e-06	9.942833333333334e-06	9.916200000000003e-06	9.934333333333336e-06	9.968933333333339e-06	9.980000000000004e-06
3400	1.0000000000000004e-05	1.0000000000000004e-05	1.0000000000000004e-05	1.0000000000000004e-05	1.0000000000000004e-05	1.0000000000000004e-05	1.0000000000000004e-05	1.0000000000000004e-05	1.0000000000000004e-05	1.0000000000000004e-05	1.0000000000000004e-05	1.0000000000000004e-05	1.0000000000000004e-05	1.0000000000000004e-05	1.0000000000000004e-05	1.0000000000000004e-05	1.0000000000000004e-05	1.0000000000000004e-05	1.0000000000000004e-05
3500	8.181249999999999e-06	8.140437500000002e-06	8.293812500000003e-06	9.154468750000003e-06	9.861562500000003e-06	9.928156250000003e-06	9.974656250000005e-06	9.997593750000002e-06	9.998812500000006e-06	9.993437500000006e-06	9.989562500000004e-06	9.993625000000004e-06	9.997125000000005e-06	9.997312500000006e-06	9.998875000000002e-06	1.0000000000000004e-05	9.997031250000003e-06	9.979843750000002e-06	9.965625e-06
3600	9.429032258064515e-06	9.376064516129035e-06	9.36658064516129e-06	9.59312903225807e-06	9.837806451612903e-06	9.920838709677423e-06	9.968354838709681e-06	9.995612903225815e-06	9.99432258064517e-06	9.975161290322586e-06	9.939838709677425e-06	9.936225806451619e-06	9.97287096774194e-06	9.99580645161291e-06	9.996935483870974e-06	9.998225806451616e-06	9.99977419354839e-06	9.99832258064517e-06	9.996774193548395e-06
3700	7.900000000000002e-06	7.852250000000001e-06	8.241906250000004e-06	9.235750000000002e-06	9.836406250000002e-06	9.907625000000002e-06	9.961656250000005e-06	9.994250000000003e-06	9.993562500000004e-06	9.977531250000004e-06	9.969906250000006e-06	9.981937500000006e-06	9.994343750000005e-06	9.995312500000007e-06	9.994375000000007e-06	9.993406250000004e-06	9.992156250000004e-06	9.994687500000004e-06	9.996875000000004e-06
3800	6.806666666666667e-06	6.768933333333332e-06	7.176333333333332e-06	8.690833333333333e-06	9.793533333333334e-06	9.874233333333336e-06	9.95466666666667e-06	9.98233333333334e-06	9.958966666666672e-06	9.924766666666669e-06	9.92286666666667e-06	9.962533333333337e-06	9.993933333333338e-06	9.999666666666672e-06	9.988500000000008e-06	9.959000000000002e-06	9.94133333333334e-06	9.94616666666667e-06	9.950000000000003e-06
3900	7.5516129032258086e-06	7.510387096774192e-06	7.797129032258064e-06	8.936483870967744e-06	9.784612903225808e-06	9.858064516129035e-06	9.896161290322583e-06	9.877580645161293e-06	9.868096774193552e-06	9.891354838709677e-06	9.91877419354839e-06	9.957161290322586e-06	9.99045161290323e-06	1.0000000000000004e-05	9.99503225806452e-06	9.969096774193555e-06	9.941967741935488e-06	9.945322580645166e-06	9.954838709677424e-06
4000	9.123333333333336e-06	9.051866666666667e-06	9.044700000000002e-06	9.416466666666669e-06	9.754966666666669e-06	9.81246666666667e-06	9.858133333333336e-06	9.874233333333336e-06	9.87256666666667e-06	9.87726666666667e-06	9.89026666666667e-06	9.900333333333334e-06	9.907333333333338e-06	9.942000000000004e-06	9.97716666666667e-06	9.95746666666667e-06	9.921466666666671e-06	9.91783333333334e-06	9.923333333333337e-06
4100	8.396551724137931e-06	7.618241379310345e-06	6.642344827586207e-06	7.659965517241378e-06	9.308000000000001e-06	9.787206896551723e-06	9.857724137931034e-06	9.871413793103446e-06	9.856344827586209e-06	9.841931034482762e-06	9.855793103448278e-06	9.924758620689659e-06	9.979137931034486e-06	9.96596551724138e-06	9.929827586206898e-06	9.921413793103449e-06	9.940689655172415e-06	9.961724137931035e-06	9.96896551724138e-06
4200	8.206451612903223e-06	6.587193548387095e-06	3.7725161290322574e-06	4.731483870967741e-06	8.294225806451615e-06	9.756483870967743e-06	9.841258064516132e-06	9.84812903225807e-06	9.803483870967744e-06	9.764193548387099e-06	9.74993548387097e-06	9.814806451612905e-06	9.925580645161297e-06	9.981161290322588e-06	9.989451612903236e-06	9.99529032258065e-06	9.999064516129035e-06	1.0000000000000004e-05	1.0000000000000004e-05
4300	7.031249999999996e-06	6.160843749999998e-06	4.638593750000001e-06	5.85534375e-06	8.6895625e-06	9.694343750000001e-06	9.7668125e-06	9.795937500000005e-06	9.778218750000004e-06	9.747062500000001e-06	9.756468750000002e-06	9.840125000000004e-06	9.913625000000006e-06	9.909593750000002e-06	9.864468750000003e-06	9.845562500000002e-06	9.891093750000004e-06	9.951593750000004e-06	9.971875000000007e-06
4400	5.921212121212116e-06	5.028242424242422e-06	3.896333333333333e-06	5.746181818181817e-06	8.72721212121212e-06	9.662000000000002e-06	9.741363636363637e-06	9.777242424242427e-06	9.757272727272728e-06	9.715121212121213e-06	9.73066666666667e-06	9.83248484848485e-06	9.910000000000005e-06	9.900090909090914e-06	9.848515151515155e-06	9.82954545454546e-06	9.89175757575758e-06	9.971303030303033e-06	9.996969696969698e-06
4500	7.640625000000001e-06	5.80071875e-06	3.3175625e-06	5.219187499999998e-06	8.686874999999998e-06	9.66709375e-06	9.752750000000002e-06	9.7809375e-06	9.771125000000004e-06	9.732656250000001e-06	9.723500000000001e-06	9.819031250000003e-06	9.912406250000006e-06	9.889125000000003e-06	9.808468750000002e-06	9.775843750000002e-06	9.841000000000003e-06	9.929093750000006e-06	9.959375000000007e-06
4600	7.928124999999996e-06	6.045e-06	3.344156249999999e-06	4.989437500000001e-06	8.71378125e-06	9.987437500000003e-06	9.999875000000004e-06	1.0000000000000004e-05	9.997437500000005e-06	9.973062500000007e-06	9.933343750000007e-06	9.936781250000003e-06	9.978593750000003e-06	9.986968750000007e-06	9.953250000000005e-06	9.937875000000007e-06	9.965625000000005e-06	9.990437500000008e-06	9.993750000000009e-06
4700	6.3874999999999986e-06	5.2148437499999984e-06	4.354843750000001e-06	6.875062500000001e-06	9.510562500000004e-06	9.951312500000005e-06	9.979062500000005e-06	9.997000000000003e-06	1.0000000000000004e-05	1.0000000000000004e-05	1.0000000000000004e-05	1.0000000000000004e-05	1.0000000000000004e-05	9.973062500000007e-06	9.897312500000004e-06	9.851312500000001e-06	9.902812500000005e-06	9.972625000000007e-06	9.993750000000009e-06
4800	5.183333333333334e-06	4.057633333333333e-06	3.1479333333333334e-06	5.5923000000000015e-06	8.900033333333336e-06	9.989700000000004e-06	1.0000000000000003e-05	1.0000000000000003e-05	1.0000000000000003e-05	1.0000000000000003e-05	1.0000000000000003e-05	1.0000000000000003e-05	9.999933333333336e-06	9.976133333333336e-06	9.897733333333334e-06	9.832933333333335e-06	9.8476e-06	9.884533333333337e-06	9.89666666666667e-06
4900	4.5500000000000005e-06	3.7087000000000014e-06	3.872800000000001e-06	6.871600000000001e-06	9.420066666666668e-06	9.987566666666669e-06	9.99893333333334e-06	9.995766666666672e-06	9.994566666666673e-06	9.99756666666667e-06	9.999833333333337e-06	1.0000000000000003e-05	1.0000000000000003e-05	9.986533333333335e-06	9.921200000000003e-06	9.85376666666667e-06	9.864266666666668e-06	9.901833333333336e-06	9.913333333333334e-06
5000	5.0290322580645155e-06	3.8834193548387105e-06	2.5721935483870966e-06	5.069903225806453e-06	8.855258064516133e-06	9.988645161290326e-06	1.0000000000000004e-05	9.99970967741936e-06	9.997290322580654e-06	9.993032258064525e-06	9.993032258064523e-06	9.997580645161293e-06	9.999935483870972e-06	9.986322580645168e-06	9.941225806451618e-06	9.903225806451618e-06	9.915774193548392e-06	9.941580645161294e-06	9.948387096774198e-06
5100	6.912903225806448e-06	5.3180000000000014e-06	3.5418064516129045e-06	5.770387096774194e-06	9.009193548387098e-06	9.875709677419355e-06	9.939258064516131e-06	9.951064516129035e-06	9.936838709677424e-06	9.95464516129033e-06	9.964645161290327e-06	9.941612903225812e-06	9.941290322580648e-06	9.970161290322587e-06	9.980548387096778e-06	9.965903225806457e-06	9.92367741935484e-06	9.876870967741939e-06	9.861290322580647e-06
5200	5.696774193548386e-06	4.814838709677417e-06	4.083548387096775e-06	6.024354838709678e-06	8.863774193548389e-06	9.923612903225811e-06	9.949225806451615e-06	9.955354838709683e-06	9.939935483870971e-06	9.94245161290323e-06	9.92470967741936e-06	9.874838709677424e-06	9.852838709677426e-06	9.850903225806455e-06	9.871774193548389e-06	9.92054838709678e-06	9.939516129032262e-06	9.926483870967744e-06	9.91935483870968e-06
5300	6.869999999999996e-06	4.764999999999999e-06	2.323966666666667e-06	4.7461e-06	8.709600000000004e-06	9.920766666666668e-06	9.936633333333334e-06	9.934766666666668e-06	9.908100000000006e-06	9.888100000000001e-06	9.864499999999998e-06	9.825866666666669e-06	9.833300000000001e-06	9.914733333333337e-06	9.984233333333337e-06	1.0000000000000003e-05	1.0000000000000003e-05	1.0000000000000003e-05	1.0000000000000003e-05
5400	1.0000000000000004e-05	1.0000000000000004e-05	1.0000000000000004e-05	1.0000000000000004e-05	1.0000000000000004e-05	1.0000000000000004e-05	1.0000000000000004e-05	1.0000000000000004e-05	1.0000000000000004e-05	1.0000000000000004e-05	1.0000000000000004e-05	1.0000000000000004e-05	1.0000000000000004e-05	1.0000000000000004e-05	1.0000000000000004e-05	1.0000000000000004e-05	1.0000000000000004e-05	1.0000000000000004e-05	1.0000000000000004e-05
5500	1.0000000000000004e-05	1.0000000000000004e-05	1.0000000000000004e-05	1.0000000000000004e-05	1.0000000000000004e-05	9.999437500000004e-06	9.997875000000005e-06	9.996875000000004e-06	9.996875000000004e-06	9.997437500000006e-06	9.999000000000004e-06	1.0000000000000004e-05	1.0000000000000004e-05	1.0000000000000004e-05	1.0000000000000004e-05	1.0000000000000004e-05	1.0000000000000004e-05	1.0000000000000004e-05	1.0000000000000004e-05
5600	9.990625000000004e-06	9.992250000000006e-06	9.996906250000003e-06	9.999968750000004e-06	1.0000000000000004e-05	9.998375000000006e-06	9.995250000000009e-06	9.993750000000009e-06	9.992218750000002e-06	9.992281250000006e-06	9.996906250000003e-06	9.999968750000004e-06	1.0000000000000004e-05	1.0000000000000004e-05	1.0000000000000004e-05	1.0000000000000004e-05	1.0000000000000004e-05	1.0000000000000004e-05	1.0000000000000004e-05
5700	8.97741935483871e-06	8.895516129032261e-06	9.020548387096775e-06	9.534645161290325e-06	9.90087096774194e-06	9.938064516129034e-06	9.916677419354843e-06	9.939258064516133e-06	9.978387096774199e-06	9.997709677419359e-06	1.0000000000000004e-05	9.99287096774194e-06	9.962129032258067e-06	9.9301935483871e-06	9.944903225806456e-06	9.983387096774198e-06	9.999419354838712e-06	1.0000000000000004e-05	1.0000000000000004e-05
5800	1.0000000000000004e-05	1.0000000000000004e-05	1.0000000000000004e-05	1.0000000000000004e-05	1.0000000000000004e-05	1.0000000000000004e-05	1.0000000000000004e-05	1.0000000000000004e-05	1.0000000000000004e-05	1.0000000000000004e-05	1.0000000000000004e-05	1.0000000000000004e-05	1.0000000000000004e-05	1.0000000000000004e-05	1.0000000000000004e-05	1.0000000000000004e-05	1.0000000000000004e-05	1.0000000000000004e-05	1.0000000000000004e-05
5900	9.996774193548395e-06	9.996806451612911e-06	9.998419354838713e-06	1.0000000000000004e-05	1.0000000000000004e-05	1.0000000000000004e-05	9.997774193548395e-06	9.974064516129037e-06	9.935645161290327e-06	9.934612903225812e-06	9.960387096774198e-06	9.96454838709678e-06	9.958290322580648e-06	9.964290322580653e-06	9.979032258064521e-06	9.984096774193556e-06	9.979806451612906e-06	9.974806451612905e-06	9.970967741935486e-06
6000	1.0000000000000004e-05	1.0000000000000004e-05	1.0000000000000004e-05	1.0000000000000004e-05	1.0000000000000004e-05	1.0000000000000004e-05	1.0000000000000004e-05	1.0000000000000004e-05	1.0000000000000004e-05	1.0000000000000004e-05	1.0000000000000004e-05	1.0000000000000004e-05	1.0000000000000004e-05	1.0000000000000004e-05	1.0000000000000004e-05	1.0000000000000004e-05	1.0000000000000004e-05	1.0000000000000004e-05	1.0000000000000004e-05
6100	9.929032258064522e-06	9.924322580645167e-06	9.939935483870973e-06	9.978838709677421e-06	9.998387096774197e-06	9.998064516129042e-06	9.997096774193555e-06	9.994193548387103e-06	9.968580645161298e-06	9.934580645161294e-06	9.944838709677425e-06	9.982838709677423e-06	9.999483870967743e-06	1.0000000000000004e-05	1.0000000000000004e-05	1.0000000000000004e-05	1.0000000000000004e-05	1.0000000000000004e-05	1.0000000000000004e-05
6200	9.99032258064517e-06	9.991838709677426e-06	9.99667741935484e-06	1.0000000000000004e-05	1.0000000000000004e-05	1.0000000000000004e-05	1.0000000000000004e-05	1.0000000000000004e-05	1.0000000000000004e-05	1.0000000000000004e-05	9.995677419354847e-06	9.984870967741938e-06	9.976838709677425e-06	9.979193548387103e-06	9.98564516129033e-06	9.990774193548394e-06	9.99667741935484e-06	1.0000000000000004e-05	1.0000000000000004e-05
6300	1.0000000000000004e-05	1.0000000000000004e-05	1.0000000000000004e-05	1.0000000000000004e-05	9.997129032258071e-06	9.975741935483875e-06	9.933806451612903e-06	9.926580645161294e-06	9.969064516129036e-06	9.997677419354843e-06	1.0000000000000004e-05	1.0000000000000004e-05	1.0000000000000004e-05	1.0000000000000004e-05	9.987419354838716e-06	9.933354838709681e-06	9.856709677419358e-06	9.836580645161293e-06	9.851612903225811e-06
6400	1.000000000000001e-05	1.000000000000001e-05	9.998382352941182e-06	9.981205882352948e-06	9.937617647058829e-06	9.899647058823537e-06	9.861941176470592e-06	9.77952941176471e-06	9.70888235294118e-06	9.765617647058826e-06	9.868117647058825e-06	9.859705882352946e-06	9.83082352941177e-06	9.88088235294118e-06	9.950529411764711e-06	9.962235294117654e-06	9.92702941176471e-06	9.914794117647061e-06	9.920588235294121e-06
6500	1.0000000000000003e-05	1.0000000000000003e-05	9.996833333333337e-06	9.969166666666673e-06	9.928500000000005e-06	9.935500000000003e-06	9.978000000000003e-06	9.99866666666667e-06	1.0000000000000003e-05	9.982333333333336e-06	9.942166666666668e-06	9.92916666666667e-06	9.96116666666667e-06	9.989133333333336e-06	9.979433333333336e-06	9.94066666666667e-06	9.925700000000004e-06	9.947166666666672e-06	9.960000000000006e-06
6600	9.996969696969698e-06	9.996333333333338e-06	9.989272727272732e-06	9.959787878787884e-06	9.927484848484852e-06	9.9399090909091e-06	9.97809090909091e-06	9.991333333333339e-06	9.987969696969704e-06	9.981242424242432e-06	9.949424242424245e-06	9.903030303030308e-06	9.886484848484854e-06	9.917181818181821e-06	9.943515151515155e-06	9.923212121212125e-06	9.905484848484853e-06	9.907212121212128e-06	9.906060606060612e-06
6700	1.0000000000000004e-05	1.0000000000000004e-05	9.998161290322588e-06	9.979645161290328e-06	9.934096774193554e-06	9.894548387096779e-06	9.848903225806454e-06	9.749806451612906e-06	9.689322580645162e-06	9.780225806451616e-06	9.929516129032262e-06	9.99577419354839e-06	1.0000000000000004e-05	9.99764516129033e-06	9.96529032258065e-06	9.881322580645165e-06	9.788129032258065e-06	9.751870967741937e-06	9.75483870967742e-06
6800	9.925806451612908e-06	9.938741935483874e-06	9.972677419354844e-06	9.975838709677426e-06	9.934870967741935e-06	9.926870967741938e-06	9.96703225806452e-06	9.99603225806452e-06	1.0000000000000004e-05	1.0000000000000004e-05	1.0000000000000004e-05	1.0000000000000004e-05	1.0000000000000004e-05	1.0000000000000004e-05	9.994677419354841e-06	9.94945161290323e-06	9.865709677419359e-06	9.828677419354838e-06	9.835483870967743e-06
6900	9.906250000000002e-06	9.915625000000002e-06	9.954375000000004e-06	9.972250000000004e-06	9.911875000000007e-06	9.866875000000004e-06	9.920375000000004e-06	9.983281250000005e-06	9.998281250000004e-06	1.0000000000000004e-05	1.0000000000000004e-05	1.0000000000000004e-05	1.0000000000000004e-05	1.0000000000000004e-05	9.997156250000005e-06	9.966906250000005e-06	9.868500000000006e-06	9.792500000000002e-06	9.787500000000002e-06
7000	9.930000000000003e-06	9.940033333333336e-06	9.970733333333334e-06	9.977333333333339e-06	9.93926666666667e-06	9.926000000000005e-06	9.96286666666667e-06	9.994500000000002e-06	1.0000000000000003e-05	1.0000000000000003e-05	1.0000000000000003e-05	1.0000000000000003e-05	1.0000000000000003e-05	1.0000000000000003e-05	1.0000000000000003e-05	1.0000000000000003e-05	1.0000000000000003e-05	1.0000000000000003e-05	1.0000000000000003e-05
7100	1.0000000000000003e-05	1.0000000000000003e-05	1.0000000000000003e-05	1.0000000000000003e-05	1.0000000000000003e-05	1.0000000000000003e-05	1.0000000000000003e-05	1.0000000000000003e-05	1.0000000000000003e-05	1.0000000000000003e-05	1.0000000000000003e-05	1.0000000000000003e-05	1.0000000000000003e-05	1.0000000000000003e-05	1.0000000000000003e-05	1.0000000000000003e-05	1.0000000000000003e-05	1.0000000000000003e-05	1.0000000000000003e-05
7200	9.831034482758625e-06	9.85486206896552e-06	9.929758620689658e-06	9.990413793103451e-06	1.0000000000000003e-05	1.0000000000000003e-05	1.0000000000000003e-05	1.0000000000000003e-05	1.0000000000000003e-05	1.0000000000000003e-05	1.0000000000000003e-05	1.0000000000000003e-05	9.99996551724138e-06	9.988896551724144e-06	9.95079310344828e-06	9.924655172413794e-06	9.952689655172418e-06	9.98989655172414e-06	1.0000000000000003e-05
7300	9.803030303030307e-06	9.845666666666671e-06	9.938484848484854e-06	9.993363636363638e-06	9.997515151515153e-06	9.997939393939399e-06	9.99945454545455e-06	1.0000000000000004e-05	9.995424242424248e-06	9.97366666666667e-06	9.950000000000005e-06	9.960181818181824e-06	9.987909090909094e-06	9.989848484848493e-06	9.9649393939394e-06	9.948060606060611e-06	9.961030303030308e-06	9.984515151515156e-06	9.993939393939399e-06
7400	1.0000000000000003e-05	1.0000000000000003e-05	1.0000000000000003e-05	1.0000000000000003e-05	1.0000000000000003e-05	1.0000000000000003e-05	1.0000000000000003e-05	1.0000000000000003e-05	1.0000000000000003e-05	1.0000000000000003e-05	1.0000000000000003e-05	1.0000000000000003e-05	1.0000000000000003e-05	1.0000000000000003e-05	1.0000000000000003e-05	1.0000000000000003e-05	1.0000000000000003e-05	1.0000000000000003e-05	1.0000000000000003e-05
7500	9.971875000000007e-06	9.970906250000007e-06	9.972687500000006e-06	9.977062500000004e-06	9.983093750000006e-06	9.991968750000005e-06	9.997843750000002e-06	9.997000000000004e-06	9.989375000000006e-06	9.983687500000008e-06	9.988125000000005e-06	9.991406250000006e-06	9.989343750000004e-06	9.993156250000005e-06	9.998781250000004e-06	1.0000000000000004e-05	1.0000000000000004e-05	1.0000000000000004e-05	1.0000000000000004e-05
7600	9.846666666666668e-06	9.859166666666669e-06	9.891266666666666e-06	9.914500000000003e-06	9.944766666666672e-06	9.985700000000003e-06	1.0000000000000003e-05	9.990933333333338e-06	9.955200000000003e-06	9.921666666666669e-06	9.94146666666667e-06	9.984066666666668e-06	1.0000000000000003e-05	1.0000000000000003e-05	1.0000000000000003e-05	1.0000000000000003e-05	1.0000000000000003e-05	1.0000000000000003e-05	1.0000000000000003e-05
7700	9.821875000000002e-06	9.843625000000004e-06	9.889593750000002e-06	9.905656250000004e-06	9.896937500000003e-06	9.905781250000003e-06	9.941250000000004e-06	9.972437500000004e-06	9.950687500000002e-06	9.918625000000007e-06	9.941687500000004e-06	9.984781250000005e-06	9.999812500000003e-06	1.0000000000000004e-05	1.0000000000000004e-05	9.999937500000003e-06	9.980593750000005e-06	9.949406250000006e-06	9.937500000000003e-06
7800	9.996875000000004e-06	9.996875000000004e-06	9.998281250000003e-06	9.999843750000005e-06	1.0000000000000004e-05	1.0000000000000004e-05	1.0000000000000004e-05	1.0000000000000004e-05	1.0000000000000004e-05	1.0000000000000004e-05	9.997218750000004e-06	9.98078125000001e-06	9.950406250000006e-06	9.943312500000003e-06	9.951812500000003e-06	9.941343750000002e-06	9.933187500000006e-06	9.934375000000006e-06	9.934375000000006e-06
7900	1.0000000000000004e-05	1.0000000000000004e-05	1.0000000000000004e-05	1.0000000000000004e-05	1.0000000000000004e-05	1.0000000000000004e-05	9.98487096774194e-06	9.93977419354839e-06	9.907548387096777e-06	9.906645161290326e-06	9.904838709677423e-06	9.929032258064522e-06	9.976838709677425e-06	9.993580645161297e-06	9.983677419354844e-06	9.978548387096775e-06	9.964000000000003e-06	9.925806451612904e-06	9.903225806451614e-06
8000	1.0000000000000003e-05	1.0000000000000003e-05	1.0000000000000003e-05	1.0000000000000003e-05	1.0000000000000003e-05	9.999827586206899e-06	9.979965517241383e-06	9.926206896551725e-06	9.874000000000004e-06	9.87127586206897e-06	9.897103448275865e-06	9.918620689655174e-06	9.931482758620692e-06	9.890000000000004e-06	9.761068965517245e-06	9.677000000000002e-06	9.759965517241383e-06	9.86893103448276e-06	9.896551724137933e-06
8100	1.0000000000000004e-05	9.997677419354848e-06	9.994451612903234e-06	9.99587096774194e-06	9.99887096774194e-06	9.994903225806461e-06	9.974483870967748e-06	9.919709677419359e-06	9.872806451612908e-06	9.887645161290328e-06	9.918064516129037e-06	9.93961290322581e-06	9.956322580645166e-06	9.911225806451618e-06	9.823580645161295e-06	9.798483870967747e-06	9.850903225806455e-06	9.90564516129033e-06	9.922580645161297e-06
8200	9.912500000000004e-06	9.915812500000003e-06	9.945375000000006e-06	9.984656250000003e-06	9.998843750000005e-06	1.0000000000000004e-05	9.994093750000006e-06	9.968093750000007e-06	9.928937500000005e-06	9.909625000000006e-06	9.908093750000006e-06	9.924312500000003e-06	9.951125000000002e-06	9.906375000000007e-06	9.790406250000004e-06	9.752250000000001e-06	9.827437500000004e-06	9.892562500000003e-06	9.906250000000004e-06
8300	9.91935483870968e-06	9.918870967741938e-06	9.941806451612909e-06	9.98129032258065e-06	9.998677419354842e-06	1.0000000000000004e-05	9.999032258064523e-06	9.981193548387104e-06	9.938290322580648e-06	9.902967741935487e-06	9.888870967741938e-06	9.901096774193553e-06	9.925290322580647e-06	9.877903225806455e-06	9.755645161290325e-06	9.704064516129034e-06	9.77977419354839e-06	9.860000000000004e-06	9.880645161290326e-06
8400	9.86774193548387e-06	9.876193548387095e-06	9.920451612903229e-06	9.977258064516133e-06	9.996161290322587e-06	9.97270967741936e-06	9.93167741935484e-06	9.921516129032261e-06	9.944806451612907e-06	9.968741935483877e-06	9.987645161290329e-06	9.991161290322584e-06	9.97187096774194e-06	9.95470967741936e-06	9.954516129032262e-06	9.964774193548393e-06	9.983419354838714e-06	9.99735483870968e-06	1.0000000000000004e-05
8500	9.954838709677424e-06	9.965096774193553e-06	9.95645161290323e-06	9.891741935483874e-06	9.854193548387098e-06	9.913483870967745e-06	9.98225806451613e-06	1.0000000000000004e-05	1.0000000000000004e-05	9.9985806451613e-06	9.993193548387101e-06	9.963580645161293e-06	9.923516129032259e-06	9.914225806451615e-06	9.916161290322584e-06	9.927645161290324e-06	9.963903225806457e-06	9.992741935483875e-06	1.0000000000000004e-05
8600	9.906250000000002e-06	9.912875000000003e-06	9.901625000000004e-06	9.857562500000003e-06	9.871156250000005e-06	9.945031250000004e-06	9.988000000000005e-06	9.996437500000006e-06	9.996156250000005e-06	9.997031250000007e-06	9.997593750000005e-06	9.997156250000003e-06	9.998156250000004e-06	9.999718750000003e-06	9.999656250000006e-06	9.996531250000007e-06	9.992906250000004e-06	9.991343750000003e-06	9.990625000000004e-06
8700	9.793750000000003e-06	9.836375000000003e-06	9.909125000000005e-06	9.939875000000005e-06	9.941500000000005e-06	9.919156250000004e-06	9.886281250000004e-06	9.916468750000004e-06	9.970968750000006e-06	9.943406250000004e-06	9.884531250000004e-06	9.908468750000005e-06	9.971062500000003e-06	9.995031250000006e-06	9.996593750000006e-06	9.977687500000005e-06	9.938343750000006e-06	9.905687500000005e-06	9.893750000000005e-06
8800	1.0000000000000003e-05	1.0000000000000003e-05	1.0000000000000003e-05	1.0000000000000003e-05	1.0000000000000003e-05	1.0000000000000003e-05	1.0000000000000003e-05	9.997766666666674e-06	9.99443333333334e-06	9.988400000000004e-06	9.920800000000002e-06	9.758200000000003e-06	9.664000000000003e-06	9.761533333333333e-06	9.909400000000005e-06	9.980766666666673e-06	9.986466666666673e-06	9.963433333333335e-06	9.950000000000003e-06
8900	9.996774193548395e-06	9.996774193548395e-06	9.995419354838718e-06	9.993806451612911e-06	9.994903225806461e-06	9.996516129032266e-06	9.996774193548395e-06	9.996774193548395e-06	9.995129032258072e-06	9.993516129032265e-06	9.996548387096779e-06	9.99977419354839e-06	9.995645161290331e-06	9.99080645161291e-06	9.994677419354843e-06	9.999516129032263e-06	1.0000000000000004e-05	1.0000000000000004e-05	1.0000000000000004e-05
9000	1.0000000000000004e-05	1.0000000000000004e-05	1.0000000000000004e-05	1.0000000000000004e-05	1.0000000000000004e-05	1.0000000000000004e-05	1.0000000000000004e-05	1.0000000000000004e-05	1.0000000000000004e-05	1.0000000000000004e-05	1.0000000000000004e-05	1.0000000000000004e-05	1.0000000000000004e-05	1.0000000000000004e-05	1.0000000000000004e-05	1.0000000000000004e-05	1.0000000000000004e-05	1.0000000000000004e-05	1.0000000000000004e-05
9100	1.0000000000000004e-05	1.0000000000000004e-05	1.0000000000000004e-05	1.0000000000000004e-05	9.996548387096779e-06	9.956387096774195e-06	9.855709677419357e-06	9.79083870967742e-06	9.852548387096778e-06	9.952774193548392e-06	9.9951935483871e-06	1.0000000000000004e-05	1.0000000000000004e-05	9.998903225806456e-06	9.985354838709683e-06	9.954032258064521e-06	9.924000000000005e-06	9.899967741935488e-06	9.887096774193553e-06
9200	1.0000000000000004e-05	1.0000000000000004e-05	1.0000000000000004e-05	9.998500000000004e-06	9.993843750000006e-06	9.952812500000005e-06	9.506593750000001e-06	8.6099375e-06	8.483406249999998e-06	9.369875000000003e-06	9.943812500000004e-06	9.994968750000003e-06	9.997343750000006e-06	9.998906250000004e-06	1.0000000000000004e-05	1.0000000000000004e-05	1.0000000000000004e-05	1.0000000000000004e-05	1.0000000000000004e-05
9300	9.670967741935485e-06	9.715225806451614e-06	9.815032258064516e-06	9.855806451612907e-06	9.852096774193551e-06	9.858451612903227e-06	9.60361290322581e-06	9.010354838709678e-06	8.852516129032258e-06	9.421322580645166e-06	9.89661290322581e-06	9.9941935483871e-06	1.0000000000000004e-05	9.992322580645167e-06	9.958225806451616e-06	9.924903225806455e-06	9.928483870967745e-06	9.9323870967742e-06	9.925806451612908e-06
9400	9.7e-06	9.736424242424244e-06	9.816636363636369e-06	9.850575757575763e-06	9.864333333333337e-06	9.903757575757579e-06	9.765242424242427e-06	9.336242424242427e-06	9.145515151515155e-06	9.514818181818184e-06	9.88884848484849e-06	9.98875757575758e-06	1.0000000000000004e-05	9.990757575757583e-06	9.953909090909094e-06	9.924454545454551e-06	9.921696969696977e-06	9.90584848484849e-06	9.890909090909095e-06
9500	9.673333333333334e-06	9.721e-06	9.819233333333334e-06	9.853266666666666e-06	9.860266666666671e-06	9.901766666666669e-06	9.59856666666667e-06	7.446233333333333e-06	5.475866666666669e-06	7.186533333333333e-06	9.51056666666667e-06	9.970500000000006e-06	9.93256666666667e-06	9.91646666666667e-06	9.924200000000004e-06	9.923300000000002e-06	9.932166666666668e-06	9.926033333333336e-06	9.910000000000003e-06
9600	1.0000000000000004e-05	1.0000000000000004e-05	1.0000000000000004e-05	1.0000000000000004e-05	1.0000000000000004e-05	9.997129032258071e-06	9.992000000000009e-06	9.991290322580653e-06	9.995096774193554e-06	9.997967741935489e-06	9.997387096774203e-06	9.993419354838717e-06	9.990774193548395e-06	9.992677419354847e-06	9.993709677419362e-06	9.992193548387104e-06	9.991903225806458e-06	9.989741935483877e-06	9.987096774193556e-06
9700	1.0000000000000003e-05	1.0000000000000003e-05	1.0000000000000003e-05	1.0000000000000003e-05	9.997500000000007e-06	9.992500000000006e-06	9.990000000000006e-06	9.990000000000006e-06	9.992500000000006e-06	9.997500000000002e-06	1.0000000000000003e-05	1.0000000000000003e-05	1.0000000000000003e-05	1.0000000000000003e-05	1.0000000000000003e-05	1.0000000000000003e-05	1.0000000000000003e-05	1.0000000000000003e-05	1.0000000000000003e-05
9800	1.0000000000000004e-05	9.999064516129039e-06	9.97351612903226e-06	9.92103225806452e-06	9.90961290322581e-06	9.952516129032261e-06	9.974709677419357e-06	9.958290322580648e-06	9.9551935483871e-06	9.978774193548391e-06	9.996645161290326e-06	1.0000000000000004e-05	1.0000000000000004e-05	9.995193548387102e-06	9.965000000000002e-06	9.924000000000002e-06	9.885161290322584e-06	9.816451612903233e-06	9.77096774193549e-06
9900	9.935483870967745e-06	9.939548387096777e-06	9.94970967741936e-06	9.954032258064521e-06	9.950806451612907e-06	9.943225806451619e-06	9.933225806451617e-06	9.947838709677426e-06	9.982677419354844e-06	9.999516129032263e-06	1.0000000000000004e-05	1.0000000000000004e-05	1.0000000000000004e-05	1.0000000000000004e-05	1.0000000000000004e-05	9.998193548387105e-06	9.994967741935493e-06	9.99354838709678e-06	9.99354838709678e-06
10000	9.931250000000003e-06	9.934718750000005e-06	9.938500000000005e-06	9.922937500000005e-06	9.895750000000004e-06	9.914937500000005e-06	9.968156250000006e-06	9.994000000000006e-06	9.995437500000009e-06	9.995187500000006e-06	9.998312500000003e-06	1.0000000000000004e-05	9.986250000000006e-06	9.946812500000004e-06	9.924312500000003e-06	9.944843750000007e-06	9.948593750000005e-06	9.919062500000004e-06	9.903125000000004e-06
