	site
generation	50	100	150	200	250	300	350	400	450	500	550	600	650	700	750	800	850	900	950
0	1.0000000000000004e-05	1.0000000000000004e-05	1.0000000000000004e-05	1.0000000000000004e-05	1.0000000000000004e-05	1.0000000000000004e-05	1.0000000000000004e-05	1.0000000000000004e-05	1.0000000000000004e-05	1.0000000000000004e-05	1.0000000000000004e-05	1.0000000000000004e-05	1.0000000000000004e-05	1.0000000000000004e-05	1.0000000000000004e-05	1.0000000000000004e-05	1.0000000000000004e-05	1.0000000000000004e-05	1.0000000000000004e-05
100	9.993939393939399e-06	9.996696969696973e-06	9.999363636363637e-06	9.998121212121213e-06	9.997333333333338e-06	9.998848484848489e-06	1.0000000000000004e-05	1.0000000000000004e-05	1.0000000000000004e-05	1.0000000000000004e-05	9.995939393939398e-06	9.981272727272731e-06	9.966969696969703e-06	9.973575757575764e-06	9.991636363636367e-06	9.999696969696973e-06	9.999636363636364e-06	9.998121212121213e-06	9.996969696969698e-06
200	9.988235294117654e-06	9.993088235294126e-06	9.98820588235295e-06	9.937294117647067e-06	9.88652941176471e-06	9.909911764705886e-06	9.960676470588238e-06	9.98591176470589e-06	9.99591176470589e-06	9.999235294117657e-06	1.000000000000001e-05	1.000000000000001e-05	1.000000000000001e-05	9.993029411764713e-06	9.973588235294124e-06	9.955176470588243e-06	9.961705882352949e-06	9.987088235294127e-06	1.000000000000001e-05
300	9.948484848484854e-06	9.96624242424243e-06	9.979181818181827e-06	9.936909090909094e-06	9.872757575757582e-06	9.873575757575761e-06	9.940333333333337e-06	9.989515151515156e-06	9.999727272727274e-06	1.0000000000000004e-05	1.0000000000000004e-05	1.0000000000000004e-05	9.999878787878789e-06	9.991757575757583e-06	9.965060606060613e-06	9.942818181818189e-06	9.940848484848489e-06	9.942424242424249e-06	9.942424242424249e-06
400	9.993750000000009e-06	9.995656250000005e-06	9.998093750000001e-06	9.995843750000005e-06	9.992531250000007e-06	9.994781250000007e-06	9.998781250000002e-06	1.0000000000000004e-05	1.0000000000000004e-05	1.0000000000000004e-05	1.0000000000000004e-05	1.0000000000000004e-05	9.994781250000003e-06	9.977781250000005e-06	9.961031250000002e-06	9.959500000000005e-06	9.962750000000004e-06	9.960968750000008e-06	9.959375000000007e-06
500	9.996666666666672e-06	9.995566666666673e-06	9.99410000000001e-06	9.996300000000003e-06	9.999433333333336e-06	1.0000000000000003e-05	1.0000000000000003e-05	1.0000000000000003e-05	9.999800000000004e-06	9.99703333333334e-06	9.99410000000001e-06	9.996300000000003e-06	9.999433333333336e-06	1.0000000000000003e-05	1.0000000000000003e-05	1.0000000000000003e-05	1.0000000000000003e-05	1.0000000000000003e-05	1.0000000000000003e-05
600	9.990000000000006e-06	9.993100000000004e-06	9.994866666666673e-06	9.990200000000001e-06	9.988333333333337e-06	9.99313333333334e-06	9.998233333333335e-06	1.0000000000000003e-05	1.0000000000000003e-05	9.99843333333334e-06	9.991866666666668e-06	9.985100000000002e-06	9.983333333333335e-06	9.984900000000005e-06	9.991466666666669e-06	9.998233333333337e-06	9.996166666666673e-06	9.989500000000003e-06	9.98666666666667e-06
700	1.0000000000000004e-05	1.0000000000000004e-05	1.0000000000000004e-05	1.0000000000000004e-05	1.0000000000000004e-05	1.0000000000000004e-05	1.0000000000000004e-05	1.0000000000000004e-05	9.999419354838717e-06	9.996741935483879e-06	9.994677419354846e-06	9.996806451612907e-06	9.999451612903231e-06	9.998935483870977e-06	9.996741935483879e-06	9.995645161290331e-06	9.99680645161291e-06	9.998967741935488e-06	1.0000000000000004e-05
800	1.0000000000000003e-05	1.0000000000000003e-05	1.0000000000000003e-05	9.99783333333334e-06	9.99276666666667e-06	9.985433333333336e-06	9.983900000000004e-06	9.993400000000003e-06	1.0000000000000003e-05	1.0000000000000003e-05	1.0000000000000003e-05	9.999500000000003e-06	9.991000000000003e-06	9.957866666666672e-06	9.928033333333337e-06	9.929900000000005e-06	9.948400000000001e-06	9.973500000000004e-06	9.98666666666667e-06
900	1.0000000000000004e-05	1.0000000000000004e-05	1.0000000000000004e-05	1.0000000000000004e-05	1.0000000000000004e-05	1.0000000000000004e-05	9.999387096774201e-06	9.996419354838719e-06	9.99280645161291e-06	9.99390322580646e-06	9.998129032258067e-06	9.998645161290333e-06	9.990354838709686e-06	9.979064516129034e-06	9.978903225806458e-06	9.982290322580647e-06	9.972451612903228e-06	9.962354838709684e-06	9.96129032258065e-06
1000	9.865517241379313e-06	9.898655172413794e-06	9.947068965517245e-06	9.940344827586208e-06	9.922862068965518e-06	9.954517241379314e-06	9.9908275862069e-06	1.0000000000000003e-05	1.0000000000000003e-05	1.0000000000000003e-05	1.0000000000000003e-05	1.0000000000000003e-05	1.0000000000000003e-05	1.0000000000000003e-05	1.0000000000000003e-05	9.997241379310351e-06	9.992068965517249e-06	9.989655172413803e-06	9.989655172413803e-06
1100	9.959375000000007e-06	9.970531250000004e-06	9.988750000000005e-06	9.985343750000006e-06	9.965562500000002e-06	9.960062500000004e-06	9.973937500000006e-06	9.990750000000003e-06	9.995218750000005e-06	9.990593750000005e-06	9.987437500000008e-06	9.982718750000005e-06	9.970593750000007e-06	9.950218750000005e-06	9.938968750000005e-06	9.868750000000006e-06	9.694625000000007e-06	9.586437500000006e-06	9.581250000000006e-06
1200	9.870967741935487e-06	9.886258064516135e-06	9.904483870967749e-06	9.872225806451614e-06	9.829451612903226e-06	9.854064516129034e-06	9.927838709677425e-06	9.978258064516135e-06	9.961483870967747e-06	9.900129032258069e-06	9.85483870967742e-06	9.869193548387098e-06	9.889903225806454e-06	9.868225806451616e-06	9.826612903225812e-06	9.795645161290326e-06	9.833612903225809e-06	9.905838709677425e-06	9.932258064516135e-06
1300	9.913333333333334e-06	9.928900000000002e-06	9.950600000000003e-06	9.919700000000003e-06	9.876633333333338e-06	9.90066666666667e-06	9.94783333333334e-06	9.949600000000002e-06	9.912200000000003e-06	9.877333333333338e-06	9.873800000000002e-06	9.916833333333335e-06	9.946533333333334e-06	9.912300000000003e-06	9.874466666666668e-06	9.864833333333334e-06	9.884000000000004e-06	9.929233333333338e-06	9.953333333333337e-06
1400	9.886666666666668e-06	9.902466666666669e-06	9.936300000000002e-06	9.920066666666672e-06	9.805433333333333e-06	9.724466666666666e-06	9.803766666666667e-06	9.89086666666667e-06	9.865500000000002e-06	9.862600000000003e-06	9.939233333333336e-06	9.993100000000003e-06	1.0000000000000003e-05	9.998866666666667e-06	9.976700000000002e-06	9.934800000000004e-06	9.90363333333334e-06	9.893333333333337e-06	9.893333333333337e-06
1500	1.0000000000000004e-05	1.0000000000000004e-05	1.0000000000000004e-05	1.0000000000000004e-05	9.999156250000004e-06	9.997593750000005e-06	9.997718750000004e-06	9.999281250000003e-06	9.999156250000004e-06	9.997593750000005e-06	9.997718750000004e-06	9.999281250000003e-06	1.0000000000000004e-05	1.0000000000000004e-05	1.0000000000000004e-05	1.0000000000000004e-05	1.0000000000000004e-05	1.0000000000000004e-05	1.0000000000000004e-05
1600	1.0000000000000003e-05	1.0000000000000003e-05	1.0000000000000003e-05	1.0000000000000003e-05	1.0000000000000003e-05	1.0000000000000003e-05	1.0000000000000003e-05	1.0000000000000003e-05	1.0000000000000003e-05	1.0000000000000003e-05	9.987866666666673e-06	9.959966666666671e-06	9.945933333333336e-06	9.963400000000005e-06	9.987633333333338e-06	9.994733333333341e-06	9.992566666666672e-06	9.98256666666667e-06	9.973333333333338e-06
1700	9.918750000000006e-06	9.911937500000003e-06	9.903937500000001e-06	9.916468750000005e-06	9.945093750000004e-06	9.953312500000004e-06	9.933218750000003e-06	9.933343750000005e-06	9.963718750000007e-06	9.986437500000008e-06	9.985375000000004e-06	9.962125000000006e-06	9.942500000000003e-06	9.952937500000004e-06	9.961343750000005e-06	9.943406250000004e-06	9.945500000000005e-06	9.972281250000008e-06	9.984375000000006e-06
1800	9.9e-06	9.883600000000001e-06	9.865266666666669e-06	9.900566666666668e-06	9.958266666666673e-06	9.96366666666667e-06	9.921900000000004e-06	9.8826e-06	9.886666666666668e-06	9.935700000000006e-06	9.966833333333336e-06	9.938133333333337e-06	9.912433333333337e-06	9.945100000000002e-06	9.987900000000003e-06	9.999800000000004e-06	9.997066666666673e-06	9.99383333333334e-06	9.99333333333334e-06
1900	9.90344827586207e-06	9.894137931034484e-06	9.881586206896551e-06	9.899689655172417e-06	9.946896551724141e-06	9.965000000000002e-06	9.926724137931035e-06	9.887758620689654e-06	9.882448275862072e-06	9.889344827586208e-06	9.896241379310343e-06	9.899689655172413e-06	9.91089655172414e-06	9.941068965517244e-06	9.971413793103454e-06	9.985896551724142e-06	9.994482758620693e-06	9.999827586206899e-06	1.0000000000000003e-05
2000	9.833333333333335e-06	9.826533333333337e-06	9.838366666666665e-06	9.896300000000002e-06	9.964433333333336e-06	9.993400000000007e-06	9.993500000000009e-06	9.996633333333337e-06	9.999900000000002e-06	1.0000000000000003e-05	1.0000000000000003e-05	1.0000000000000003e-05	1.0000000000000003e-05	1.0000000000000003e-05	1.0000000000000003e-05	1.0000000000000003e-05	1.0000000000000003e-05	1.0000000000000003e-05	1.0000000000000003e-05
2100	9.806250000000001e-06	9.786687499999998e-06	9.764124999999995e-06	9.812468750000003e-06	9.897437500000002e-06	9.922968750000006e-06	9.927312500000005e-06	9.963312500000006e-06	9.992812500000005e-06	9.997812500000005e-06	9.997500000000007e-06	9.999062500000003e-06	1.0000000000000004e-05	9.996406250000005e-06	9.986250000000008e-06	9.979375000000008e-06	9.985625000000005e-06	9.996093750000005e-06	1.0000000000000004e-05
2200	9.815625e-06	9.791187500000003e-06	9.758093749999999e-06	9.809812500000001e-06	9.902781250000003e-06	9.923937500000006e-06	9.923062500000004e-06	9.959250000000003e-06	9.992437500000004e-06	9.99668750000001e-06	9.99043750000001e-06	9.990812500000007e-06	9.997062500000005e-06	9.99668750000001e-06	9.99043750000001e-06	9.990812500000007e-06	9.997062500000005e-06	1.0000000000000004e-05	1.0000000000000004e-05
2300	1.0000000000000004e-05	1.0000000000000004e-05	1.0000000000000004e-05	1.0000000000000004e-05	1.0000000000000004e-05	1.0000000000000004e-05	1.0000000000000004e-05	1.0000000000000004e-05	1.0000000000000004e-05	9.999636363636364e-06	9.998121212121213e-06	9.997333333333338e-06	9.998848484848489e-06	9.999636363636364e-06	9.998121212121213e-06	9.997333333333338e-06	9.998848484848489e-06	1.0000000000000004e-05	1.0000000000000004e-05
2400	9.976470588235305e-06	9.969911764705891e-06	9.921735294117653e-06	9.866823529411767e-06	9.898470588235296e-06	9.970941176470597e-06	9.999235294117657e-06	1.000000000000001e-05	1.000000000000001e-05	1.000000000000001e-05	1.000000000000001e-05	1.000000000000001e-05	1.000000000000001e-05	1.000000000000001e-05	1.000000000000001e-05	1.000000000000001e-05	1.000000000000001e-05	1.000000000000001e-05	1.000000000000001e-05
2500	9.978787878787885e-06	9.947515151515155e-06	9.878969696969702e-06	9.8629696969697e-06	9.925515151515157e-06	9.98315151515152e-06	9.999757575757579e-06	1.0000000000000004e-05	1.0000000000000004e-05	9.993939393939399e-06	9.972575757575765e-06	9.949939393939399e-06	9.956303030303032e-06	9.983393939393944e-06	9.998393939393943e-06	1.0000000000000004e-05	1.0000000000000004e-05	1.0000000000000004e-05	1.0000000000000004e-05
2600	9.996969696969698e-06	9.994363636363643e-06	9.979393939393946e-06	9.969454545454553e-06	9.984242424242427e-06	9.996787878787882e-06	9.996969696969698e-06	9.99533333333334e-06	9.990848484848493e-06	9.989787878787884e-06	9.989818181818187e-06	9.988575757575768e-06	9.988424242424251e-06	9.985333333333343e-06	9.986818181818189e-06	9.991424242424248e-06	9.991575757575762e-06	9.992484848484854e-06	9.993939393939399e-06
2700	1.0000000000000004e-05	1.0000000000000004e-05	1.0000000000000004e-05	1.0000000000000004e-05	1.0000000000000004e-05	1.0000000000000004e-05	1.0000000000000004e-05	1.0000000000000004e-05	1.0000000000000004e-05	1.0000000000000004e-05	1.0000000000000004e-05	1.0000000000000004e-05	1.0000000000000004e-05	1.0000000000000004e-05	1.0000000000000004e-05	1.0000000000000004e-05	1.0000000000000004e-05	1.0000000000000004e-05	1.0000000000000004e-05
2800	9.932258064516135e-06	9.916967741935488e-06	9.880129032258067e-06	9.85970967741936e-06	9.849000000000002e-06	9.817774193548392e-06	9.832e-06	9.912677419354843e-06	9.956064516129038e-06	9.937451612903232e-06	9.922838709677422e-06	9.92109677419355e-06	9.922322580645166e-06	9.946580645161297e-06	9.980903225806457e-06	9.997129032258066e-06	1.0000000000000004e-05	1.0000000000000004e-05	1.0000000000000004e-05
2900	9.933333333333337e-06	9.91216666666667e-06	9.862266666666667e-06	9.827499999999999e-06	9.81306666666667e-06	9.784733333333335e-06	9.788366666666668e-06	9.8447e-06	9.863566666666668e-06	9.837566666666667e-06	9.84336666666667e-06	9.876400000000001e-06	9.894633333333332e-06	9.921466666666666e-06	9.968166666666672e-06	9.99556666666667e-06	9.993966666666673e-06	9.97896666666667e-06	9.970000000000003e-06
3000	1.0000000000000004e-05	1.0000000000000004e-05	1.0000000000000004e-05	1.0000000000000004e-05	1.0000000000000004e-05	1.0000000000000004e-05	1.0000000000000004e-05	1.0000000000000004e-05	1.0000000000000004e-05	1.0000000000000004e-05	1.0000000000000004e-05	1.0000000000000004e-05	1.0000000000000004e-05	1.0000000000000004e-05	1.0000000000000004e-05	1.0000000000000004e-05	1.0000000000000004e-05	1.0000000000000004e-05	1.0000000000000004e-05
3100	9.996875000000004e-06	9.992937500000008e-06	9.981750000000007e-06	9.975312500000003e-06	9.978687500000002e-06	9.976500000000003e-06	9.965562500000007e-06	9.96418750000001e-06	9.977906250000007e-06	9.950312500000003e-06	9.848781250000003e-06	9.780593750000005e-06	9.842093750000005e-06	9.948812500000006e-06	9.991406250000004e-06	9.992593750000004e-06	9.995968750000003e-06	9.999343750000002e-06	1.0000000000000004e-05
3200	9.943333333333339e-06	9.91936666666667e-06	9.845000000000001e-06	9.788133333333335e-06	9.775433333333336e-06	9.580166666666667e-06	9.373666666666668e-06	9.555666666666669e-06	9.838700000000005e-06	9.93046666666667e-06	9.852800000000003e-06	9.736700000000001e-06	9.793166666666668e-06	9.92776666666667e-06	9.957433333333337e-06	9.932800000000003e-06	9.950266666666672e-06	9.98373333333334e-06	9.99333333333334e-06
3300	9.925000000000007e-06	9.893718750000003e-06	9.819531250000002e-06	9.77953125e-06	9.769312500000002e-06	9.625156250000003e-06	9.400062500000004e-06	9.455031250000004e-06	9.764531250000003e-06	9.926812500000006e-06	9.850437500000004e-06	9.731312500000004e-06	9.76065625e-06	9.868406250000006e-06	9.878000000000004e-06	9.866437500000004e-06	9.924125000000004e-06	9.979625000000007e-06	9.993750000000009e-06
3400	9.880645161290326e-06	9.859741935483873e-06	9.802387096774196e-06	9.769548387096776e-06	9.75529032258065e-06	9.663967741935485e-06	9.594612903225807e-06	9.696000000000005e-06	9.822741935483874e-06	8.960064516129036e-06	6.847322580645159e-06	6.453258064516129e-06	8.54067741935484e-06	9.890741935483877e-06	9.968322580645166e-06	9.942870967741943e-06	9.923064516129037e-06	9.906935483870972e-06	9.896774193548391e-06
3500	9.870967741935485e-06	9.855709677419357e-06	9.806322580645163e-06	9.765612903225809e-06	9.751129032258066e-06	9.682290322580644e-06	9.611806451612904e-06	9.682903225806451e-06	9.76545161290323e-06	8.122903225806452e-06	5.0584193548387086e-06	5.177064516129035e-06	8.211741935483875e-06	9.852451612903229e-06	9.998580645161294e-06	1.0000000000000004e-05	9.987580645161297e-06	9.958548387096778e-06	9.94193548387097e-06
3600	9.84516129032258e-06	9.84041935483871e-06	9.81929032258065e-06	9.804032258064517e-06	9.797645161290327e-06	9.747903225806453e-06	9.702967741935483e-06	9.75993548387097e-06	9.854677419354841e-06	8.730129032258066e-06	6.335967741935483e-06	6.213548387096774e-06	8.590677419354841e-06	9.926290322580647e-06	9.99845161290323e-06	1.0000000000000004e-05	9.990774193548392e-06	9.974645161290322e-06	9.967741935483871e-06
3700	9.80666666666667e-06	9.798233333333336e-06	9.773033333333336e-06	9.764266666666669e-06	9.771933333333336e-06	9.705500000000002e-06	9.62396666666667e-06	9.690100000000002e-06	9.785700000000002e-06	8.285666666666668e-06	5.5100666666666666e-06	5.720333333333332e-06	8.516466666666665e-06	9.910700000000007e-06	9.950033333333338e-06	9.884733333333336e-06	9.854e-06	9.860666666666665e-06	9.863333333333334e-06
3800	9.945161290322583e-06	9.958000000000005e-06	9.9851935483871e-06	9.985322580645167e-06	9.943354838709683e-06	9.896516129032262e-06	9.881612903225809e-06	9.913806451612905e-06	9.93906451612904e-06	8.901548387096777e-06	6.428387096774194e-06	5.954290322580645e-06	8.380967741935487e-06	9.90803225806452e-06	9.942903225806457e-06	9.885709677419359e-06	9.86045161290323e-06	9.865161290322589e-06	9.867741935483877e-06
3900	9.996666666666672e-06	9.997933333333336e-06	9.999600000000003e-06	1.0000000000000003e-05	9.999700000000004e-06	9.993833333333338e-06	9.95866666666667e-06	9.868200000000002e-06	9.803600000000004e-06	9.813100000000003e-06	9.777000000000001e-06	9.689566666666668e-06	9.717733333333335e-06	9.875300000000004e-06	9.983300000000001e-06	1.0000000000000003e-05	1.0000000000000003e-05	1.0000000000000003e-05	1.0000000000000003e-05
4000	1.0000000000000004e-05	1.0000000000000004e-05	1.0000000000000004e-05	9.999125000000004e-06	9.983437500000008e-06	9.947625000000006e-06	9.907000000000004e-06	9.869000000000003e-06	9.875437500000003e-06	9.940500000000004e-06	9.990375000000003e-06	1.0000000000000004e-05	1.0000000000000004e-05	1.0000000000000004e-05	1.0000000000000004e-05	1.0000000000000004e-05	1.0000000000000004e-05	1.0000000000000004e-05	1.0000000000000004e-05
4100	9.98666666666667e-06	9.972100000000004e-06	9.896000000000001e-06	9.809300000000003e-06	9.622466666666666e-06	7.954733333333334e-06	6.046800000000001e-06	7.155400000000001e-06	9.257200000000003e-06	9.757800000000002e-06	8.776066666666669e-06	7.621299999999999e-06	8.259899999999999e-06	9.556700000000003e-06	9.957500000000002e-06	9.950833333333336e-06	9.927500000000003e-06	9.913600000000004e-06	9.910000000000003e-06
4200	9.983870967741943e-06	9.967419354838713e-06	9.892032258064519e-06	9.812129032258065e-06	9.624645161290322e-06	7.93009677419355e-06	5.798516129032256e-06	6.698774193548388e-06	8.960806451612906e-06	9.702580645161292e-06	8.352516129032256e-06	5.997451612903226e-06	6.331741935483871e-06	8.769258064516129e-06	9.841483870967744e-06	9.804935483870968e-06	9.782225806451612e-06	9.786806451612904e-06	9.787096774193549e-06
4300	9.983333333333335e-06	9.966133333333334e-06	9.895333333333337e-06	9.80486666666667e-06	9.566600000000001e-06	7.496966666666665e-06	4.924000000000001e-06	6.052533333333332e-06	8.787733333333334e-06	9.689266666666667e-06	8.426799999999997e-06	5.8307666666666684e-06	5.7768666666666654e-06	8.458233333333333e-06	9.856833333333334e-06	9.822100000000002e-06	9.785033333333337e-06	9.780000000000003e-06	9.780000000000003e-06
4400	9.84516129032258e-06	9.830290322580647e-06	9.764838709677421e-06	9.582548387096776e-06	7.93116129032258e-06	5.247774193548388e-06	4.821677419354839e-06	6.853903225806451e-06	8.963709677419356e-06	9.76783870967742e-06	8.72222580645161e-06	7.169967741935484e-06	7.715225806451613e-06	9.339096774193551e-06	9.891096774193552e-06	9.867322580645163e-06	9.856741935483875e-06	9.861161290322584e-06	9.861290322580647e-06
4500	9.775000000000002e-06	9.764031250000002e-06	9.713312500000003e-06	9.426250000000001e-06	6.5528437500000015e-06	2.4405625000000003e-06	2.1048750000000003e-06	4.972093750000001e-06	8.177718750000001e-06	9.6521875e-06	8.401156249999999e-06	6.439875000000001e-06	7.00034375e-06	9.068531250000004e-06	9.832343750000002e-06	9.796968750000004e-06	9.813875000000004e-06	9.851593750000002e-06	9.856250000000002e-06
4600	9.796875000000001e-06	9.79503125e-06	9.7994375e-06	9.826968750000004e-06	9.427437500000003e-06	8.316062500000004e-06	7.5549374999999995e-06	8.015906250000001e-06	9.062875000000003e-06	9.743968750000005e-06	9.594718750000008e-06	8.982968750000001e-06	9.007031250000004e-06	9.638281250000003e-06	9.950281250000006e-06	9.945343750000008e-06	9.936562500000008e-06	9.934375000000008e-06	9.934375000000008e-06
4700	9.767741935483875e-06	9.763677419354841e-06	9.736935483870972e-06	9.590999999999998e-06	7.258129032258064e-06	2.7780322580645154e-06	1.5840645161290326e-06	4.910290322580644e-06	8.32877419354839e-06	9.670387096774194e-06	9.244838709677426e-06	7.78548387096774e-06	7.522999999999999e-06	8.979999999999999e-06	9.839032258064518e-06	9.831193548387103e-06	9.818129032258065e-06	9.81316129032258e-06	9.812903225806453e-06
4800	9.951515151515157e-06	9.95142424242425e-06	9.952939393939397e-06	9.947666666666671e-06	9.72215151515152e-06	9.218424242424245e-06	8.938333333333337e-06	9.235878787878791e-06	9.744636363636367e-06	9.953030303030307e-06	9.723545454545458e-06	9.440121212121218e-06	9.602696969696975e-06	9.905696969696977e-06	9.990787878787883e-06	9.998606060606064e-06	9.995909090909098e-06	9.988333333333342e-06	9.984848484848494e-06
4900	1.0000000000000004e-05	1.0000000000000004e-05	1.0000000000000004e-05	1.0000000000000004e-05	1.0000000000000004e-05	1.0000000000000004e-05	1.0000000000000004e-05	1.0000000000000004e-05	9.999806451612909e-06	9.998193548387105e-06	9.996967741935492e-06	9.998580645161294e-06	1.0000000000000004e-05	1.0000000000000004e-05	1.0000000000000004e-05	1.0000000000000004e-05	1.0000000000000004e-05	1.0000000000000004e-05	1.0000000000000004e-05
5000	9.64193548387097e-06	9.655806451612905e-06	9.718483870967744e-06	9.807290322580647e-06	9.866161290322583e-06	9.89045161290323e-06	9.886677419354842e-06	9.88158064516129e-06	9.913548387096778e-06	9.966193548387101e-06	9.995483870967747e-06	1.0000000000000004e-05	1.0000000000000004e-05	9.998612903225817e-06	9.996516129032266e-06	9.99606451612904e-06	9.997032258064524e-06	9.998870967741939e-06	1.0000000000000004e-05
5100	9.623333333333332e-06	9.633266666666666e-06	9.708199999999998e-06	9.817233333333335e-06	9.875466666666667e-06	9.891166666666668e-06	9.877999999999998e-06	9.870666666666665e-06	9.917100000000002e-06	9.977233333333337e-06	9.999133333333337e-06	1.0000000000000003e-05	1.0000000000000003e-05	9.999966666666669e-06	9.98886666666667e-06	9.953633333333338e-06	9.923000000000005e-06	9.933266666666669e-06	9.950000000000003e-06
5200	9.66333333333333e-06	9.671866666666665e-06	9.714200000000001e-06	9.798133333333335e-06	9.8667e-06	9.890600000000001e-06	9.888733333333338e-06	9.879300000000002e-06	9.900166666666667e-06	9.95436666666667e-06	9.988333333333337e-06	9.993633333333339e-06	9.997633333333337e-06	9.999533333333337e-06	9.98766666666667e-06	9.943633333333336e-06	9.916633333333336e-06	9.937333333333337e-06	9.953333333333337e-06
5300	9.609374999999998e-06	9.61490625e-06	9.649906250000001e-06	9.720906250000003e-06	9.768812500000003e-06	9.773468750000002e-06	9.787031250000002e-06	9.837093750000002e-06	9.908500000000005e-06	9.960187500000004e-06	9.954656250000003e-06	9.897781250000004e-06	9.844468750000003e-06	9.816625000000004e-06	9.822125000000002e-06	9.882218750000003e-06	9.939562500000003e-06	9.953125000000005e-06	9.953125000000005e-06
5400	9.613333333333337e-06	9.617866666666666e-06	9.650933333333336e-06	9.718333333333335e-06	9.778500000000001e-06	9.816033333333336e-06	9.869400000000002e-06	9.939400000000005e-06	9.986066666666669e-06	9.999933333333336e-06	1.0000000000000003e-05	1.0000000000000003e-05	1.0000000000000003e-05	1.0000000000000003e-05	1.0000000000000003e-05	9.998800000000005e-06	9.980333333333335e-06	9.951533333333335e-06	9.940000000000001e-06
5500	9.590625000000001e-06	9.600687500000002e-06	9.650406250000004e-06	9.729406250000003e-06	9.787000000000003e-06	9.820562500000003e-06	9.868093750000004e-06	9.93059375e-06	9.980406250000002e-06	9.999968750000004e-06	1.0000000000000004e-05	1.0000000000000004e-05	1.0000000000000004e-05	1.0000000000000004e-05	9.999468750000003e-06	9.993593750000005e-06	9.965093750000005e-06	9.936593750000002e-06	9.931250000000003e-06
5600	9.612121212121209e-06	9.619333333333335e-06	9.656272727272729e-06	9.720515151515155e-06	9.774727272727277e-06	9.814424242424246e-06	9.870242424242427e-06	9.938424242424248e-06	9.98475757575758e-06	9.999363636363639e-06	1.0000000000000004e-05	1.0000000000000004e-05	1.0000000000000004e-05	1.0000000000000004e-05	1.0000000000000004e-05	9.998727272727279e-06	9.977575757575764e-06	9.945515151515156e-06	9.933333333333337e-06
5700	9.996666666666672e-06	9.985066666666669e-06	9.947600000000003e-06	9.924133333333337e-06	9.952400000000003e-06	9.975866666666669e-06	9.947600000000003e-06	9.924133333333337e-06	9.952433333333337e-06	9.98916666666667e-06	1.0000000000000003e-05	1.0000000000000003e-05	1.0000000000000003e-05	1.0000000000000003e-05	1.0000000000000003e-05	9.998033333333337e-06	9.973833333333338e-06	9.939133333333338e-06	9.92666666666667e-06
5800	9.996774193548395e-06	9.980838709677424e-06	9.941806451612905e-06	9.926903225806454e-06	9.958193548387102e-06	9.973096774193555e-06	9.941806451612905e-06	9.926903225806454e-06	9.958225806451618e-06	9.990419354838714e-06	9.986451612903231e-06	9.944806451612907e-06	9.915548387096776e-06	9.943161290322586e-06	9.985096774193553e-06	9.99706451612904e-06	9.977935483870973e-06	9.94961290322581e-06	9.938709677419356e-06
5900	9.96451612903226e-06	9.96061290322581e-06	9.93583870967742e-06	9.927258064516132e-06	9.9623870967742e-06	9.974451612903232e-06	9.940741935483873e-06	9.927064516129037e-06	9.959322580645165e-06	9.989161290322585e-06	9.977838709677427e-06	9.912032258064519e-06	9.854580645161292e-06	9.892193548387101e-06	9.967580645161295e-06	9.995322580645164e-06	9.97729032258065e-06	9.949096774193552e-06	9.938709677419356e-06
6000	9.92424242424243e-06	9.927848484848487e-06	9.926303030303032e-06	9.928484848484853e-06	9.957666666666673e-06	9.976393939393944e-06	9.951090909090916e-06	9.927818181818188e-06	9.949030303030309e-06	9.984727272727275e-06	9.979484848484856e-06	9.909636363636368e-06	9.849818181818185e-06	9.890818181818185e-06	9.96766666666667e-06	9.997454545454549e-06	1.0000000000000004e-05	1.0000000000000004e-05	1.0000000000000004e-05
6100	9.843750000000004e-06	9.862187500000006e-06	9.895718750000002e-06	9.911281250000003e-06	9.923750000000005e-06	9.942968750000004e-06	9.942281250000003e-06	9.935937500000005e-06	9.958000000000007e-06	9.986187500000004e-06	9.961218750000003e-06	9.878218750000006e-06	9.831500000000004e-06	9.883062500000004e-06	9.944343750000007e-06	9.944593750000004e-06	9.939687500000005e-06	9.958312500000005e-06	9.968750000000005e-06
6200	9.735483870967742e-06	9.76725806451613e-06	9.838548387096776e-06	9.905774193548392e-06	9.95787096774194e-06	9.977258064516135e-06	9.946258064516133e-06	9.919258064516131e-06	9.944161290322586e-06	9.97745161290323e-06	9.922645161290328e-06	9.779838709677422e-06	9.721483870967742e-06	9.806580645161293e-06	9.87093548387097e-06	9.87125806451613e-06	9.903064516129035e-06	9.950290322580646e-06	9.96451612903226e-06
6300	9.738235294117651e-06	9.76823529411765e-06	9.839823529411767e-06	9.904352941176475e-06	9.95305882352942e-06	9.977235294117653e-06	9.949705882352947e-06	9.922588235294122e-06	9.948000000000005e-06	9.97976470588236e-06	9.909264705882359e-06	9.759617647058826e-06	9.728823529411767e-06	9.832235294117652e-06	9.878676470588238e-06	9.864382352941178e-06	9.9084705882353e-06	9.966235294117654e-06	9.97941176470589e-06
6400	9.743750000000003e-06	9.768187500000005e-06	9.835875000000002e-06	9.900718750000005e-06	9.948843750000003e-06	9.978093750000005e-06	9.954156250000004e-06	9.923343750000003e-06	9.939031250000005e-06	9.943718750000004e-06	9.844468750000002e-06	9.706781249999999e-06	9.696375e-06	9.774343750000002e-06	9.7931875e-06	9.796812500000002e-06	9.855781250000003e-06	9.900718750000001e-06	9.906250000000002e-06
6500	9.7375e-06	9.75284375e-06	9.788406250000003e-06	9.822500000000003e-06	9.891562500000004e-06	9.964281250000006e-06	9.954218750000005e-06	9.922406250000002e-06	9.937531250000007e-06	9.938625000000005e-06	9.811718750000003e-06	9.638374999999999e-06	9.639218750000004e-06	9.760093750000001e-06	9.809625000000002e-06	9.820781250000003e-06	9.876875000000004e-06	9.923625000000003e-06	9.931250000000003e-06
6600	9.671875000000001e-06	9.711687500000003e-06	9.77825e-06	9.833125000000004e-06	9.909500000000004e-06	9.937375000000006e-06	9.872250000000007e-06	9.855187500000004e-06	9.931281250000006e-06	9.989843750000004e-06	1.0000000000000004e-05	1.0000000000000004e-05	1.0000000000000004e-05	9.997187500000004e-06	9.992500000000003e-06	9.993437500000004e-06	9.998125000000003e-06	1.0000000000000004e-05	1.0000000000000004e-05
6700	9.680645161290323e-06	9.707548387096774e-06	9.733032258064517e-06	9.767709677419357e-06	9.859161290322583e-06	9.903225806451618e-06	9.859419354838715e-06	9.857483870967746e-06	9.926548387096778e-06	9.982516129032261e-06	1.0000000000000004e-05	1.0000000000000004e-05	1.0000000000000004e-05	9.985548387096778e-06	9.949967741935485e-06	9.92887096774194e-06	9.95003225806452e-06	9.985580645161293e-06	1.0000000000000004e-05
6800	1.0000000000000004e-05	9.999161290322588e-06	9.994000000000008e-06	9.988193548387105e-06	9.989774193548395e-06	9.994225806451619e-06	9.996193548387104e-06	9.996774193548395e-06	9.996774193548395e-06	9.996774193548395e-06	9.996096774193557e-06	9.992612903225815e-06	9.98490322580646e-06	9.980580645161295e-06	9.98606451612904e-06	9.992258064516137e-06	9.994225806451619e-06	9.995838709677426e-06	9.996774193548395e-06
6900	1.0000000000000004e-05	9.996312500000005e-06	9.972656250000004e-06	9.933031250000002e-06	9.924531250000003e-06	9.932906250000005e-06	9.921781250000006e-06	9.938656250000004e-06	9.981031250000004e-06	9.999093750000002e-06	1.0000000000000004e-05	1.0000000000000004e-05	1.0000000000000004e-05	1.0000000000000004e-05	1.0000000000000004e-05	9.998937500000004e-06	9.996843750000005e-06	9.994781250000008e-06	9.993750000000009e-06
7000	9.933333333333337e-06	9.945266666666671e-06	9.954900000000005e-06	9.931033333333337e-06	9.917733333333337e-06	9.924900000000002e-06	9.921633333333337e-06	9.944533333333338e-06	9.984466666666667e-06	9.999666666666672e-06	9.998600000000005e-06	9.995266666666674e-06	9.99263333333334e-06	9.990966666666673e-06	9.990700000000006e-06	9.992366666666676e-06	9.994033333333341e-06	9.995700000000007e-06	9.996666666666672e-06
7100	9.831034482758625e-06	9.823620689655174e-06	9.76593103448276e-06	9.70651724137931e-06	9.778344827586207e-06	9.909034482758625e-06	9.94851724137931e-06	9.937620689655174e-06	9.949758620689658e-06	9.96896551724138e-06	9.983034482758624e-06	9.995344827586209e-06	1.0000000000000003e-05	9.998517241379312e-06	9.989172413793109e-06	9.975137931034485e-06	9.973413793103451e-06	9.983758620689663e-06	9.989655172413803e-06
7200	9.846875e-06	9.859562500000002e-06	9.873250000000002e-06	9.864937500000004e-06	9.868312500000004e-06	9.879281250000004e-06	9.847812500000002e-06	9.788218750000002e-06	9.770750000000001e-06	9.830156250000003e-06	9.917031250000004e-06	9.974406250000006e-06	9.991031250000009e-06	9.979687500000006e-06	9.950750000000006e-06	9.928156250000005e-06	9.929843750000006e-06	9.935000000000007e-06	9.934375000000006e-06
7300	9.853333333333338e-06	9.879200000000002e-06	9.905466666666669e-06	9.833300000000001e-06	9.756466666666665e-06	9.78796666666667e-06	9.8005e-06	9.749499999999999e-06	9.751300000000001e-06	9.838800000000001e-06	9.905833333333336e-06	9.886033333333337e-06	9.8331e-06	9.753166666666668e-06	9.67646666666667e-06	9.710999999999999e-06	9.810000000000001e-06	9.866833333333337e-06	9.880000000000004e-06
7400	9.833333333333336e-06	9.862878787878795e-06	9.901303030303037e-06	9.848696969696972e-06	9.766636363636368e-06	9.770484848484852e-06	9.766030303030306e-06	9.700878787878792e-06	9.690575757575761e-06	9.786515151515154e-06	9.905757575757583e-06	9.945939393939402e-06	9.902696969696977e-06	9.809636363636366e-06	9.689484848484849e-06	9.655242424242427e-06	9.757030303030306e-06	9.856818181818186e-06	9.881818181818189e-06
7500	7.909677419354835e-06	8.316806451612905e-06	9.302161290322581e-06	9.813548387096777e-06	9.712645161290324e-06	9.709967741935484e-06	9.690935483870969e-06	9.458967741935486e-06	9.337935483870968e-06	9.614387096774195e-06	9.86567741935484e-06	9.884967741935487e-06	9.850741935483872e-06	9.786129032258066e-06	9.691612903225806e-06	9.686451612903227e-06	9.814870967741938e-06	9.929225806451617e-06	9.958064516129039e-06
7600	3.953125000000001e-06	5.5461874999999995e-06	8.486937500000003e-06	9.776687500000003e-06	9.696343750000002e-06	9.722125000000001e-06	9.619218750000002e-06	9.372812500000004e-06	9.410187500000001e-06	9.615937500000001e-06	9.712593749999999e-06	9.751250000000001e-06	9.754218750000002e-06	8.303156249999999e-06	5.418406249999999e-06	5.368906250000001e-06	8.2685e-06	9.854656250000004e-06	9.937500000000003e-06
7700	4.387096774193548e-06	5.3204193548387105e-06	8.007967741935486e-06	9.754451612903227e-06	9.719838709677419e-06	9.723967741935486e-06	9.711612903225807e-06	9.614741935483875e-06	9.584322580645164e-06	9.646967741935483e-06	9.715580645161292e-06	9.75793548387097e-06	9.685645161290324e-06	8.24993548387097e-06	5.241451612903226e-06	4.894806451612902e-06	8.009870967741936e-06	9.898548387096779e-06	9.983870967741943e-06
7800	3.533333333333334e-06	4.8365333333333344e-06	7.939133333333337e-06	9.745466666666668e-06	9.696633333333333e-06	9.653633333333332e-06	9.652600000000001e-06	9.622766666666665e-06	9.65313333333333e-06	9.7484e-06	9.815233333333336e-06	9.819833333333334e-06	9.816133333333334e-06	9.8538e-06	9.920466666666671e-06	9.977500000000004e-06	9.997933333333336e-06	1.0000000000000003e-05	1.0000000000000003e-05
7900	4.216666666666667e-06	5.391833333333331e-06	8.204266666666669e-06	9.788666666666667e-06	9.691133333333333e-06	9.672699999999998e-06	9.698133333333335e-06	9.6853e-06	9.701533333333335e-06	9.775066666666669e-06	9.856833333333335e-06	9.913766666666666e-06	9.94246666666667e-06	9.96726666666667e-06	9.991900000000003e-06	1.0000000000000003e-05	9.999366666666673e-06	9.996033333333339e-06	9.99333333333334e-06
8000	4.683870967741935e-06	5.6663870967741935e-06	8.216322580645163e-06	9.761806451612904e-06	9.685354838709678e-06	9.645129032258063e-06	9.651548387096774e-06	9.634806451612901e-06	9.669161290322581e-06	9.751161290322583e-06	9.823258064516133e-06	9.874483870967746e-06	9.894838709677423e-06	9.413967741935488e-06	7.535096774193548e-06	6.427806451612905e-06	8.127967741935485e-06	9.748967741935487e-06	9.958064516129039e-06
8100	2.1125000000000005e-06	3.5466562500000006e-06	7.3729062500000015e-06	9.766468750000003e-06	9.693875000000004e-06	9.6304375e-06	9.634281250000002e-06	9.627156250000002e-06	9.675625000000001e-06	9.759781250000001e-06	9.830843750000002e-06	9.876718750000005e-06	9.915156250000002e-06	9.963031250000007e-06	9.991312500000005e-06	1.0000000000000004e-05	1.0000000000000004e-05	1.0000000000000004e-05	1.0000000000000004e-05
8200	5.629032258064516e-06	6.534419354838707e-06	8.606548387096773e-06	9.747903225806455e-06	9.678483870967744e-06	9.654193548387096e-06	9.669967741935483e-06	9.649451612903224e-06	9.66625806451613e-06	9.720612903225807e-06	9.721967741935485e-06	9.716516129032259e-06	9.799548387096775e-06	9.926354838709683e-06	9.991774193548393e-06	9.99800000000001e-06	9.997161290322587e-06	9.99877419354839e-06	1.0000000000000004e-05
8300	4.238235294117647e-06	5.317764705882354e-06	8.07835294117647e-06	9.748294117647062e-06	9.683058823529412e-06	9.648676470588238e-06	9.667588235294122e-06	9.645588235294118e-06	9.65844117647059e-06	9.72252941176471e-06	9.734470588235297e-06	9.724411764705885e-06	9.801323529411769e-06	9.895735294117652e-06	9.774911764705889e-06	9.610676470588238e-06	9.732617647058828e-06	9.90091176470589e-06	9.92941176470589e-06
8400	3.6676470588235304e-06	4.944470588235294e-06	7.969352941176474e-06	9.722352941176472e-06	9.67423529411765e-06	9.641441176470591e-06	9.662911764705885e-06	9.652147058823532e-06	9.674147058823529e-06	9.728676470588236e-06	9.72973529411765e-06	9.723176470588242e-06	9.810058823529417e-06	9.92691176470589e-06	9.94220588235295e-06	9.87917647058824e-06	9.867529411764712e-06	9.913294117647063e-06	9.935294117647062e-06
8500	2.467741935483871e-06	3.652548387096774e-06	7.339483870967744e-06	9.809645161290325e-06	9.700322580645164e-06	9.630161290322584e-06	9.641838709677417e-06	9.648419354838711e-06	9.676677419354839e-06	9.702580645161289e-06	9.683161290322583e-06	9.68051612903226e-06	9.741741935483874e-06	9.260903225806454e-06	7.707387096774193e-06	7.223516129032256e-06	8.842387096774195e-06	9.936000000000004e-06	9.954838709677424e-06
8600	5.593548387096775e-06	6.193935483870968e-06	8.219387096774194e-06	9.68109677419355e-06	9.675e-06	9.657967741935484e-06	9.66990322580645e-06	9.609838709677418e-06	9.569064516129033e-06	9.606129032258066e-06	9.6341935483871e-06	9.613032258064515e-06	9.661258064516132e-06	9.814193548387096e-06	9.935838709677423e-06	9.981774193548391e-06	9.969096774193552e-06	9.92577419354839e-06	9.906451612903227e-06
8700	2.5499999999999997e-06	3.771e-06	7.2789333333333324e-06	9.658966666666667e-06	9.694300000000001e-06	9.652200000000002e-06	9.671000000000001e-06	9.650366666666672e-06	9.631333333333332e-06	9.654900000000001e-06	9.708666666666667e-06	9.787166666666668e-06	9.891766666666672e-06	9.974900000000002e-06	9.998500000000003e-06	1.0000000000000003e-05	9.999466666666671e-06	9.997800000000006e-06	9.996666666666672e-06
8800	3.8906250000000005e-06	5.136624999999999e-06	8.058843750000003e-06	9.734406250000002e-06	9.676281250000001e-06	9.6348125e-06	9.649249999999999e-06	9.61440625e-06	9.575093750000002e-06	9.594875000000002e-06	9.6604375e-06	9.752906250000002e-06	9.875812500000005e-06	9.971625000000005e-06	9.998625000000005e-06	9.999406250000005e-06	9.996281250000008e-06	9.993750000000009e-06	9.993750000000009e-06
8900	1.0000000000000004e-05	1.0000000000000004e-05	1.0000000000000004e-05	1.0000000000000004e-05	1.0000000000000004e-05	1.0000000000000004e-05	1.0000000000000004e-05	1.0000000000000004e-05	9.987781250000007e-06	9.940156250000007e-06	9.876656250000005e-06	9.850531250000004e-06	9.862375000000004e-06	9.879937500000004e-06	9.893750000000005e-06	9.915125000000006e-06	9.951437500000005e-06	9.978437500000007e-06	9.984375000000006e-06
9000	9.924137931034484e-06	9.915724137931033e-06	9.885034482758623e-06	9.792862068965518e-06	9.667827586206898e-06	9.320999999999998e-06	7.181827586206897e-06	4.433827586206896e-06	5.409310344827586e-06	8.532862068965518e-06	9.829758620689656e-06	9.915793103448276e-06	9.959827586206898e-06	9.945034482758622e-06	9.924965517241382e-06	9.952068965517246e-06	9.988551724137934e-06	1.0000000000000003e-05	1.0000000000000003e-05
9100	9.938709677419356e-06	9.92358064516129e-06	9.891741935483874e-06	9.784161290322581e-06	9.652354838709678e-06	9.269838709677418e-06	7.814870967741937e-06	5.416451612903227e-06	5.196129032258067e-06	7.956161290322582e-06	9.756645161290325e-06	9.91135483870968e-06	9.964677419354845e-06	9.93703225806452e-06	9.90645161290323e-06	9.916548387096781e-06	9.910451612903227e-06	9.884645161290325e-06	9.874193548387096e-06
9200	9.925000000000007e-06	9.915562500000001e-06	9.887500000000007e-06	9.804125000000002e-06	9.680625000000002e-06	9.285468749999999e-06	6.991906250000001e-06	3.8485e-06	4.5090625000000005e-06	7.909906249999999e-06	9.6300625e-06	9.847656250000006e-06	9.932656250000004e-06	9.948093750000003e-06	9.926187500000002e-06	9.932000000000002e-06	9.907812500000006e-06	9.852625000000003e-06	9.831250000000003e-06
9300	9.91935483870968e-06	9.91151612903226e-06	9.887000000000004e-06	9.796645161290327e-06	9.664903225806454e-06	9.538096774193548e-06	7.970161290322581e-06	4.875516129032258e-06	4.728741935483871e-06	7.872806451612904e-06	9.674387096774195e-06	9.846645161290324e-06	9.94351612903226e-06	9.95245161290323e-06	9.923419354838714e-06	9.939612903225811e-06	9.97822580645162e-06	9.991903225806458e-06	9.99032258064517e-06
9400	9.92424242424243e-06	9.914121212121215e-06	9.882727272727279e-06	9.79675757575758e-06	9.685696969696969e-06	9.55678787878788e-06	7.5812424242424235e-06	4.521636363636364e-06	5.233969696969695e-06	8.38030303030303e-06	9.686393939393945e-06	9.773242424242426e-06	9.875696969696972e-06	9.92857575757576e-06	9.925303030303035e-06	9.94745454545455e-06	9.98233333333334e-06	9.99054545454546e-06	9.987878787878793e-06
9500	9.915625000000002e-06	9.908718750000005e-06	9.877281250000003e-06	9.78715625e-06	9.678156250000002e-06	9.45628125e-06	7.245218749999999e-06	3.723187499999999e-06	4.2166875e-06	7.8895e-06	9.649281250000003e-06	9.747218750000005e-06	9.813406250000004e-06	9.863156250000004e-06	9.891812500000005e-06	9.935093750000004e-06	9.975406250000002e-06	9.990062500000004e-06	9.990625000000004e-06
9600	9.920689655172417e-06	9.912206896551723e-06	9.8838275862069e-06	9.69434482758621e-06	9.372310344827588e-06	9.061275862068967e-06	7.228137931034484e-06	5.354517241379312e-06	7.000689655172415e-06	9.389413793103451e-06	9.949586206896558e-06	9.965448275862072e-06	9.969724137931036e-06	9.979344827586212e-06	9.98737931034483e-06	9.99375862068966e-06	9.998310344827587e-06	1.0000000000000003e-05	1.0000000000000003e-05
9700	9.915625000000002e-06	9.909375000000002e-06	9.876718750000003e-06	9.694437500000004e-06	9.414250000000006e-06	9.231125000000002e-06	7.326406250000002e-06	3.268687500000002e-06	2.4486562500000003e-06	6.216968750000001e-06	9.1354375e-06	9.688843750000003e-06	9.745750000000002e-06	9.822625000000002e-06	9.885093750000003e-06	9.940875000000005e-06	9.949218750000006e-06	9.922656250000004e-06	9.912500000000004e-06
9800	9.922580645161297e-06	9.913967741935486e-06	9.88745161290323e-06	9.807387096774198e-06	9.683967741935485e-06	9.336774193548388e-06	7.2491612903225814e-06	3.6430967741935494e-06	2.6726774193548384e-06	5.597967741935484e-06	7.722935483870967e-06	7.605258064516127e-06	8.432741935483867e-06	9.609580645161293e-06	9.845741935483873e-06	9.92054838709678e-06	9.978322580645166e-06	9.999709677419358e-06	1.0000000000000004e-05
9900	9.91935483870968e-06	9.911161290322583e-06	9.872709677419357e-06	9.031548387096777e-06	6.722903225806452e-06	5.3525806451612905e-06	4.767161290322582e-06	2.60941935483871e-06	2.563516129032258e-06	6.0285483870967755e-06	7.737258064516126e-06	7.26248387096774e-06	8.313032258064514e-06	9.646129032258064e-06	9.848903225806454e-06	9.924161290322585e-06	9.98067741935484e-06	9.999806451612906e-06	1.0000000000000004e-05
10000	9.921212121212128e-06	9.913484848484852e-06	9.877575757575761e-06	8.849939393939397e-06	5.694454545454545e-06	3.70239393939394e-06	3.793636363636365e-06	2.38439393939394e-06	1.811818181818182e-06	4.673878787878788e-06	7.239939393939392e-06	7.644848484848482e-06	8.60309090909091e-06	9.765606060606064e-06	9.932757575757581e-06	9.976272727272734e-06	9.996939393939399e-06	1.0000000000000004e-05	1.0000000000000004e-05
