	site
generation	50	100	150	200	250	300	350	400	450	500	550	600	650	700	750	800	850	900	950
0	1.0000000000000003e-05	1.0000000000000003e-05	1.0000000000000003e-05	1.0000000000000003e-05	1.0000000000000003e-05	1.0000000000000003e-05	1.0000000000000003e-05	1.0000000000000003e-05	1.0000000000000003e-05	1.0000000000000003e-05	1.0000000000000003e-05	1.0000000000000003e-05	1.0000000000000003e-05	1.0000000000000003e-05	1.0000000000000003e-05	1.0000000000000003e-05	1.0000000000000003e-05	1.0000000000000003e-05	1.0000000000000003e-05
100	9.993103448275862e-06	9.991931034482764e-06	9.990206896551733e-06	9.9908275862069e-06	9.99431034482759e-06	9.99831034482759e-06	1.0000000000000003e-05	1.0000000000000003e-05	1.0000000000000003e-05	9.9988275862069e-06	9.997103448275866e-06	9.997724137931038e-06	9.999448275862072e-06	1.0000000000000003e-05	1.0000000000000003e-05	1.0000000000000003e-05	9.999137931034487e-06	9.997413793103453e-06	9.996551724137936e-06
200	9.987500000000007e-06	9.986187500000004e-06	9.984250000000005e-06	9.990000000000006e-06	9.998187500000004e-06	1.0000000000000004e-05	1.0000000000000004e-05	1.0000000000000004e-05	1.0000000000000004e-05	1.0000000000000004e-05	1.0000000000000004e-05	1.0000000000000004e-05	1.0000000000000004e-05	1.0000000000000004e-05	9.999468750000004e-06	9.995031250000007e-06	9.989187500000005e-06	9.987375000000009e-06	9.987500000000007e-06
300	9.953333333333337e-06	9.938800000000004e-06	9.89076666666667e-06	9.867300000000003e-06	9.920566666666673e-06	9.981833333333335e-06	9.999933333333336e-06	1.0000000000000003e-05	1.0000000000000003e-05	1.0000000000000003e-05	1.0000000000000003e-05	1.0000000000000003e-05	9.997666666666669e-06	9.977733333333336e-06	9.925733333333334e-06	9.87436666666667e-06	9.868533333333334e-06	9.889833333333331e-06	9.9e-06
400	9.96129032258065e-06	9.94261290322581e-06	9.875967741935487e-06	9.79587096774194e-06	9.789225806451613e-06	9.86193548387097e-06	9.938322580645166e-06	9.983677419354843e-06	9.999935483870972e-06	1.0000000000000004e-05	1.0000000000000004e-05	1.0000000000000004e-05	9.996483870967745e-06	9.966419354838712e-06	9.903548387096778e-06	9.862838709677423e-06	9.895129032258068e-06	9.948161290322583e-06	9.96451612903226e-06
500	9.94193548387097e-06	9.938483870967744e-06	9.898580645161295e-06	9.834967741935486e-06	9.81667741935484e-06	9.870096774193553e-06	9.952322580645166e-06	9.990387096774195e-06	9.96535483870968e-06	9.925387096774198e-06	9.935451612903228e-06	9.979225806451618e-06	9.9991935483871e-06	9.996129032258069e-06	9.967709677419357e-06	9.927129032258069e-06	9.933967741935488e-06	9.97196774193549e-06	9.987096774193556e-06
600	9.84516129032258e-06	9.859387096774197e-06	9.865806451612905e-06	9.837129032258068e-06	9.834451612903228e-06	9.892483870967744e-06	9.953806451612908e-06	9.976161290322582e-06	9.967483870967748e-06	9.943354838709683e-06	9.943322580645167e-06	9.976548387096779e-06	9.996645161290328e-06	9.996096774193557e-06	9.979322580645166e-06	9.947870967741942e-06	9.944000000000003e-06	9.965483870967742e-06	9.974193548387097e-06
700	9.867741935483877e-06	9.877903225806452e-06	9.86745161290323e-06	9.80561290322581e-06	9.773451612903225e-06	9.826870967741941e-06	9.861935483870973e-06	9.82009677419355e-06	9.813967741935485e-06	9.876806451612905e-06	9.941903225806458e-06	9.984193548387102e-06	9.998322580645165e-06	9.997806451612911e-06	9.997354838709684e-06	9.998967741935488e-06	1.0000000000000004e-05	1.0000000000000004e-05	1.0000000000000004e-05
800	9.834375000000004e-06	9.849281250000001e-06	9.859406250000003e-06	9.807718750000004e-06	9.740718750000004e-06	9.76821875e-06	9.831531250000005e-06	9.803062500000004e-06	9.7551875e-06	9.811062500000004e-06	9.929718750000004e-06	9.994406250000004e-06	9.994031250000003e-06	9.946718750000006e-06	9.854437500000004e-06	9.839687500000004e-06	9.932781250000003e-06	9.994843750000004e-06	1.0000000000000004e-05
900	9.746875e-06	9.763437500000001e-06	9.797968750000005e-06	9.792656250000004e-06	9.770843750000003e-06	9.807156250000002e-06	9.804906250000004e-06	9.715218750000003e-06	9.701593750000002e-06	9.807906250000002e-06	9.928968750000004e-06	9.991343750000005e-06	9.993218750000002e-06	9.955343750000004e-06	9.888687500000005e-06	9.876937500000003e-06	9.943093750000003e-06	9.992718750000003e-06	1.0000000000000004e-05
1000	9.766666666666667e-06	9.780733333333336e-06	9.797166666666668e-06	9.76833333333334e-06	9.7485e-06	9.818333333333334e-06	9.786133333333334e-06	9.028300000000001e-06	8.432466666666666e-06	9.175833333333335e-06	9.912433333333337e-06	9.988500000000003e-06	1.0000000000000003e-05	1.0000000000000003e-05	9.99943333333334e-06	9.997766666666674e-06	9.997233333333337e-06	9.998900000000002e-06	1.0000000000000003e-05
1100	9.729032258064517e-06	9.768774193548388e-06	9.823741935483872e-06	9.822129032258067e-06	9.818161290322583e-06	9.88461290322581e-06	9.915709677419358e-06	9.76683870967742e-06	9.629741935483872e-06	9.74758064516129e-06	9.930000000000007e-06	9.988419354838718e-06	9.993258064516138e-06	9.996064516129036e-06	9.999290322580648e-06	1.0000000000000004e-05	9.999612903225812e-06	9.993161290322589e-06	9.987096774193556e-06
1200	9.99032258064517e-06	9.98912903225807e-06	9.990225806451622e-06	9.993032258064523e-06	9.99354838709678e-06	9.99354838709678e-06	9.994612903225815e-06	9.989580645161293e-06	9.971322580645165e-06	9.961741935483879e-06	9.977258064516135e-06	9.995096774193553e-06	1.0000000000000004e-05	1.0000000000000004e-05	9.99890322580646e-06	9.997290322580654e-06	9.996193548387103e-06	9.991354838709684e-06	9.987096774193556e-06
1300	1.0000000000000004e-05	1.0000000000000004e-05	1.0000000000000004e-05	1.0000000000000004e-05	1.0000000000000004e-05	1.0000000000000004e-05	9.999096774193555e-06	9.982322580645168e-06	9.94145161290323e-06	9.924967741935485e-06	9.957806451612908e-06	9.989483870967749e-06	9.990967741935487e-06	9.949322580645166e-06	9.87093548387097e-06	9.84625806451613e-06	9.907774193548393e-06	9.964387096774199e-06	9.977419354838718e-06
1400	9.968750000000009e-06	9.970812500000004e-06	9.980656250000006e-06	9.993125000000004e-06	9.997343750000005e-06	9.997625000000006e-06	9.998656250000003e-06	9.977187500000004e-06	9.931937500000003e-06	9.923375000000002e-06	9.962343750000004e-06	9.993187500000004e-06	9.995062500000003e-06	9.946468750000005e-06	9.85471875e-06	9.824000000000003e-06	9.887750000000004e-06	9.943625000000006e-06	9.953125000000005e-06
1500	9.86774193548387e-06	9.860870967741937e-06	9.880419354838712e-06	9.92567741935484e-06	9.944903225806456e-06	9.96270967741936e-06	9.987193548387105e-06	9.976741935483876e-06	9.93909677419355e-06	9.929870967741938e-06	9.962451612903231e-06	9.992064516129037e-06	9.991322580645165e-06	9.942483870967744e-06	9.873225806451611e-06	9.870903225806455e-06	9.932580645161292e-06	9.970838709677419e-06	9.974193548387097e-06
1600	9.870967741935487e-06	9.85077419354839e-06	9.857000000000002e-06	9.930161290322584e-06	9.988451612903229e-06	1.0000000000000004e-05	9.99929032258065e-06	9.979000000000007e-06	9.936741935483873e-06	9.927322580645164e-06	9.963967741935487e-06	9.99367741935484e-06	9.99529032258065e-06	9.94825806451613e-06	9.867161290322583e-06	9.861225806451615e-06	9.935709677419362e-06	9.980612903225813e-06	9.983870967741943e-06
1700	9.813333333333335e-06	9.782866666666669e-06	9.790433333333335e-06	9.894800000000006e-06	9.980566666666669e-06	1.0000000000000003e-05	9.998933333333337e-06	9.979266666666671e-06	9.937166666666667e-06	9.926500000000002e-06	9.963900000000005e-06	9.994233333333335e-06	9.993700000000002e-06	9.94426666666667e-06	9.838933333333333e-06	9.7899e-06	9.868400000000002e-06	9.950200000000005e-06	9.966666666666672e-06
1800	9.843333333333336e-06	9.838200000000003e-06	9.864666666666666e-06	9.937033333333337e-06	9.988133333333339e-06	9.996233333333338e-06	9.990800000000004e-06	9.964133333333337e-06	9.892800000000003e-06	9.842133333333334e-06	9.864266666666666e-06	9.902600000000002e-06	9.935500000000002e-06	9.934000000000003e-06	9.834333333333335e-06	9.707200000000003e-06	9.687366666666668e-06	9.749666666666667e-06	9.783333333333335e-06
1900	9.877419354838712e-06	9.846709677419356e-06	9.812806451612907e-06	9.840451612903226e-06	9.885645161290322e-06	9.911548387096775e-06	9.942258064516133e-06	9.915806451612906e-06	9.805000000000002e-06	9.768419354838708e-06	9.843064516129032e-06	9.909129032258066e-06	9.950161290322582e-06	9.937161290322586e-06	9.824258064516133e-06	9.698161290322582e-06	9.667387096774191e-06	9.704806451612904e-06	9.725806451612904e-06
2000	9.99333333333334e-06	9.994900000000005e-06	9.998233333333337e-06	1.0000000000000003e-05	1.0000000000000003e-05	1.0000000000000003e-05	9.993466666666673e-06	9.929566666666669e-06	9.809066666666669e-06	9.786866666666666e-06	9.897466666666671e-06	9.976533333333339e-06	9.9612e-06	9.905666666666669e-06	9.830333333333337e-06	9.7322e-06	9.684833333333334e-06	9.715533333333334e-06	9.740000000000002e-06
2100	1.0000000000000004e-05	9.999387096774201e-06	9.996516129032266e-06	9.994516129032265e-06	9.997032258064519e-06	9.999645161290326e-06	1.0000000000000004e-05	9.995677419354849e-06	9.982935483870969e-06	9.977064516129038e-06	9.988032258064521e-06	9.991419354838715e-06	9.962645161290325e-06	9.905032258064518e-06	9.821612903225806e-06	9.694870967741934e-06	9.612806451612902e-06	9.63783870967742e-06	9.667741935483871e-06
2200	1.0000000000000004e-05	1.0000000000000004e-05	1.0000000000000004e-05	9.999121212121214e-06	9.997606060606062e-06	9.997848484848488e-06	9.999363636363639e-06	9.976393939393946e-06	9.908212121212125e-06	9.857212121212125e-06	9.893575757575761e-06	9.956000000000006e-06	9.95515151515152e-06	9.902151515151517e-06	9.825818181818186e-06	9.701939393939397e-06	9.612636363636366e-06	9.632000000000004e-06	9.660606060606065e-06
2300	1.0000000000000004e-05	1.0000000000000004e-05	1.0000000000000004e-05	1.0000000000000004e-05	1.0000000000000004e-05	1.0000000000000004e-05	1.0000000000000004e-05	9.982129032258069e-06	9.913677419354843e-06	9.850645161290325e-06	9.88754838709678e-06	9.960096774193554e-06	9.962419354838714e-06	9.915483870967744e-06	9.852225806451614e-06	9.75587096774194e-06	9.678741935483873e-06	9.68683870967742e-06	9.712903225806454e-06
2400	1.0000000000000004e-05	1.0000000000000004e-05	1.0000000000000004e-05	9.994838709677424e-06	9.974000000000005e-06	9.953483870967744e-06	9.957741935483875e-06	9.945451612903233e-06	9.86741935483871e-06	9.780806451612903e-06	9.767451612903229e-06	9.826225806451615e-06	9.888741935483873e-06	9.893580645161292e-06	9.853064516129034e-06	9.837741935483874e-06	9.896741935483877e-06	9.963354838709684e-06	9.980645161290329e-06
2500	1.0000000000000004e-05	9.996727272727278e-06	9.970969696969702e-06	9.922000000000006e-06	9.891606060606065e-06	9.89184848484849e-06	9.919303030303034e-06	9.964121212121217e-06	9.94984848484849e-06	9.842424242424248e-06	9.778909090909092e-06	9.860969696969705e-06	9.961787878787883e-06	9.986484848484856e-06	9.987090909090912e-06	9.993424242424245e-06	9.998060606060612e-06	9.999575757575763e-06	1.0000000000000004e-05
2600	1.0000000000000003e-05	9.996066666666669e-06	9.967133333333338e-06	9.92056666666667e-06	9.887233333333336e-06	9.862066666666668e-06	9.857066666666667e-06	9.866633333333335e-06	9.811733333333336e-06	9.727233333333334e-06	9.744466666666668e-06	9.841866666666666e-06	9.93236666666667e-06	9.985566666666668e-06	1.0000000000000003e-05	9.993533333333337e-06	9.967600000000004e-06	9.937400000000004e-06	9.92666666666667e-06
2700	9.940000000000001e-06	9.950700000000005e-06	9.957600000000004e-06	9.92606666666667e-06	9.887733333333337e-06	9.859800000000005e-06	9.849333333333334e-06	9.859833333333337e-06	9.820833333333334e-06	9.757233333333335e-06	9.78536666666667e-06	9.900200000000004e-06	9.979400000000001e-06	9.983766666666673e-06	9.972666666666669e-06	9.979666666666672e-06	9.994233333333335e-06	9.999900000000002e-06	1.0000000000000003e-05
2800	9.918750000000006e-06	9.939093750000007e-06	9.957562500000005e-06	9.932312500000006e-06	9.899562500000003e-06	9.874281250000002e-06	9.861156250000002e-06	9.848750000000005e-06	9.378156250000003e-06	8.81675e-06	9.164968750000004e-06	9.782312500000002e-06	9.971375000000006e-06	9.998656250000005e-06	1.0000000000000004e-05	9.999843750000002e-06	9.997875000000006e-06	9.994906250000007e-06	9.993750000000009e-06
2900	9.996666666666672e-06	9.996666666666672e-06	9.997366666666672e-06	9.986533333333335e-06	9.94326666666667e-06	9.892433333333335e-06	9.8762e-06	9.856700000000002e-06	9.212766666666668e-06	8.449600000000003e-06	8.935400000000003e-06	9.757733333333337e-06	9.97626666666667e-06	9.999933333333336e-06	1.0000000000000003e-05	1.0000000000000003e-05	1.0000000000000003e-05	1.0000000000000003e-05	1.0000000000000003e-05
3000	9.903125000000004e-06	9.908687500000003e-06	9.934843750000005e-06	9.965906250000004e-06	9.952656250000004e-06	9.89434375000001e-06	9.861625e-06	9.854000000000003e-06	9.762281250000002e-06	9.644093750000003e-06	9.687625000000004e-06	9.848562500000002e-06	9.949812500000005e-06	9.941375000000004e-06	9.884187500000004e-06	9.881968750000006e-06	9.945468750000004e-06	9.991125000000003e-06	1.0000000000000004e-05
3100	9.977419354838718e-06	9.982129032258069e-06	9.99287096774194e-06	9.986322580645168e-06	9.95661290322581e-06	9.950612903225811e-06	9.979419354838715e-06	9.975838709677426e-06	9.89651612903226e-06	9.806709677419357e-06	9.782548387096775e-06	9.835548387096778e-06	9.920096774193553e-06	9.94096774193549e-06	9.899483870967744e-06	9.898935483870971e-06	9.956193548387101e-06	9.995387096774196e-06	1.0000000000000004e-05
3200	9.958064516129039e-06	9.96245161290323e-06	9.974322580645167e-06	9.986064516129039e-06	9.991225806451623e-06	9.995870967741939e-06	9.999806451612906e-06	9.984516129032265e-06	9.91925806451613e-06	9.802709677419358e-06	9.754483870967743e-06	9.834451612903228e-06	9.926677419354843e-06	9.965096774193553e-06	9.952774193548392e-06	9.929645161290325e-06	9.94680645161291e-06	9.983580645161293e-06	1.0000000000000004e-05
3300	1.0000000000000004e-05	9.999806451612909e-06	9.998193548387105e-06	9.996967741935492e-06	9.998580645161294e-06	1.0000000000000004e-05	1.0000000000000004e-05	9.983483870967747e-06	9.903161290322584e-06	9.79251612903226e-06	9.768903225806453e-06	9.840129032258064e-06	9.928322580645164e-06	9.974161290322586e-06	9.95687096774194e-06	9.933129032258068e-06	9.955645161290328e-06	9.989483870967745e-06	1.0000000000000004e-05
3400	9.884375000000003e-06	9.872656250000003e-06	9.852625000000003e-06	9.861687500000003e-06	9.909562500000003e-06	9.962250000000006e-06	9.992218750000004e-06	9.977625000000006e-06	9.899750000000006e-06	9.804218750000006e-06	9.774156250000004e-06	9.832687500000002e-06	9.926437500000006e-06	9.968718750000006e-06	9.940812500000004e-06	9.924656250000002e-06	9.958843750000005e-06	9.992093750000003e-06	1.0000000000000004e-05
3500	9.800000000000004e-06	9.817354838709679e-06	9.853516129032263e-06	9.886161290322581e-06	9.905677419354841e-06	9.942387096774198e-06	9.98522580645162e-06	9.947419354838715e-06	9.828806451612903e-06	9.688677419354841e-06	9.64725806451613e-06	9.784032258064517e-06	9.924580645161294e-06	9.923354838709681e-06	9.865290322580646e-06	9.876645161290324e-06	9.941838709677425e-06	9.986161290322583e-06	1.0000000000000004e-05
3600	9.73870967741936e-06	9.737129032258069e-06	9.781419354838711e-06	9.86767741935484e-06	9.908193548387101e-06	9.925870967741938e-06	9.964322580645169e-06	9.953903225806456e-06	8.862129032258068e-06	7.138064516129035e-06	7.492612903225809e-06	9.195419354838712e-06	9.912612903225811e-06	9.925838709677422e-06	9.879064516129035e-06	9.87245161290323e-06	9.929516129032262e-06	9.976419354838717e-06	9.987096774193556e-06
3700	1.0000000000000004e-05	1.0000000000000004e-05	1.0000000000000004e-05	1.0000000000000004e-05	1.0000000000000004e-05	1.0000000000000004e-05	9.999363636363642e-06	9.964151515151521e-06	9.842212121212126e-06	9.718545454545454e-06	9.727424242424243e-06	9.824727272727275e-06	9.881606060606063e-06	9.849242424242427e-06	9.808242424242427e-06	9.835030303030306e-06	9.881333333333333e-06	9.89848484848485e-06	9.9e-06
3800	1.0000000000000003e-05	1.0000000000000003e-05	1.0000000000000003e-05	1.0000000000000003e-05	1.0000000000000003e-05	1.0000000000000003e-05	9.998366666666667e-06	9.979300000000005e-06	9.86336666666667e-06	9.708833333333333e-06	9.743933333333333e-06	9.908533333333339e-06	9.991000000000003e-06	1.0000000000000003e-05	1.0000000000000003e-05	1.0000000000000003e-05	9.99986666666667e-06	9.998200000000007e-06	9.996666666666672e-06
3900	9.98125e-06	9.977375000000004e-06	9.977875000000003e-06	9.990187500000004e-06	9.993406250000005e-06	9.984000000000006e-06	9.982375000000008e-06	9.957218750000003e-06	9.8465625e-06	9.731000000000002e-06	9.767375000000002e-06	9.891187500000005e-06	9.930750000000007e-06	9.892625000000004e-06	9.879437500000003e-06	9.922781250000003e-06	9.974812500000007e-06	9.993718750000009e-06	9.993750000000009e-06
4000	1.0000000000000003e-05	1.0000000000000003e-05	9.995413793103452e-06	9.966862068965521e-06	9.929655172413796e-06	9.938482758620692e-06	9.976689655172414e-06	9.96024137931035e-06	9.851931034482762e-06	9.737620689655172e-06	9.763137931034481e-06	9.900172413793105e-06	9.984103448275865e-06	9.99293103448276e-06	9.991241379310348e-06	9.993689655172418e-06	9.997482758620693e-06	9.999655172413796e-06	1.0000000000000003e-05
4100	9.931034482758619e-06	9.928448275862069e-06	9.922551724137936e-06	9.919965517241383e-06	9.923896551724138e-06	9.949620689655174e-06	9.983931034482761e-06	9.95572413793104e-06	9.844551724137933e-06	9.741172413793104e-06	9.76641379310345e-06	9.89441379310345e-06	9.973103448275864e-06	9.956758620689658e-06	9.92437931034483e-06	9.942103448275866e-06	9.97972413793104e-06	9.990689655172421e-06	9.989655172413803e-06
4200	1.0000000000000004e-05	1.0000000000000004e-05	1.0000000000000004e-05	1.0000000000000004e-05	1.0000000000000004e-05	1.0000000000000004e-05	9.999806451612909e-06	9.973806451612906e-06	9.848064516129036e-06	9.703225806451615e-06	9.679612903225808e-06	9.748516129032261e-06	9.868161290322584e-06	9.946129032258071e-06	9.940806451612908e-06	9.94335483870968e-06	9.953580645161297e-06	9.941129032258065e-06	9.93225806451613e-06
4300	9.943750000000006e-06	9.940062500000004e-06	9.947687500000006e-06	9.974875000000007e-06	9.992250000000008e-06	9.993312500000007e-06	9.992468750000004e-06	9.960937500000007e-06	9.846031250000002e-06	9.708218750000001e-06	9.67453125e-06	9.7515625e-06	9.867093750000004e-06	9.932906250000005e-06	9.927687500000004e-06	9.93209375e-06	9.944718750000006e-06	9.926625000000006e-06	9.912500000000004e-06
4400	9.977419354838718e-06	9.961322580645164e-06	9.930548387096778e-06	9.935903225806453e-06	9.956000000000004e-06	9.937032258064517e-06	9.931225806451616e-06	9.931548387096777e-06	9.834903225806454e-06	9.72216129032258e-06	9.743967741935483e-06	9.838322580645163e-06	9.913000000000003e-06	9.942516129032263e-06	9.927516129032262e-06	9.932000000000002e-06	9.934838709677423e-06	9.905064516129038e-06	9.890322580645166e-06
4500	9.968750000000009e-06	9.956125000000005e-06	9.928781250000004e-06	9.932031250000006e-06	9.923125000000005e-06	9.827281250000002e-06	9.742906250000003e-06	9.751281250000001e-06	8.861781249999997e-06	7.131531249999998e-06	7.219500000000001e-06	8.975125000000002e-06	9.887093750000004e-06	9.947156250000002e-06	9.942500000000005e-06	9.951531250000007e-06	9.928531250000002e-06	9.86528125e-06	9.837500000000002e-06
4600	9.812500000000003e-06	9.822562500000004e-06	9.877281250000002e-06	9.937031250000004e-06	9.905937500000002e-06	9.812093750000005e-06	9.774125000000004e-06	9.7924375e-06	8.868468750000001e-06	6.65984375e-06	6.299593749999999e-06	8.5368125e-06	9.910093750000001e-06	9.971437500000003e-06	9.984781250000005e-06	9.988781250000002e-06	9.938812500000006e-06	9.839656250000005e-06	9.790625000000006e-06
4700	9.764516129032262e-06	9.7881935483871e-06	9.866548387096778e-06	9.886322580645165e-06	9.769741935483873e-06	9.688064516129033e-06	9.734548387096774e-06	9.787322580645162e-06	9.051290322580645e-06	7.417774193548387e-06	7.235612903225803e-06	8.883387096774193e-06	9.899870967741938e-06	9.982774193548393e-06	9.992516129032264e-06	9.97403225806452e-06	9.87709677419355e-06	9.774193548387099e-06	9.74516129032258e-06
4800	9.843333333333338e-06	9.842233333333335e-06	9.856633333333337e-06	9.845600000000003e-06	8.6598e-06	6.7857e-06	7.239366666666669e-06	9.155899999999998e-06	8.212533333333337e-06	4.551899999999999e-06	4.2418666666666674e-06	7.877233333333333e-06	9.859833333333337e-06	9.849366666666668e-06	9.850700000000002e-06	9.876033333333337e-06	9.822633333333335e-06	9.71273333333333e-06	9.66333333333333e-06
4900	9.884375000000003e-06	9.877781250000003e-06	9.878187500000004e-06	9.874843750000005e-06	9.102250000000003e-06	7.655e-06	7.733062500000001e-06	9.192687500000002e-06	8.619937500000001e-06	5.779437500000002e-06	5.44609375e-06	8.260656250000002e-06	9.851593750000002e-06	9.856093750000002e-06	9.860593750000003e-06	9.872656250000003e-06	9.814406250000004e-06	9.710406249999998e-06	9.662499999999998e-06
5000	9.820000000000001e-06	9.810600000000004e-06	9.798400000000001e-06	9.780766666666668e-06	8.673233333333334e-06	6.3436e-06	6.2068e-06	8.5047e-06	7.942433333333335e-06	3.920300000000001e-06	3.414533333333333e-06	7.517033333333336e-06	9.8585e-06	9.83596666666667e-06	9.822800000000004e-06	9.820333333333337e-06	9.77766666666667e-06	9.706066666666672e-06	9.670000000000004e-06
5100	1.0000000000000004e-05	1.0000000000000004e-05	1.0000000000000004e-05	9.989687500000004e-06	9.930937500000004e-06	9.847812500000003e-06	9.827937500000002e-06	9.843437500000004e-06	9.781968750000003e-06	9.6893125e-06	9.691875e-06	9.767468750000004e-06	9.870000000000005e-06	9.962281250000005e-06	9.997281250000004e-06	1.0000000000000004e-05	1.0000000000000004e-05	1.0000000000000004e-05	1.0000000000000004e-05
5200	1.0000000000000004e-05	9.998393939393945e-06	9.993848484848492e-06	9.980393939393946e-06	9.931060606060613e-06	9.860121212121216e-06	9.843212121212123e-06	9.843636363636367e-06	9.775545454545455e-06	9.686303030303031e-06	9.664515151515153e-06	9.715939393939394e-06	9.796212121212125e-06	9.893303030303034e-06	9.957575757575762e-06	9.955181818181823e-06	9.92875757575758e-06	9.913515151515155e-06	9.912121212121214e-06
5300	1.0000000000000004e-05	9.999645161290328e-06	9.9873870967742e-06	9.93145161290323e-06	9.857258064516131e-06	9.822290322580648e-06	9.829612903225809e-06	9.829967741935488e-06	9.774322580645164e-06	9.671483870967744e-06	9.615903225806453e-06	9.675935483870968e-06	9.785290322580648e-06	9.89977419354839e-06	9.979258064516134e-06	9.998483870967746e-06	1.0000000000000004e-05	1.0000000000000004e-05	1.0000000000000004e-05
5400	9.996666666666672e-06	9.996233333333338e-06	9.975933333333337e-06	9.926933333333337e-06	9.862733333333336e-06	9.815533333333335e-06	9.8246e-06	9.842099999999998e-06	9.776433333333334e-06	9.699766666666668e-06	9.760133333333333e-06	9.856900000000002e-06	9.801500000000001e-06	9.705933333333331e-06	9.749766666666666e-06	9.820833333333338e-06	9.806e-06	9.777866666666668e-06	9.773333333333335e-06
5500	1.0000000000000003e-05	9.997966666666673e-06	9.97873333333334e-06	9.920866666666668e-06	9.84586666666667e-06	9.812933333333332e-06	9.831400000000002e-06	9.833800000000002e-06	9.766866666666668e-06	9.71516666666667e-06	9.783600000000002e-06	9.86436666666667e-06	9.81076666666667e-06	9.729633333333334e-06	9.764466666666668e-06	9.805766666666667e-06	9.753966666666668e-06	9.701833333333336e-06	9.693333333333336e-06
5600	1.0000000000000003e-05	9.985620689655175e-06	9.923551724137932e-06	9.844931034482761e-06	9.810448275862071e-06	9.809689655172418e-06	9.830586206896553e-06	9.843724137931034e-06	9.781896551724137e-06	9.70751724137931e-06	9.76296551724138e-06	9.862931034482759e-06	9.811172413793103e-06	9.709241379310343e-06	9.748827586206896e-06	9.811482758620688e-06	9.76158620689655e-06	9.697275862068966e-06	9.682758620689653e-06
5700	9.996666666666672e-06	9.983633333333337e-06	9.926966666666668e-06	9.849566666666666e-06	9.800233333333338e-06	9.759000000000001e-06	9.719799999999998e-06	9.709433333333336e-06	9.700333333333334e-06	9.690333333333334e-06	9.757333333333334e-06	9.848600000000004e-06	9.806966666666671e-06	9.725266666666666e-06	9.768266666666671e-06	9.822333333333338e-06	9.779933333333334e-06	9.730000000000002e-06	9.720000000000002e-06
5800	9.9e-06	9.899600000000001e-06	9.884766666666669e-06	9.845533333333336e-06	9.8021e-06	9.762000000000002e-06	9.726766666666668e-06	9.704833333333332e-06	9.680633333333335e-06	9.686833333333335e-06	9.77536666666667e-06	9.843533333333335e-06	9.778233333333334e-06	9.694633333333334e-06	9.702633333333334e-06	9.6969e-06	9.633466666666665e-06	9.605099999999997e-06	9.609999999999998e-06
5900	9.903125000000004e-06	9.901781250000001e-06	9.879781250000002e-06	9.838218750000003e-06	9.796156250000002e-06	9.754281250000001e-06	9.724218750000002e-06	9.703531250000002e-06	9.640593750000002e-06	9.603375000000005e-06	9.711312499999999e-06	9.578062500000001e-06	8.017687499999999e-06	6.850562499999999e-06	8.232312499999998e-06	8.184093750000001e-06	5.887468749999999e-06	5.133437499999999e-06	5.412499999999999e-06
6000	1.0000000000000004e-05	9.999031250000003e-06	9.982375000000003e-06	9.927781250000006e-06	9.850156250000001e-06	9.77153125e-06	9.723375e-06	9.699468749999999e-06	9.644562500000002e-06	9.615031250000002e-06	9.693968750000004e-06	9.663093750000004e-06	8.740312500000001e-06	7.94403125e-06	8.50628125e-06	7.028281249999999e-06	3.82621875e-06	3.4268125000000004e-06	4.215625000000001e-06
6100	9.848387096774197e-06	9.873290322580648e-06	9.919483870967746e-06	9.914483870967743e-06	9.846741935483872e-06	9.77358064516129e-06	9.73261290322581e-06	9.583677419354836e-06	9.361935483870966e-06	9.413548387096778e-06	9.66303225806452e-06	9.769290322580645e-06	9.714516129032258e-06	9.739290322580646e-06	9.891129032258068e-06	9.986483870967745e-06	9.997161290322589e-06	9.992322580645169e-06	9.99032258064517e-06
6200	9.851515151515154e-06	9.878909090909094e-06	9.926636363636368e-06	9.917060606060611e-06	9.854121212121214e-06	9.789333333333338e-06	9.74975757575758e-06	9.709969696969699e-06	9.64057575757576e-06	9.618727272727276e-06	9.698151515151517e-06	9.757030303030305e-06	9.724454545454548e-06	9.777636363636367e-06	9.910636363636367e-06	9.97233333333334e-06	9.986000000000002e-06	9.99357575757576e-06	9.996969696969696e-06
6300	1.0000000000000004e-05	1.0000000000000004e-05	1.0000000000000004e-05	1.0000000000000004e-05	9.985625000000008e-06	9.926781250000005e-06	9.844125000000005e-06	9.755500000000003e-06	9.652718750000005e-06	9.61121875e-06	9.687500000000003e-06	9.7444375e-06	9.70896875e-06	9.7589375e-06	9.902312500000004e-06	9.984375000000004e-06	1.0000000000000004e-05	1.0000000000000004e-05	1.0000000000000004e-05
6400	9.951612903225812e-06	9.95687096774194e-06	9.972774193548395e-06	9.974935483870972e-06	9.95422580645162e-06	9.920096774193553e-06	9.85835483870968e-06	9.78125806451613e-06	9.598612903225807e-06	9.38125806451613e-06	9.448483870967741e-06	9.65325806451613e-06	9.693354838709678e-06	9.730548387096775e-06	9.88370967741936e-06	9.979322580645166e-06	9.964419354838718e-06	9.93348387096775e-06	9.922580645161297e-06
6500	1.0000000000000004e-05	1.0000000000000004e-05	1.0000000000000004e-05	1.0000000000000004e-05	9.989875000000004e-06	9.948125000000004e-06	9.854500000000002e-06	9.387781250000002e-06	7.4502499999999995e-06	5.8696562499999985e-06	7.3894062499999995e-06	9.362750000000001e-06	9.707656250000002e-06	9.712218750000001e-06	9.872437500000003e-06	9.979437500000007e-06	9.995250000000007e-06	9.999406250000003e-06	1.0000000000000004e-05
6600	1.0000000000000004e-05	9.999967741935488e-06	9.997032258064525e-06	9.98896774193549e-06	9.938161290322585e-06	9.801451612903229e-06	9.668258064516128e-06	8.444225806451612e-06	5.331387096774195e-06	3.963483870967742e-06	6.508064516129033e-06	9.115709677419354e-06	9.706161290322583e-06	9.742451612903227e-06	9.888258064516135e-06	9.97922580645162e-06	9.994774193548394e-06	9.991774193548394e-06	9.990322580645168e-06
6700	1.0000000000000004e-05	1.0000000000000004e-05	9.990000000000008e-06	9.939030303030307e-06	9.812484848484852e-06	9.66418181818182e-06	9.606515151515154e-06	8.770939393939394e-06	5.832424242424242e-06	4.041484848484849e-06	6.496939393939393e-06	9.092757575757576e-06	9.434969696969697e-06	9.486151515151515e-06	9.773696969696972e-06	9.938787878787884e-06	9.986303030303035e-06	1.0000000000000004e-05	1.0000000000000004e-05
6800	1.0000000000000004e-05	1.0000000000000004e-05	9.991687500000005e-06	9.933781250000002e-06	9.796468750000003e-06	9.636781250000003e-06	9.572218750000004e-06	8.892812500000002e-06	6.535875000000001e-06	4.792875e-06	6.4361875e-06	8.941000000000001e-06	9.690031250000003e-06	9.704093750000004e-06	9.825906250000002e-06	9.933031250000005e-06	9.986000000000002e-06	1.0000000000000004e-05	1.0000000000000004e-05
6900	1.0000000000000004e-05	9.998838709677428e-06	9.982709677419361e-06	9.924387096774197e-06	9.795419354838712e-06	9.644580645161292e-06	9.594870967741937e-06	8.806322580645162e-06	6.379903225806452e-06	4.753935483870968e-06	6.411290322580643e-06	8.928935483870969e-06	9.640806451612906e-06	9.487387096774193e-06	9.62393548387097e-06	9.810096774193552e-06	9.893322580645165e-06	9.95325806451613e-06	9.970967741935486e-06
7000	1.0000000000000003e-05	1.0000000000000003e-05	9.989033333333336e-06	9.918833333333336e-06	8.629466666666668e-06	5.872666666666666e-06	5.137833333333331e-06	6.884666666666666e-06	6.674700000000003e-06	5.374733333333331e-06	6.8136333333333345e-06	8.977066666666667e-06	9.361499999999997e-06	9.293966666666666e-06	9.638200000000002e-06	9.8593e-06	9.90906666666667e-06	9.95886666666667e-06	9.973333333333338e-06
7100	9.956250000000001e-06	9.968125000000005e-06	9.977593750000007e-06	9.925500000000007e-06	8.64328125e-06	5.69578125e-06	4.65378125e-06	6.390999999999998e-06	6.4998749999999985e-06	5.16971875e-06	6.282531249999999e-06	8.774156250000003e-06	9.754968750000002e-06	9.74025e-06	9.782187500000003e-06	9.871031250000001e-06	9.955562500000004e-06	9.990781250000005e-06	9.996875000000004e-06
7200	1.0000000000000004e-05	1.0000000000000004e-05	9.986161290322587e-06	9.73725806451613e-06	7.206225806451614e-06	4.156999999999999e-06	5.166483870967741e-06	7.040032258064517e-06	5.517903225806449e-06	3.820580645161291e-06	5.868451612903226e-06	8.865709677419355e-06	9.736419354838711e-06	9.735935483870968e-06	9.786516129032258e-06	9.856096774193551e-06	9.906387096774197e-06	9.916774193548389e-06	9.909677419354841e-06
7300	9.996875000000004e-06	9.995718750000008e-06	9.975406250000008e-06	9.685562500000003e-06	7.734468750000001e-06	3.920531249999998e-06	2.838031250000001e-06	5.636031249999999e-06	6.555562499999999e-06	5.062593749999998e-06	5.81615625e-06	8.47678125e-06	9.706562500000002e-06	9.716875000000002e-06	9.774000000000002e-06	9.862031250000004e-06	9.929406250000002e-06	9.926593750000005e-06	9.909375000000005e-06
7400	9.977419354838718e-06	9.9761935483871e-06	9.943161290322586e-06	9.845129032258068e-06	9.778967741935485e-06	9.847354838709677e-06	9.943451612903228e-06	9.938806451612906e-06	9.81503225806452e-06	9.644096774193552e-06	9.582967741935487e-06	9.616548387096776e-06	9.633709677419355e-06	9.710645161290323e-06	9.826064516129036e-06	9.846161290322585e-06	9.85461290322581e-06	9.90787096774194e-06	9.932258064516135e-06
7500	9.931250000000003e-06	9.921968750000002e-06	9.895125000000005e-06	9.834875000000003e-06	9.785093750000002e-06	9.838281250000004e-06	9.939468750000005e-06	9.942000000000004e-06	9.806218750000002e-06	9.652e-06	9.602062500000002e-06	9.6190625e-06	9.631812500000002e-06	9.696375000000003e-06	9.807906250000002e-06	9.84603125e-06	9.867468750000006e-06	9.917375000000008e-06	9.934375000000006e-06
7600	9.865625000000006e-06	9.850750000000004e-06	9.813125000000004e-06	9.7676875e-06	9.759718750000002e-06	9.846343750000002e-06	9.948718750000007e-06	9.939468750000005e-06	9.812656250000004e-06	9.652500000000006e-06	9.587187500000005e-06	9.605968749999999e-06	9.626624999999999e-06	9.7199375e-06	9.867593750000003e-06	9.926343750000003e-06	9.923750000000005e-06	9.936625000000004e-06	9.946875000000003e-06
7700	9.873333333333336e-06	9.8568e-06	9.819633333333335e-06	9.780533333333334e-06	9.775733333333334e-06	9.845466666666669e-06	9.939733333333338e-06	9.944200000000002e-06	9.809000000000002e-06	9.6531e-06	9.607966666666667e-06	9.623033333333334e-06	9.627066666666668e-06	9.6919e-06	9.839700000000002e-06	9.919400000000004e-06	9.929033333333336e-06	9.948433333333335e-06	9.956666666666669e-06
7800	9.9e-06	9.895181818181822e-06	9.862727272727275e-06	9.801090909090914e-06	9.774909090909095e-06	9.839909090909095e-06	9.93951515151516e-06	9.934969696969703e-06	9.783393939393941e-06	9.672151515151516e-06	9.752393939393944e-06	9.892878787878792e-06	9.97136363636364e-06	9.997181818181824e-06	9.996030303030309e-06	9.991333333333337e-06	9.988303030303036e-06	9.987878787878793e-06	9.987878787878793e-06
7900	9.838235294117653e-06	9.841058823529418e-06	9.840441176470594e-06	9.786323529411766e-06	9.71323529411765e-06	9.751941176470591e-06	9.872617647058827e-06	9.888558823529418e-06	9.757705882352946e-06	9.65258823529412e-06	9.686323529411766e-06	9.820500000000004e-06	9.94661764705883e-06	9.99352941176471e-06	9.996735294117657e-06	9.995352941176478e-06	9.994970588235303e-06	9.996441176470595e-06	9.997058823529419e-06
8000	9.843750000000004e-06	9.830437500000003e-06	9.790000000000003e-06	9.71196875e-06	9.64259375e-06	9.685500000000006e-06	9.816375000000005e-06	9.877343750000002e-06	9.785062500000001e-06	9.651031250000002e-06	9.663187500000002e-06	9.824593750000004e-06	9.957250000000005e-06	9.995468750000004e-06	1.0000000000000004e-05	1.0000000000000004e-05	9.998906250000006e-06	9.991093750000008e-06	9.984375000000006e-06
8100	9.851724137931038e-06	9.829689655172416e-06	9.783827586206898e-06	9.712172413793103e-06	9.641137931034483e-06	9.683551724137932e-06	9.82644827586207e-06	9.89086206896552e-06	9.787241379310346e-06	9.646586206896552e-06	9.658689655172413e-06	9.820379310344831e-06	9.957172413793105e-06	9.997137931034486e-06	1.0000000000000003e-05	9.993793103448281e-06	9.951413793103452e-06	9.880034482758627e-06	9.8448275862069e-06
8200	9.878125000000005e-06	9.852750000000003e-06	9.803343750000005e-06	9.740937500000003e-06	9.667468750000001e-06	9.686875000000002e-06	9.826218750000004e-06	9.892125000000003e-06	9.773375000000002e-06	9.644718750000002e-06	9.680500000000002e-06	9.823718750000005e-06	9.944562500000004e-06	9.990281250000007e-06	9.994937500000006e-06	9.989906250000003e-06	9.941812500000005e-06	9.874968750000002e-06	9.850000000000002e-06
8300	9.756666666666668e-06	9.751666666666667e-06	9.751966666666666e-06	9.402166666666666e-06	8.206899999999998e-06	7.724333333333333e-06	8.956066666666669e-06	9.850366666666668e-06	9.7055e-06	9.108166666666665e-06	8.803566666666663e-06	9.391799999999999e-06	9.917833333333335e-06	9.991666666666668e-06	1.0000000000000003e-05	9.99256666666667e-06	9.945233333333338e-06	9.877666666666669e-06	9.850000000000002e-06
8400	9.784375000000004e-06	9.769875000000003e-06	9.747812500000001e-06	9.536468750000004e-06	8.858375000000003e-06	8.58515625e-06	9.285781250000002e-06	9.808593750000003e-06	9.748156250000001e-06	9.49471875e-06	9.386312500000001e-06	9.648593750000004e-06	9.913625000000003e-06	9.988843750000005e-06	1.0000000000000004e-05	9.992343750000006e-06	9.945750000000006e-06	9.883093750000002e-06	9.859374999999999e-06
8500	9.750000000000003e-06	9.751125000000004e-06	9.743593749999999e-06	8.753906250000001e-06	6.136218750000001e-06	5.48034375e-06	8.153031250000002e-06	9.854093750000004e-06	9.737156250000001e-06	9.3308125e-06	9.128218750000003e-06	9.504843750000002e-06	9.879687500000004e-06	9.972875000000007e-06	9.995093750000005e-06	9.990093750000004e-06	9.937687500000004e-06	9.875718750000002e-06	9.856250000000002e-06
8600	1.0000000000000003e-05	9.98436666666667e-06	9.90406666666667e-06	8.290333333333333e-06	5.284966666666668e-06	5.331866666666667e-06	8.325333333333333e-06	9.835700000000003e-06	9.726266666666669e-06	9.144433333333335e-06	8.776499999999998e-06	9.303466666666667e-06	9.774833333333335e-06	9.8506e-06	9.944700000000003e-06	9.986200000000006e-06	9.943700000000003e-06	9.885066666666666e-06	9.863333333333333e-06
8700	1.0000000000000003e-05	9.985000000000005e-06	9.90931034482759e-06	8.450379310344827e-06	6.190931034482758e-06	6.653965517241377e-06	8.850620689655174e-06	9.767758620689657e-06	9.651275862068966e-06	8.744896551724135e-06	8.144482758620689e-06	9.020689655172412e-06	9.774344827586205e-06	9.832206896551723e-06	9.894586206896554e-06	9.929862068965516e-06	9.917172413793107e-06	9.868655172413796e-06	9.84137931034483e-06
8800	9.928125000000004e-06	9.919000000000004e-06	9.884437500000004e-06	9.841437500000003e-06	9.852093750000003e-06	9.898000000000002e-06	9.879937500000004e-06	9.825562500000004e-06	9.71509375e-06	9.48096875e-06	9.437312500000001e-06	9.66675e-06	9.766781250000003e-06	9.771156250000003e-06	9.881406250000004e-06	9.936531250000008e-06	9.803406250000004e-06	9.648250000000004e-06	9.606250000000001e-06
8900	9.935483870967745e-06	9.921806451612906e-06	9.890161290322583e-06	9.849677419354842e-06	9.845870967741938e-06	9.885064516129035e-06	9.879451612903225e-06	9.824935483870972e-06	9.702258064516128e-06	9.465645161290323e-06	9.408483870967744e-06	9.624032258064519e-06	9.739806451612905e-06	9.780741935483871e-06	9.90261290322581e-06	9.933645161290327e-06	9.79661290322581e-06	9.661967741935486e-06	9.629032258064518e-06
9000	9.948387096774198e-06	9.932903225806455e-06	9.89045161290323e-06	9.841967741935486e-06	9.84441935483871e-06	9.883612903225807e-06	9.850903225806455e-06	9.747290322580646e-06	9.57141935483871e-06	9.042967741935484e-06	8.744870967741937e-06	9.275677419354839e-06	9.67132258064516e-06	9.693290322580646e-06	9.84045161290323e-06	9.921612903225809e-06	9.793548387096776e-06	9.656774193548391e-06	9.62903225806452e-06
9100	9.853333333333334e-06	9.8524e-06	9.85166666666667e-06	9.836466666666671e-06	9.847e-06	9.893333333333336e-06	9.865333333333337e-06	9.7656e-06	9.300233333333335e-06	7.951533333333333e-06	7.42013333333333e-06	8.763e-06	9.693666666666668e-06	9.723033333333335e-06	9.834833333333335e-06	9.897700000000005e-06	9.791900000000002e-06	9.658366666666669e-06	9.620000000000001e-06
9200	9.86666666666667e-06	9.867100000000002e-06	9.86826666666667e-06	9.842766666666668e-06	9.832833333333335e-06	9.876333333333336e-06	9.869700000000005e-06	9.768100000000006e-06	9.384133333333332e-06	8.039633333333335e-06	7.309833333333335e-06	8.649766666666668e-06	9.6873e-06	9.734633333333337e-06	9.853000000000002e-06	9.935133333333334e-06	9.926433333333339e-06	9.889700000000003e-06	9.876666666666668e-06
9300	9.838709677419354e-06	9.847451612903226e-06	9.858548387096776e-06	9.841290322580646e-06	9.83893548387097e-06	9.878548387096778e-06	9.861161290322584e-06	9.764645161290324e-06	9.671645161290324e-06	9.649903225806451e-06	9.754645161290323e-06	9.918000000000004e-06	9.986000000000002e-06	9.977548387096774e-06	9.981258064516137e-06	9.961612903225813e-06	9.857870967741938e-06	9.732354838709677e-06	9.683870967741936e-06
9400	9.856666666666667e-06	9.857666666666669e-06	9.850133333333336e-06	9.834866666666668e-06	9.86506666666667e-06	9.908933333333336e-06	9.860133333333337e-06	9.753200000000002e-06	9.413833333333333e-06	8.544633333333338e-06	8.244800000000001e-06	9.118466666666667e-06	9.6847e-06	9.698366666666668e-06	9.820800000000003e-06	9.863866666666669e-06	9.719666666666668e-06	9.587466666666676e-06	9.560000000000008e-06
9500	9.83666666666667e-06	9.832966666666667e-06	9.8104e-06	9.79096666666667e-06	9.841133333333336e-06	9.90036666666667e-06	9.851233333333337e-06	9.757300000000002e-06	9.432566666666668e-06	8.395133333333337e-06	7.931766666666666e-06	9.020366666666666e-06	9.899700000000005e-06	9.987066666666671e-06	9.998800000000003e-06	9.989566666666672e-06	9.954633333333336e-06	9.919833333333336e-06	9.910000000000003e-06
9600	9.925806451612908e-06	9.900580645161293e-06	9.827161290322584e-06	9.775064516129032e-06	9.814580645161294e-06	9.874774193548388e-06	9.846580645161293e-06	9.759709677419353e-06	9.712645161290322e-06	9.706741935483872e-06	9.706193548387097e-06	9.771903225806453e-06	9.91203225806452e-06	9.99264516129033e-06	9.996354838709685e-06	9.957064516129038e-06	9.558967741935485e-06	8.968290322580644e-06	8.738709677419354e-06
9700	9.927586206896555e-06	9.89734482758621e-06	9.824172413793106e-06	9.77631034482759e-06	9.808206896551727e-06	9.861137931034484e-06	9.84096551724138e-06	9.771655172413794e-06	9.67244827586207e-06	9.134999999999998e-06	8.702413793103446e-06	9.258103448275864e-06	9.837724137931036e-06	9.916172413793106e-06	9.953586206896553e-06	9.946034482758623e-06	9.840689655172414e-06	9.73051724137931e-06	9.69655172413793e-06
9800	9.918181818181827e-06	9.901787878787882e-06	9.830151515151519e-06	9.760606060606065e-06	9.806303030303032e-06	9.891333333333336e-06	9.854212121212125e-06	9.751000000000004e-06	9.67157575757576e-06	9.365393939393941e-06	9.113333333333335e-06	9.43518181818182e-06	9.815666666666672e-06	9.902909090909096e-06	9.944272727272735e-06	9.975454545454555e-06	9.919696969696974e-06	9.850333333333338e-06	9.839393939393942e-06
9900	9.921875000000004e-06	9.889375000000002e-06	9.7785625e-06	9.691500000000002e-06	9.757875000000002e-06	9.865968750000001e-06	9.831968750000005e-06	9.709562500000003e-06	9.625187500000003e-06	9.170968749999999e-06	8.76959375e-06	9.27815625e-06	9.827562500000003e-06	9.900156250000004e-06	9.934218750000004e-06	9.977031250000003e-06	9.994093750000006e-06	9.994156250000007e-06	9.993750000000009e-06
10000	9.98666666666667e-06	9.955000000000002e-06	9.848333333333334e-06	9.746466666666667e-06	9.7696e-06	9.804233333333333e-06	8.547100000000002e-06	6.7410666666666655e-06	7.309600000000001e-06	8.849933333333333e-06	9.320366666666666e-06	9.597433333333337e-06	9.864766666666673e-06	9.929933333333335e-06	9.958700000000005e-06	9.984600000000004e-06	9.996166666666671e-06	9.999300000000003e-06	1.0000000000000003e-05
