	site
generation	50	100	150	200	250	300	350	400	450	500	550	600	650	700	750	800	850	900	950
0	1.0000000000000004e-05	1.0000000000000004e-05	1.0000000000000004e-05	1.0000000000000004e-05	1.0000000000000004e-05	1.0000000000000004e-05	1.0000000000000004e-05	1.0000000000000004e-05	1.0000000000000004e-05	1.0000000000000004e-05	1.0000000000000004e-05	1.0000000000000004e-05	1.0000000000000004e-05	1.0000000000000004e-05	1.0000000000000004e-05	1.0000000000000004e-05	1.0000000000000004e-05	1.0000000000000004e-05	1.0000000000000004e-05
100	9.939393939393946e-06	9.949818181818185e-06	9.979757575757581e-06	9.999636363636367e-06	9.999181818181823e-06	9.980212121212127e-06	9.935606060606063e-06	9.92254545454546e-06	9.942909090909094e-06	9.933727272727277e-06	9.930090909090914e-06	9.963515151515158e-06	9.992212121212126e-06	1.0000000000000004e-05	1.0000000000000004e-05	9.998969696969699e-06	9.997454545454547e-06	9.996969696969698e-06	9.996969696969698e-06
200	9.929032258064522e-06	9.943677419354843e-06	9.978838709677423e-06	9.999677419354842e-06	9.998806451612912e-06	9.96980645161291e-06	9.892838709677424e-06	9.843548387096779e-06	9.873774193548388e-06	9.909806451612905e-06	9.925354838709682e-06	9.957483870967746e-06	9.989870967741939e-06	1.0000000000000004e-05	1.0000000000000004e-05	1.0000000000000004e-05	1.0000000000000004e-05	1.0000000000000004e-05	1.0000000000000004e-05
300	9.853125000000002e-06	9.875562500000005e-06	9.943406250000004e-06	9.980062500000005e-06	9.943687500000005e-06	9.906031250000002e-06	9.868500000000006e-06	9.837125000000003e-06	9.857625000000004e-06	9.883156250000006e-06	9.906187500000006e-06	9.952843750000005e-06	9.987218750000006e-06	9.998406250000005e-06	1.0000000000000004e-05	1.0000000000000004e-05	1.0000000000000004e-05	1.0000000000000004e-05	1.0000000000000004e-05
400	9.872727272727275e-06	9.897393939393942e-06	9.955000000000005e-06	9.969515151515159e-06	9.930484848484854e-06	9.90381818181819e-06	9.878212121212123e-06	9.856484848484854e-06	9.870969696969701e-06	9.873212121212122e-06	9.871030303030307e-06	9.928848484848491e-06	9.983878787878793e-06	9.989151515151522e-06	9.976545454545459e-06	9.952121212121216e-06	9.941878787878794e-06	9.960181818181822e-06	9.972727272727278e-06
500	1.0000000000000004e-05	1.0000000000000004e-05	1.0000000000000004e-05	1.0000000000000004e-05	1.0000000000000004e-05	1.0000000000000004e-05	1.0000000000000004e-05	1.0000000000000004e-05	1.0000000000000004e-05	1.0000000000000004e-05	1.0000000000000004e-05	1.0000000000000004e-05	1.0000000000000004e-05	1.0000000000000004e-05	9.99848387096775e-06	9.994870967741942e-06	9.992677419354847e-06	9.993064516129041e-06	9.99354838709678e-06
600	9.990625000000004e-06	9.990156250000005e-06	9.982656250000007e-06	9.960437500000005e-06	9.924875000000002e-06	9.919187500000002e-06	9.961343750000005e-06	9.993375000000005e-06	9.998875000000002e-06	9.987125000000006e-06	9.945750000000004e-06	9.921312500000002e-06	9.954343750000005e-06	9.991562500000002e-06	1.0000000000000004e-05	1.0000000000000004e-05	9.999406250000005e-06	9.993156250000007e-06	9.987500000000007e-06
700	1.0000000000000004e-05	1.0000000000000004e-05	9.997612903225813e-06	9.974645161290327e-06	9.944741935483875e-06	9.953580645161294e-06	9.98345161290323e-06	9.997580645161293e-06	9.999935483870972e-06	9.986645161290325e-06	9.959451612903231e-06	9.948935483870972e-06	9.966419354838712e-06	9.990225806451617e-06	1.0000000000000004e-05	1.0000000000000004e-05	9.993580645161295e-06	9.969387096774198e-06	9.951612903225812e-06
800	1e-05	1e-05	9.997464285714286e-06	9.973142857142856e-06	9.930535714285713e-06	9.925250000000001e-06	9.947357142857148e-06	9.9355e-06	9.92560714285714e-06	9.943500000000002e-06	9.936214285714286e-06	9.925178571428575e-06	9.955678571428575e-06	9.990285714285714e-06	1e-05	1e-05	9.991428571428573e-06	9.964642857142862e-06	9.946428571428576e-06
900	1.0000000000000004e-05	1.0000000000000004e-05	1.0000000000000004e-05	1.0000000000000004e-05	1.0000000000000004e-05	1.0000000000000004e-05	1.0000000000000004e-05	1.0000000000000004e-05	1.0000000000000004e-05	1.0000000000000004e-05	1.0000000000000004e-05	1.0000000000000004e-05	1.0000000000000004e-05	1.0000000000000004e-05	1.0000000000000004e-05	1.0000000000000004e-05	1.0000000000000004e-05	1.0000000000000004e-05	1.0000000000000004e-05
1000	9.906896551724142e-06	9.908620689655174e-06	9.931275862068967e-06	9.934000000000002e-06	9.85879310344828e-06	9.82655172413793e-06	9.903827586206899e-06	9.946241379310346e-06	9.929862068965516e-06	9.943724137931037e-06	9.98193103448276e-06	1.0000000000000003e-05	1.0000000000000003e-05	1.0000000000000003e-05	1.0000000000000003e-05	1.0000000000000003e-05	1.0000000000000003e-05	1.0000000000000003e-05	1.0000000000000003e-05
1100	9.99354838709678e-06	9.992354838709683e-06	9.99300000000001e-06	9.994612903225815e-06	9.97203225806452e-06	9.921935483870974e-06	9.865483870967744e-06	9.824774193548389e-06	9.858322580645165e-06	9.946000000000004e-06	9.994064516129035e-06	1.0000000000000004e-05	1.0000000000000004e-05	1.0000000000000004e-05	9.999677419354844e-06	9.998064516129042e-06	9.994838709677426e-06	9.993225806451622e-06	9.99354838709678e-06
1200	1.0000000000000003e-05	1.0000000000000003e-05	1.0000000000000003e-05	1.0000000000000003e-05	1.0000000000000003e-05	1.0000000000000003e-05	1.0000000000000003e-05	1.0000000000000003e-05	1.0000000000000003e-05	1.0000000000000003e-05	1.0000000000000003e-05	1.0000000000000003e-05	1.0000000000000003e-05	1.0000000000000003e-05	9.998333333333339e-06	9.996666666666672e-06	9.998333333333337e-06	1.0000000000000003e-05	1.0000000000000003e-05
1300	9.931250000000003e-06	9.938875000000004e-06	9.965750000000007e-06	9.992500000000003e-06	1.0000000000000004e-05	1.0000000000000004e-05	1.0000000000000004e-05	1.0000000000000004e-05	1.0000000000000004e-05	1.0000000000000004e-05	1.0000000000000004e-05	1.0000000000000004e-05	1.0000000000000004e-05	1.0000000000000004e-05	1.0000000000000004e-05	1.0000000000000004e-05	1.0000000000000004e-05	1.0000000000000004e-05	1.0000000000000004e-05
1400	9.767741935483875e-06	9.763612903225806e-06	9.776000000000003e-06	9.82187096774194e-06	9.844774193548394e-06	9.83480645161291e-06	9.826870967741943e-06	9.816903225806453e-06	9.83761290322581e-06	9.899322580645167e-06	9.958483870967747e-06	9.990677419354844e-06	9.985774193548393e-06	9.948580645161293e-06	9.92677419354839e-06	9.952419354838714e-06	9.980000000000004e-06	9.97583870967742e-06	9.967741935483871e-06
1500	9.765625000000004e-06	9.755500000000002e-06	9.755625000000002e-06	9.817968750000003e-06	9.904031250000003e-06	9.966718750000004e-06	9.997718750000004e-06	1.0000000000000004e-05	1.0000000000000004e-05	1.0000000000000004e-05	1.0000000000000004e-05	1.0000000000000004e-05	9.992625000000007e-06	9.956906250000005e-06	9.922625000000004e-06	9.937718750000001e-06	9.950875000000002e-06	9.924625000000002e-06	9.906250000000002e-06
1600	9.970967741935486e-06	9.970967741935486e-06	9.972322580645168e-06	9.977548387096781e-06	9.986225806451622e-06	9.993193548387106e-06	9.993935483870973e-06	9.992516129032268e-06	9.995161290322586e-06	9.998903225806454e-06	1.0000000000000004e-05	1.0000000000000004e-05	9.99932258064517e-06	9.995709677419363e-06	9.990774193548394e-06	9.989548387096782e-06	9.98964516129033e-06	9.988032258064523e-06	9.987096774193556e-06
1700	1.0000000000000004e-05	9.998575757575759e-06	9.997060606060609e-06	9.996969696969698e-06	9.996969696969698e-06	9.998393939393943e-06	9.999909090909094e-06	1.0000000000000004e-05	1.0000000000000004e-05	1.0000000000000004e-05	1.0000000000000004e-05	1.0000000000000004e-05	1.0000000000000004e-05	1.0000000000000004e-05	1.0000000000000004e-05	1.0000000000000004e-05	1.0000000000000004e-05	1.0000000000000004e-05	1.0000000000000004e-05
1800	1.0000000000000004e-05	1.0000000000000004e-05	1.0000000000000004e-05	1.0000000000000004e-05	1.0000000000000004e-05	1.0000000000000004e-05	1.0000000000000004e-05	1.0000000000000004e-05	1.0000000000000004e-05	1.0000000000000004e-05	1.0000000000000004e-05	1.0000000000000004e-05	1.0000000000000004e-05	1.0000000000000004e-05	1.0000000000000004e-05	1.0000000000000004e-05	1.0000000000000004e-05	1.0000000000000004e-05	1.0000000000000004e-05
1900	1.0000000000000004e-05	1.0000000000000004e-05	9.999375000000006e-06	9.968625000000005e-06	9.887562500000006e-06	9.795687500000006e-06	9.774750000000002e-06	9.850406250000005e-06	9.926375000000004e-06	9.917906250000006e-06	9.869750000000007e-06	9.880968750000004e-06	9.927718750000003e-06	9.900187500000005e-06	9.831937500000002e-06	9.808375000000004e-06	9.818156250000004e-06	9.852531250000003e-06	9.878125000000005e-06
2000	1.0000000000000004e-05	1.0000000000000004e-05	9.999843750000002e-06	9.995000000000007e-06	9.951687500000006e-06	9.879843750000006e-06	9.848093750000006e-06	9.868937500000002e-06	9.925500000000005e-06	9.981218750000005e-06	9.999875000000004e-06	1.0000000000000004e-05	1.0000000000000004e-05	1.0000000000000004e-05	1.0000000000000004e-05	1.0000000000000004e-05	9.999093750000005e-06	9.992843750000007e-06	9.987500000000007e-06
2100	9.937500000000003e-06	9.950156250000007e-06	9.980406250000002e-06	9.999000000000004e-06	9.999218750000005e-06	9.970593750000005e-06	9.895937500000004e-06	9.853375000000003e-06	9.905031250000003e-06	9.976031250000003e-06	9.999812500000003e-06	1.0000000000000004e-05	1.0000000000000004e-05	9.999625000000005e-06	9.996500000000008e-06	9.994125000000008e-06	9.992906250000004e-06	9.975343750000007e-06	9.959375000000007e-06
2200	9.939393939393946e-06	9.949939393939399e-06	9.972333333333338e-06	9.96954545454546e-06	9.946818181818189e-06	9.940090909090912e-06	9.914818181818188e-06	9.882696969696974e-06	9.911515151515156e-06	9.9499393939394e-06	9.939090909090915e-06	9.904606060606063e-06	9.847393939393942e-06	9.797939393939396e-06	9.81318181818182e-06	9.872333333333337e-06	9.914454545454551e-06	9.921303030303038e-06	9.918181818181827e-06
2300	9.94193548387097e-06	9.95170967741936e-06	9.962935483870973e-06	9.943387096774197e-06	9.926129032258068e-06	9.931967741935487e-06	9.893612903225813e-06	9.848967741935486e-06	9.896709677419359e-06	9.973709677419359e-06	9.998516129032266e-06	9.995709677419364e-06	9.986774193548393e-06	9.978903225806458e-06	9.980032258064522e-06	9.985774193548393e-06	9.990354838709684e-06	9.991064516129038e-06	9.990322580645168e-06
2400	9.996875000000004e-06	9.997531250000004e-06	9.999093750000005e-06	9.999343750000002e-06	9.997781250000003e-06	9.996218750000006e-06	9.99465625000001e-06	9.995062500000008e-06	9.998187500000004e-06	1.0000000000000004e-05	1.0000000000000004e-05	9.999343750000002e-06	9.997781250000003e-06	9.997531250000004e-06	9.999093750000005e-06	1.0000000000000004e-05	1.0000000000000004e-05	1.0000000000000004e-05	1.0000000000000004e-05
2500	9.848484848484852e-06	9.853030303030305e-06	9.82566666666667e-06	9.755393939393944e-06	9.745939393939395e-06	9.812818181818186e-06	9.868333333333337e-06	9.905939393939399e-06	9.930909090909097e-06	9.9179393939394e-06	9.896606060606067e-06	9.898333333333338e-06	9.920363636363642e-06	9.950151515151526e-06	9.966878787878795e-06	9.977484848484857e-06	9.985181818181823e-06	9.986969696969702e-06	9.987878787878793e-06
2600	1.0000000000000003e-05	9.999633333333338e-06	9.993500000000002e-06	9.985900000000005e-06	9.989833333333337e-06	9.997800000000003e-06	1.0000000000000003e-05	1.0000000000000003e-05	1.0000000000000003e-05	1.0000000000000003e-05	1.0000000000000003e-05	1.0000000000000003e-05	1.0000000000000003e-05	1.0000000000000003e-05	1.0000000000000003e-05	1.0000000000000003e-05	9.998466666666671e-06	9.99513333333334e-06	9.99333333333334e-06
2700	1.0000000000000003e-05	1.0000000000000003e-05	1.0000000000000003e-05	1.0000000000000003e-05	1.0000000000000003e-05	1.0000000000000003e-05	1.0000000000000003e-05	1.0000000000000003e-05	1.0000000000000003e-05	1.0000000000000003e-05	1.0000000000000003e-05	1.0000000000000003e-05	1.0000000000000003e-05	1.0000000000000003e-05	1.0000000000000003e-05	1.0000000000000003e-05	1.0000000000000003e-05	1.0000000000000003e-05	1.0000000000000003e-05
2800	9.931250000000003e-06	9.926531250000004e-06	9.937437500000005e-06	9.974718750000004e-06	9.998187500000004e-06	1.0000000000000004e-05	9.997125000000006e-06	9.990812500000007e-06	9.974968750000006e-06	9.918468750000001e-06	9.866375000000003e-06	9.902437500000001e-06	9.961062500000006e-06	9.971343750000005e-06	9.975125000000002e-06	9.989875000000004e-06	9.996500000000003e-06	9.996656250000004e-06	9.996875000000004e-06
2900	1.0000000000000004e-05	9.998935483870974e-06	9.977064516129038e-06	9.936548387096774e-06	9.93512903225807e-06	9.96729032258065e-06	9.93877419354839e-06	9.86651612903226e-06	9.877741935483874e-06	9.943000000000001e-06	9.94970967741936e-06	9.935645161290325e-06	9.960290322580649e-06	9.990774193548392e-06	9.998903225806458e-06	9.987741935483875e-06	9.95096774193549e-06	9.910516129032262e-06	9.896774193548391e-06
3000	1.0000000000000004e-05	1.0000000000000004e-05	1.0000000000000004e-05	1.0000000000000004e-05	1.0000000000000004e-05	1.0000000000000004e-05	1.0000000000000004e-05	1.0000000000000004e-05	1.0000000000000004e-05	1.0000000000000004e-05	1.0000000000000004e-05	1.0000000000000004e-05	1.0000000000000004e-05	9.987812500000005e-06	9.926250000000007e-06	9.844406250000002e-06	9.829937500000005e-06	9.858343750000005e-06	9.868750000000006e-06
3100	1.0000000000000003e-05	1.0000000000000003e-05	1.0000000000000003e-05	1.0000000000000003e-05	1.0000000000000003e-05	9.999666666666672e-06	9.992166666666672e-06	9.979500000000005e-06	9.981166666666672e-06	9.994166666666668e-06	1.0000000000000003e-05	1.0000000000000003e-05	9.998733333333338e-06	9.985333333333338e-06	9.92086666666667e-06	9.837166666666666e-06	9.822900000000002e-06	9.841666666666671e-06	9.843333333333338e-06
3200	1.0000000000000004e-05	1.0000000000000004e-05	1.0000000000000004e-05	1.0000000000000004e-05	1.0000000000000004e-05	9.995709677419363e-06	9.984677419354843e-06	9.978741935483877e-06	9.986290322580649e-06	9.996516129032263e-06	1.0000000000000004e-05	1.0000000000000004e-05	1.0000000000000004e-05	9.998645161290333e-06	9.984645161290327e-06	9.959161290322585e-06	9.948580645161293e-06	9.951225806451616e-06	9.951612903225812e-06
3300	9.921212121212128e-06	9.916151515151521e-06	9.929969696969702e-06	9.972121212121217e-06	9.997696969696974e-06	9.998969696969702e-06	9.970909090909098e-06	9.893333333333337e-06	9.852484848484854e-06	9.91375757575758e-06	9.98266666666667e-06	1.0000000000000004e-05	1.0000000000000004e-05	9.991636363636372e-06	9.947666666666675e-06	9.867666666666672e-06	9.824000000000005e-06	9.826000000000004e-06	9.82727272727273e-06
3400	1.0000000000000003e-05	1.0000000000000003e-05	1.0000000000000003e-05	1.0000000000000003e-05	1.0000000000000003e-05	1.0000000000000003e-05	1.0000000000000003e-05	1.0000000000000003e-05	1.0000000000000003e-05	1.0000000000000003e-05	1.0000000000000003e-05	1.0000000000000003e-05	1.0000000000000003e-05	1.0000000000000003e-05	1.0000000000000003e-05	1.0000000000000003e-05	1.0000000000000003e-05	1.0000000000000003e-05	1.0000000000000003e-05
3500	9.930303030303036e-06	9.930727272727277e-06	9.950545454545461e-06	9.98363636363637e-06	9.99866666666667e-06	1.0000000000000004e-05	9.997787878787884e-06	9.991060606060614e-06	9.987909090909098e-06	9.993454545454548e-06	9.995363636363644e-06	9.99233333333334e-06	9.994696969696974e-06	9.998909090909095e-06	1.0000000000000004e-05	1.0000000000000004e-05	1.0000000000000004e-05	1.0000000000000004e-05	1.0000000000000004e-05
3600	9.98666666666667e-06	9.98666666666667e-06	9.98756666666667e-06	9.963400000000004e-06	9.91133333333334e-06	9.882133333333335e-06	9.876000000000002e-06	9.825433333333336e-06	9.784366666666667e-06	9.863900000000006e-06	9.950733333333336e-06	9.938633333333335e-06	9.921533333333338e-06	9.956266666666672e-06	9.989900000000006e-06	9.99746666666667e-06	9.999133333333337e-06	1.0000000000000003e-05	1.0000000000000003e-05
3700	9.909677419354841e-06	9.913483870967748e-06	9.934774193548391e-06	9.943709677419359e-06	9.892161290322582e-06	9.79977419354839e-06	9.710354838709678e-06	9.668741935483871e-06	9.729258064516132e-06	9.865838709677422e-06	9.946677419354844e-06	9.932903225806457e-06	9.92793548387097e-06	9.948387096774198e-06	9.928806451612909e-06	9.902870967741938e-06	9.93145161290323e-06	9.975709677419361e-06	9.99032258064517e-06
3800	9.873333333333336e-06	9.888300000000002e-06	9.934766666666668e-06	9.958733333333335e-06	9.903133333333334e-06	9.81156666666667e-06	9.716900000000003e-06	9.679733333333337e-06	9.77266666666667e-06	9.895933333333336e-06	9.944833333333335e-06	9.940400000000002e-06	9.947000000000005e-06	9.955233333333338e-06	9.909666666666666e-06	9.876733333333335e-06	9.920000000000003e-06	9.969000000000004e-06	9.980000000000004e-06
3900	9.858620689655175e-06	9.874931034482761e-06	9.93324137931035e-06	9.98741379310345e-06	9.998068965517245e-06	9.99662068965518e-06	9.992586206896556e-06	9.960724137931035e-06	9.887241379310345e-06	9.856137931034484e-06	9.922034482758623e-06	9.98479310344828e-06	9.995310344827589e-06	9.993172413793106e-06	9.988551724137939e-06	9.987931034482767e-06	9.99537931034483e-06	1.0000000000000003e-05	1.0000000000000003e-05
4000	1e-05	1e-05	1e-05	1e-05	1e-05	1e-05	1e-05	1e-05	9.99346428571429e-06	9.968535714285715e-06	9.947678571428573e-06	9.963607142857143e-06	9.988464285714289e-06	9.977892857142858e-06	9.949428571428574e-06	9.952857142857145e-06	9.981678571428575e-06	9.99782142857143e-06	1e-05
4100	1.0000000000000004e-05	1.0000000000000004e-05	9.994454545454552e-06	9.967212121212127e-06	9.930000000000003e-06	9.934484848484854e-06	9.975545454545458e-06	9.998303030303034e-06	9.985545454545462e-06	9.947696969696976e-06	9.926606060606067e-06	9.952303030303037e-06	9.98324242424243e-06	9.967363636363643e-06	9.902787878787883e-06	9.844424242424247e-06	9.813545454545459e-06	9.784787878787881e-06	9.76969696969697e-06
4200	1.0000000000000003e-05	1.0000000000000003e-05	9.998966666666674e-06	9.997300000000005e-06	9.997700000000003e-06	9.999366666666668e-06	1.0000000000000003e-05	1.0000000000000003e-05	1.0000000000000003e-05	1.0000000000000003e-05	1.0000000000000003e-05	1.0000000000000003e-05	1.0000000000000003e-05	1.0000000000000003e-05	1.0000000000000003e-05	9.999966666666669e-06	9.997266666666672e-06	9.993966666666675e-06	9.99333333333334e-06
4300	1.0000000000000003e-05	1.0000000000000003e-05	1.0000000000000003e-05	9.9908275862069e-06	9.96275862068966e-06	9.943172413793105e-06	9.96137931034483e-06	9.990137931034486e-06	9.987689655172416e-06	9.946965517241383e-06	9.90537931034483e-06	9.89396551724138e-06	9.915793103448276e-06	9.959206896551726e-06	9.96796551724138e-06	9.912586206896553e-06	9.839482758620692e-06	9.794965517241382e-06	9.782758620689658e-06
4400	1.0000000000000003e-05	9.990500000000005e-06	9.958133333333339e-06	9.902766666666668e-06	9.873400000000001e-06	9.912633333333336e-06	9.96846666666667e-06	9.994100000000003e-06	9.995833333333339e-06	9.979800000000006e-06	9.965633333333337e-06	9.963333333333335e-06	9.9675e-06	9.982800000000007e-06	9.991133333333337e-06	9.970433333333335e-06	9.936800000000005e-06	9.903866666666674e-06	9.886666666666675e-06
4500	1.0000000000000004e-05	1.0000000000000004e-05	1.0000000000000004e-05	9.998741935483878e-06	9.995451612903234e-06	9.993129032258071e-06	9.994870967741945e-06	9.99845161290323e-06	1.0000000000000004e-05	1.0000000000000004e-05	1.0000000000000004e-05	1.0000000000000004e-05	1.0000000000000004e-05	9.998741935483878e-06	9.995387096774202e-06	9.988935483870975e-06	9.982677419354845e-06	9.982322580645168e-06	9.983870967741943e-06
4600	9.996875000000004e-06	9.996875000000004e-06	9.998062500000006e-06	9.999625000000002e-06	1.0000000000000004e-05	1.0000000000000004e-05	1.0000000000000004e-05	1.0000000000000004e-05	9.998812500000006e-06	9.997250000000003e-06	9.998062500000006e-06	9.999625000000002e-06	1.0000000000000004e-05	1.0000000000000004e-05	1.0000000000000004e-05	1.0000000000000004e-05	9.998812500000006e-06	9.997250000000003e-06	9.996875000000004e-06
4700	9.983870967741943e-06	9.977129032258066e-06	9.95193548387097e-06	9.920935483870969e-06	9.916000000000005e-06	9.936967741935487e-06	9.958870967741939e-06	9.977000000000006e-06	9.992322580645164e-06	9.99903225806452e-06	1.0000000000000004e-05	1.0000000000000004e-05	1.0000000000000004e-05	1.0000000000000004e-05	9.994193548387102e-06	9.963935483870971e-06	9.926774193548392e-06	9.92154838709678e-06	9.929032258064522e-06
4800	9.983333333333335e-06	9.977433333333339e-06	9.939700000000002e-06	9.868066666666668e-06	9.824633333333334e-06	9.835900000000002e-06	9.883700000000002e-06	9.953400000000004e-06	9.990633333333337e-06	9.974533333333336e-06	9.94153333333334e-06	9.925933333333338e-06	9.944600000000005e-06	9.978800000000002e-06	9.987500000000002e-06	9.937800000000003e-06	9.85836666666667e-06	9.832133333333337e-06	9.843333333333338e-06
4900	9.965625e-06	9.955093750000004e-06	9.928562500000004e-06	9.917218750000004e-06	9.918343750000003e-06	9.921062500000003e-06	9.951062500000006e-06	9.987406250000002e-06	9.999406250000003e-06	9.997843750000002e-06	9.996875000000004e-06	9.996875000000004e-06	9.997468750000005e-06	9.999031250000003e-06	9.999406250000003e-06	9.997843750000002e-06	9.996875000000004e-06	9.996875000000004e-06	9.996875000000004e-06
5000	9.85161290322581e-06	9.852000000000003e-06	9.867741935483876e-06	9.906032258064522e-06	9.908483870967744e-06	9.865032258064515e-06	9.873290322580646e-06	9.93861290322581e-06	9.986354838709682e-06	1.0000000000000004e-05	1.0000000000000004e-05	1.0000000000000004e-05	1.0000000000000004e-05	1.0000000000000004e-05	1.0000000000000004e-05	1.0000000000000004e-05	1.0000000000000004e-05	1.0000000000000004e-05	1.0000000000000004e-05
5100	1.0000000000000004e-05	1.0000000000000004e-05	1.0000000000000004e-05	1.0000000000000004e-05	1.0000000000000004e-05	1.0000000000000004e-05	1.0000000000000004e-05	1.0000000000000004e-05	1.0000000000000004e-05	1.0000000000000004e-05	1.0000000000000004e-05	9.995677419354847e-06	9.978903225806456e-06	9.960935483870975e-06	9.944096774193551e-06	9.173161290322583e-06	7.861516129032259e-06	7.301516129032258e-06	7.293548387096775e-06
5200	9.921212121212128e-06	9.918575757575762e-06	9.925484848484853e-06	9.958939393939398e-06	9.991424242424246e-06	9.999000000000002e-06	9.997484848484851e-06	9.997969696969702e-06	9.999484848484852e-06	9.993909090909097e-06	9.965787878787884e-06	9.924393939393947e-06	9.905545454545459e-06	9.91042424242425e-06	9.89336363636364e-06	9.000333333333334e-06	6.646878787878788e-06	4.4794848484848494e-06	3.7939393939393954e-06
5300	9.887500000000005e-06	9.881437500000004e-06	9.878750000000003e-06	9.919937500000002e-06	9.958531250000005e-06	9.937937500000006e-06	9.925750000000006e-06	9.932093750000004e-06	9.917625000000001e-06	9.924156250000003e-06	9.942875000000003e-06	9.922281250000005e-06	9.899000000000003e-06	9.901656250000004e-06	9.893625000000005e-06	8.1785625e-06	4.812937500000001e-06	2.1685312500000006e-06	1.1874999999999999e-06
5400	9.9e-06	9.897000000000002e-06	9.900533333333335e-06	9.934900000000005e-06	9.960666666666671e-06	9.936500000000002e-06	9.926233333333335e-06	9.941800000000004e-06	9.930966666666669e-06	9.924133333333336e-06	9.930866666666672e-06	9.915666666666667e-06	9.900266666666667e-06	9.901033333333334e-06	9.87726666666667e-06	8.581533333333332e-06	5.967766666666668e-06	3.578666666666667e-06	2.5333333333333338e-06
5500	9.906451612903227e-06	9.904580645161291e-06	9.906838709677423e-06	9.93809677419355e-06	9.962354838709684e-06	9.936967741935489e-06	9.924612903225809e-06	9.93367741935484e-06	9.922225806451615e-06	9.932935483870971e-06	9.951645161290328e-06	9.902612903225811e-06	9.816677419354842e-06	9.764903225806453e-06	9.762516129032256e-06	9.199870967741935e-06	8.181387096774192e-06	7.70816129032258e-06	7.680645161290324e-06
5600	1.0000000000000003e-05	9.998241379310352e-06	9.99306896551725e-06	9.989793103448283e-06	9.993241379310351e-06	9.998103448275865e-06	9.998103448275867e-06	9.989586206896557e-06	9.975793103448277e-06	9.972620689655174e-06	9.98124137931035e-06	9.985517241379314e-06	9.978620689655177e-06	9.966344827586208e-06	9.959448275862071e-06	9.663586206896556e-06	9.322206896551727e-06	9.275862068965519e-06	9.275862068965519e-06
5700	9.953125000000005e-06	9.959375000000005e-06	9.978406250000006e-06	9.99246875000001e-06	9.994687500000009e-06	9.997812500000002e-06	1.0000000000000004e-05	9.993750000000002e-06	9.972875000000007e-06	9.955531250000007e-06	9.964187500000003e-06	9.983250000000005e-06	9.994187500000006e-06	9.998718750000004e-06	1.0000000000000004e-05	1.0000000000000004e-05	1.0000000000000004e-05	1.0000000000000004e-05	1.0000000000000004e-05
5800	1.0000000000000003e-05	1.0000000000000003e-05	9.997233333333342e-06	9.988566666666671e-06	9.976400000000003e-06	9.97006666666667e-06	9.977566666666673e-06	9.989566666666672e-06	9.995466666666673e-06	9.99846666666667e-06	1.0000000000000003e-05	1.0000000000000003e-05	1.0000000000000003e-05	1.0000000000000003e-05	1.0000000000000003e-05	1.0000000000000003e-05	1.0000000000000003e-05	1.0000000000000003e-05	1.0000000000000003e-05
5900	9.996774193548395e-06	9.98977419354839e-06	9.979193548387103e-06	9.979322580645168e-06	9.985064516129039e-06	9.98990322580646e-06	9.994741935483878e-06	9.998161290322584e-06	9.99977419354839e-06	1.0000000000000004e-05	9.999290322580652e-06	9.996967741935494e-06	9.995161290322588e-06	9.99448387096775e-06	9.993774193548395e-06	9.785967741935488e-06	9.46661290322581e-06	9.354838709677422e-06	9.354838709677422e-06
6000	1.0000000000000003e-05	1.0000000000000003e-05	1.0000000000000003e-05	1.0000000000000003e-05	1.0000000000000003e-05	1.0000000000000003e-05	1.0000000000000003e-05	1.0000000000000003e-05	9.99996551724138e-06	9.99824137931035e-06	9.996586206896558e-06	9.99831034482759e-06	1.0000000000000003e-05	9.99841379310345e-06	9.952551724137933e-06	9.592275862068967e-06	7.821758620689657e-06	5.7267241379310336e-06	5.0862068965517235e-06
6100	9.916129032258068e-06	9.881129032258068e-06	9.791548387096778e-06	9.741677419354839e-06	9.764419354838713e-06	9.806580645161293e-06	9.872806451612907e-06	9.947483870967746e-06	9.98780645161291e-06	9.981548387096776e-06	9.95361290322581e-06	9.952193548387101e-06	9.980096774193557e-06	9.992774193548391e-06	9.953483870967746e-06	9.39858064516129e-06	7.5014838709677405e-06	5.454903225806452e-06	4.78709677419355e-06
6200	9.950000000000005e-06	9.937468750000002e-06	9.880406250000003e-06	9.827218750000004e-06	9.846656250000004e-06	9.892468750000002e-06	9.930593750000004e-06	9.970531250000004e-06	9.993687500000008e-06	9.989437500000009e-06	9.972906250000006e-06	9.969468750000005e-06	9.979750000000006e-06	9.974468750000004e-06	9.929656250000005e-06	9.579593750000004e-06	8.272937500000003e-06	6.7503125000000004e-06	6.218750000000001e-06
6300	9.947058823529416e-06	9.923176470588242e-06	9.876117647058828e-06	9.876852941176476e-06	9.939205882352949e-06	9.9789705882353e-06	9.955294117647065e-06	9.925823529411769e-06	9.94552941176471e-06	9.982558823529418e-06	9.996235294117654e-06	9.997058823529419e-06	9.987176470588242e-06	9.956088235294123e-06	9.92676470588236e-06	9.938941176470593e-06	9.97311764705883e-06	9.986147058823537e-06	9.985294117647067e-06
6400	9.981818181818188e-06	9.979666666666675e-06	9.968757575757582e-06	9.963181818181827e-06	9.971333333333339e-06	9.97754545454546e-06	9.98184848484849e-06	9.987181818181826e-06	9.992969696969698e-06	9.996333333333338e-06	9.994303030303034e-06	9.99357575757576e-06	9.995333333333337e-06	9.993181818181822e-06	9.983818181818187e-06	9.937333333333337e-06	9.6149393939394e-06	9.211666666666669e-06	9.090909090909093e-06
6500	1.0000000000000004e-05	1.0000000000000004e-05	1.0000000000000004e-05	1.0000000000000004e-05	1.0000000000000004e-05	1.0000000000000004e-05	1.0000000000000004e-05	1.0000000000000004e-05	1.0000000000000004e-05	1.0000000000000004e-05	1.0000000000000004e-05	1.0000000000000004e-05	1.0000000000000004e-05	1.0000000000000004e-05	1.0000000000000004e-05	1.0000000000000004e-05	1.0000000000000004e-05	1.0000000000000004e-05	1.0000000000000004e-05
6600	1.0000000000000004e-05	1.0000000000000004e-05	1.0000000000000004e-05	1.0000000000000004e-05	1.0000000000000004e-05	1.0000000000000004e-05	1.0000000000000004e-05	9.999032258064525e-06	9.995806451612912e-06	9.994516129032264e-06	9.997741935483875e-06	9.999032258064525e-06	9.995806451612912e-06	9.994516129032264e-06	9.997741935483875e-06	1.0000000000000004e-05	1.0000000000000004e-05	1.0000000000000004e-05	1.0000000000000004e-05
6700	9.906666666666668e-06	9.920800000000005e-06	9.962200000000004e-06	9.986700000000006e-06	9.951700000000002e-06	9.906000000000003e-06	9.923200000000004e-06	9.975333333333338e-06	9.983100000000003e-06	9.947166666666669e-06	9.92776666666667e-06	9.952866666666671e-06	9.987566666666669e-06	1.0000000000000003e-05	1.0000000000000003e-05	1.0000000000000003e-05	1.0000000000000003e-05	1.0000000000000003e-05	1.0000000000000003e-05
6800	9.865517241379313e-06	9.891655172413794e-06	9.95189655172414e-06	9.99186206896552e-06	9.976551724137931e-06	9.931827586206897e-06	9.926448275862073e-06	9.969275862068967e-06	9.979827586206901e-06	9.939965517241381e-06	9.924241379310347e-06	9.960068965517246e-06	9.992103448275864e-06	9.978586206896554e-06	9.919586206896553e-06	9.872827586206898e-06	9.900206896551727e-06	9.952034482758622e-06	9.96896551724138e-06
6900	9.768750000000004e-06	9.786562500000003e-06	9.859593750000003e-06	9.941656250000005e-06	9.953375000000004e-06	9.927312500000003e-06	9.939062500000007e-06	9.972593750000006e-06	9.959375000000005e-06	9.912750000000004e-06	9.902437500000003e-06	9.944281250000004e-06	9.986937500000004e-06	9.998906250000006e-06	9.993531250000006e-06	9.98525e-06	9.983500000000005e-06	9.989750000000009e-06	9.993750000000009e-06
7000	9.793333333333335e-06	9.80566666666667e-06	9.872333333333337e-06	9.950366666666669e-06	9.956300000000002e-06	9.916000000000005e-06	9.888933333333336e-06	9.892400000000002e-06	9.93206666666667e-06	9.980900000000001e-06	9.976633333333337e-06	9.935200000000003e-06	9.92986666666667e-06	9.963833333333336e-06	9.98223333333334e-06	9.964933333333339e-06	9.935933333333334e-06	9.931666666666667e-06	9.940000000000001e-06
7100	9.66333333333333e-06	9.653166666666666e-06	9.6498e-06	9.729366666666667e-06	9.84706666666667e-06	9.876333333333336e-06	9.830633333333335e-06	9.809133333333337e-06	9.865300000000004e-06	9.954000000000005e-06	9.98416666666667e-06	9.944533333333333e-06	9.918533333333338e-06	9.888600000000006e-06	9.80666666666667e-06	9.793066666666666e-06	9.888400000000002e-06	9.974033333333337e-06	1.0000000000000003e-05
7200	1.0000000000000004e-05	1.0000000000000004e-05	1.0000000000000004e-05	1.0000000000000004e-05	1.0000000000000004e-05	9.998187500000006e-06	9.995062500000008e-06	9.995562500000007e-06	9.998687500000004e-06	1.0000000000000004e-05	1.0000000000000004e-05	1.0000000000000004e-05	1.0000000000000004e-05	9.997281250000002e-06	9.992593750000001e-06	9.992437500000004e-06	9.995562500000002e-06	9.996875000000004e-06	9.996875000000004e-06
7300	1.0000000000000004e-05	1.0000000000000004e-05	1.0000000000000004e-05	1.0000000000000004e-05	1.0000000000000004e-05	1.0000000000000004e-05	1.0000000000000004e-05	1.0000000000000004e-05	1.0000000000000004e-05	1.0000000000000004e-05	1.0000000000000004e-05	1.0000000000000004e-05	9.999677419354844e-06	9.9923870967742e-06	9.984483870967748e-06	9.983451612903231e-06	9.984096774193556e-06	9.989193548387106e-06	9.99354838709678e-06
7400	9.950000000000003e-06	9.95316666666667e-06	9.951566666666668e-06	9.939533333333335e-06	9.9175e-06	9.872700000000001e-06	9.78996666666667e-06	9.7401e-06	9.813666666666667e-06	9.926733333333338e-06	9.960666666666668e-06	9.939400000000002e-06	9.939133333333338e-06	9.97096666666667e-06	9.995100000000004e-06	1.0000000000000003e-05	9.998500000000008e-06	9.996833333333339e-06	9.996666666666672e-06
7500	9.813793103448281e-06	9.818827586206899e-06	9.831275862068965e-06	9.850068965517244e-06	9.883551724137934e-06	9.863827586206897e-06	9.660517241379311e-06	9.515862068965518e-06	9.699620689655172e-06	9.918689655172418e-06	9.973310344827591e-06	9.96327586206897e-06	9.939241379310346e-06	9.892241379310348e-06	9.835241379310348e-06	9.838827586206898e-06	9.897482758620692e-06	9.94827586206897e-06	9.965517241379316e-06
7600	9.586666666666667e-06	9.604200000000002e-06	9.6769e-06	9.798600000000001e-06	9.91726666666667e-06	9.984700000000003e-06	1.0000000000000003e-05	1.0000000000000003e-05	9.999633333333338e-06	9.989100000000006e-06	9.949033333333338e-06	9.901433333333335e-06	9.903800000000003e-06	9.948400000000003e-06	9.974800000000003e-06	9.977066666666671e-06	9.984266666666669e-06	9.993866666666673e-06	9.996666666666672e-06
7700	6.315624999999998e-06	7.190187499999998e-06	8.90725e-06	9.802625000000003e-06	9.885312500000003e-06	9.943156250000005e-06	9.982406250000007e-06	9.982718750000007e-06	9.968187500000003e-06	9.966375000000007e-06	9.946781250000005e-06	9.898375000000005e-06	9.891750000000006e-06	9.948812500000005e-06	9.987968750000003e-06	9.964156250000004e-06	9.920406250000001e-06	9.901468750000001e-06	9.9e-06
7800	7.020689655172417e-06	7.716517241379312e-06	9.069827586206893e-06	9.75048275862069e-06	9.819413793103449e-06	9.899068965517245e-06	9.955965517241384e-06	9.989241379310347e-06	9.999758620689659e-06	9.987344827586211e-06	9.929689655172416e-06	9.840241379310344e-06	9.809551724137932e-06	9.876413793103452e-06	9.96037931034483e-06	9.9876551724138e-06	9.95186206896552e-06	9.897758620689656e-06	9.875862068965517e-06
7900	6.479999999999997e-06	7.439699999999998e-06	9.058766666666669e-06	9.756633333333334e-06	9.853633333333335e-06	9.92716666666667e-06	9.95456666666667e-06	9.972900000000007e-06	9.98483333333334e-06	9.980400000000004e-06	9.937200000000004e-06	9.884866666666669e-06	9.861900000000003e-06	9.872300000000002e-06	9.906800000000003e-06	9.947100000000005e-06	9.971066666666672e-06	9.964366666666672e-06	9.953333333333337e-06
8000	6.384848484848486e-06	7.295878787878788e-06	8.925e-06	9.689606060606062e-06	9.80166666666667e-06	9.892484848484857e-06	9.914666666666673e-06	9.92636363636364e-06	9.965515151515157e-06	9.98472727272728e-06	9.936151515151523e-06	9.858666666666671e-06	9.834818181818186e-06	9.86984848484849e-06	9.91075757575758e-06	9.945818181818185e-06	9.958757575757582e-06	9.927878787878797e-06	9.90303030303031e-06
8100	5.548387096774192e-06	6.849774193548386e-06	8.895e-06	9.702967741935483e-06	9.827838709677425e-06	9.919903225806454e-06	9.954225806451616e-06	9.97080645161291e-06	9.987258064516138e-06	9.967129032258066e-06	9.912451612903232e-06	9.857967741935487e-06	9.849580645161293e-06	9.881064516129034e-06	9.895225806451615e-06	9.911645161290326e-06	9.942096774193552e-06	9.94274193548388e-06	9.932258064516135e-06
8200	9.996551724137936e-06	9.996551724137936e-06	9.996551724137936e-06	9.996344827586212e-06	9.994620689655173e-06	9.993517241379314e-06	9.996965517241381e-06	9.999793103448277e-06	9.998068965517245e-06	9.996758620689661e-06	9.998482758620693e-06	9.999793103448277e-06	9.998068965517245e-06	9.996344827586212e-06	9.994620689655173e-06	9.993310344827586e-06	9.995034482758625e-06	9.996551724137936e-06	9.996551724137936e-06
8300	1.0000000000000004e-05	1.0000000000000004e-05	1.0000000000000004e-05	1.0000000000000004e-05	1.0000000000000004e-05	9.999812500000003e-06	9.996843750000007e-06	9.991218750000008e-06	9.987937500000007e-06	9.990375000000005e-06	9.991968750000005e-06	9.968156250000006e-06	9.920250000000004e-06	9.870250000000003e-06	9.834843750000002e-06	9.854656250000004e-06	9.880687500000004e-06	9.844312500000006e-06	9.812500000000003e-06
8400	9.933333333333337e-06	9.887533333333337e-06	9.784800000000002e-06	9.755066666666667e-06	9.814666666666668e-06	9.860366666666668e-06	9.903166666666672e-06	9.95336666666667e-06	9.98036666666667e-06	9.989133333333339e-06	9.992466666666675e-06	9.992100000000006e-06	9.989233333333336e-06	9.98266666666667e-06	9.975433333333336e-06	9.97923333333334e-06	9.983900000000006e-06	9.971233333333339e-06	9.960000000000006e-06
8500	9.840625000000002e-06	9.822625000000005e-06	9.780625000000003e-06	9.771375000000003e-06	9.807750000000003e-06	9.861812500000004e-06	9.917843750000005e-06	9.963781250000007e-06	9.993062500000005e-06	1.0000000000000004e-05	9.999781250000002e-06	9.997187500000009e-06	9.990875000000006e-06	9.986687500000008e-06	9.990593750000007e-06	9.997375000000005e-06	1.0000000000000004e-05	1.0000000000000004e-05	1.0000000000000004e-05
8600	9.839393939393943e-06	9.83118181818182e-06	9.795212121212124e-06	9.778484848484852e-06	9.809515151515156e-06	9.8529393939394e-06	9.913303030303034e-06	9.969878787878794e-06	9.994757575757582e-06	1.0000000000000004e-05	1.0000000000000004e-05	1.0000000000000004e-05	1.0000000000000004e-05	1.0000000000000004e-05	1.0000000000000004e-05	1.0000000000000004e-05	9.990363636363643e-06	9.96612121212122e-06	9.951515151515157e-06
8700	9.865517241379313e-06	9.859137931034482e-06	9.839689655172414e-06	9.828275862068963e-06	9.854241379310348e-06	9.923310344827588e-06	9.984034482758623e-06	1.0000000000000003e-05	1.0000000000000003e-05	1.0000000000000003e-05	1.0000000000000003e-05	1.0000000000000003e-05	1.0000000000000003e-05	1.0000000000000003e-05	1.0000000000000003e-05	1.0000000000000003e-05	1.0000000000000003e-05	1.0000000000000003e-05	1.0000000000000003e-05
8800	1.0000000000000003e-05	1.0000000000000003e-05	1.0000000000000003e-05	1.0000000000000003e-05	1.0000000000000003e-05	1.0000000000000003e-05	1.0000000000000003e-05	1.0000000000000003e-05	1.0000000000000003e-05	1.0000000000000003e-05	1.0000000000000003e-05	1.0000000000000003e-05	1.0000000000000003e-05	1.0000000000000003e-05	1.0000000000000003e-05	1.0000000000000003e-05	1.0000000000000003e-05	1.0000000000000003e-05	1.0000000000000003e-05
8900	9.968750000000009e-06	9.954875000000009e-06	9.920281250000004e-06	9.904281250000007e-06	9.891593750000003e-06	9.868093750000004e-06	9.902593750000005e-06	9.968718750000005e-06	9.997125000000005e-06	1.0000000000000004e-05	1.0000000000000004e-05	1.0000000000000004e-05	1.0000000000000004e-05	1.0000000000000004e-05	9.999843750000002e-06	9.987250000000007e-06	9.954406250000005e-06	9.926375000000005e-06	9.918750000000006e-06
9000	9.918750000000006e-06	9.925375000000005e-06	9.931281250000006e-06	9.904187500000003e-06	9.856375000000001e-06	9.837968750000003e-06	9.877187500000005e-06	9.931281250000005e-06	9.934031250000002e-06	9.919968750000004e-06	9.852500000000004e-06	8.578218750000002e-06	7.0378125e-06	7.895531249999998e-06	9.4915625e-06	9.886406250000003e-06	9.858750000000003e-06	9.823062500000002e-06	9.806250000000001e-06
9100	9.912903225806456e-06	9.925483870967746e-06	9.943741935483878e-06	9.89925806451613e-06	9.79758064516129e-06	9.757000000000002e-06	9.828032258064519e-06	9.919741935483876e-06	9.936387096774195e-06	9.926516129032262e-06	9.898064516129038e-06	8.265806451612905e-06	5.986354838709677e-06	6.884096774193548e-06	9.181451612903228e-06	9.876774193548393e-06	9.794322580645164e-06	9.69351612903226e-06	9.651612903225808e-06
9200	9.918750000000006e-06	9.930343750000005e-06	9.943906250000005e-06	9.892656250000003e-06	9.794781250000002e-06	9.753625000000003e-06	9.783687500000003e-06	9.824968750000003e-06	9.831312500000004e-06	9.831562500000003e-06	9.739718750000004e-06	7.736750000000002e-06	5.406843749999999e-06	6.894656250000002e-06	9.363250000000002e-06	9.878718750000004e-06	9.794406250000004e-06	9.725562500000003e-06	9.703125000000004e-06
9300	9.935483870967745e-06	9.94477419354839e-06	9.957225806451616e-06	9.914548387096775e-06	9.835806451612905e-06	9.788161290322581e-06	9.79525806451613e-06	9.853258064516134e-06	9.883000000000002e-06	9.8661935483871e-06	9.755225806451615e-06	7.960483870967741e-06	5.884516129032257e-06	7.20925806451613e-06	9.412935483870971e-06	9.887709677419358e-06	9.835096774193553e-06	9.766935483870971e-06	9.729032258064517e-06
9400	1.6466666666666669e-06	2.863466666666667e-06	6.4624333333333336e-06	9.4016e-06	9.951233333333337e-06	9.926366666666669e-06	9.911833333333339e-06	9.927133333333335e-06	9.941633333333338e-06	9.953300000000002e-06	9.976900000000003e-06	9.995500000000003e-06	1.0000000000000003e-05	1.0000000000000003e-05	9.99853333333334e-06	9.996866666666672e-06	9.998133333333335e-06	9.999800000000004e-06	1.0000000000000003e-05
9500	2.603030303030304e-06	3.706333333333334e-06	6.91657575757576e-06	9.48645454545455e-06	9.91706060606061e-06	9.826363636363639e-06	9.759696969696972e-06	9.804606060606065e-06	9.91084848484849e-06	9.9819393939394e-06	1.0000000000000004e-05	1.0000000000000004e-05	1.0000000000000004e-05	1.0000000000000004e-05	1.0000000000000004e-05	1.0000000000000004e-05	1.0000000000000004e-05	1.0000000000000004e-05	1.0000000000000004e-05
9600	2.886666666666666e-06	3.7250999999999993e-06	6.774299999999999e-06	9.464433333333335e-06	9.911366666666668e-06	9.824800000000001e-06	9.764066666666667e-06	9.808066666666668e-06	9.911500000000003e-06	9.982166666666669e-06	1.0000000000000003e-05	1.0000000000000003e-05	1.0000000000000003e-05	1.0000000000000003e-05	1.0000000000000003e-05	1.0000000000000003e-05	1.0000000000000003e-05	1.0000000000000003e-05	1.0000000000000003e-05
9700	1.7575757575757573e-06	2.8137878787878786e-06	6.369575757575758e-06	9.411696969696971e-06	9.97557575757576e-06	9.986242424242428e-06	9.949060606060612e-06	9.914181818181825e-06	9.905787878787884e-06	9.91027272727273e-06	9.935666666666672e-06	9.96675757575758e-06	9.979393939393947e-06	9.97545454545455e-06	9.94415151515152e-06	9.902030303030309e-06	9.88787878787879e-06	9.903030303030306e-06	9.915151515151517e-06
9800	2.115625e-06	3.1034375000000007e-06	6.509531250000001e-06	9.437031250000002e-06	9.970218750000003e-06	9.997093750000004e-06	1.0000000000000004e-05	1.0000000000000004e-05	1.0000000000000004e-05	1.0000000000000004e-05	9.997375000000007e-06	9.990156250000003e-06	9.985968750000007e-06	9.987906250000009e-06	9.991656250000007e-06	9.996937500000005e-06	9.995000000000007e-06	9.976250000000006e-06	9.962500000000007e-06
9900	3.0218750000000006e-06	4.032843749999999e-06	7.157375e-06	9.612000000000004e-06	9.975437500000005e-06	9.987218750000008e-06	9.951250000000006e-06	9.918718750000003e-06	9.920312500000007e-06	9.922125000000003e-06	9.922406250000002e-06	9.955312500000004e-06	9.989187500000003e-06	9.997125000000005e-06	9.997875000000005e-06	9.982843750000009e-06	9.931156250000004e-06	9.883687500000004e-06	9.871875000000003e-06
10000	2.14516129032258e-06	3.336903225806451e-06	6.556000000000002e-06	9.27412903225807e-06	9.982387096774198e-06	9.993193548387101e-06	9.959451612903233e-06	9.883580645161294e-06	9.827903225806452e-06	9.846290322580648e-06	9.894548387096775e-06	9.947838709677423e-06	9.989064516129034e-06	1.0000000000000004e-05	9.99954838709678e-06	9.979258064516136e-06	9.920290322580651e-06	9.850258064516134e-06	9.819354838709682e-06
