	site
generation	50	100	150	200	250	300	350	400	450	500	550	600	650	700	750	800	850	900	950
0	1.0000000000000003e-05	1.0000000000000003e-05	1.0000000000000003e-05	1.0000000000000003e-05	1.0000000000000003e-05	1.0000000000000003e-05	1.0000000000000003e-05	1.0000000000000003e-05	1.0000000000000003e-05	1.0000000000000003e-05	1.0000000000000003e-05	1.0000000000000003e-05	1.0000000000000003e-05	1.0000000000000003e-05	1.0000000000000003e-05	1.0000000000000003e-05	1.0000000000000003e-05	1.0000000000000003e-05	1.0000000000000003e-05
100	9.996875000000004e-06	9.998281250000003e-06	9.992031250000006e-06	9.961437500000005e-06	9.914312500000004e-06	9.87475e-06	9.870937500000005e-06	9.914187500000005e-06	9.955343750000006e-06	9.945406250000005e-06	9.924062500000005e-06	9.948062500000005e-06	9.986906250000003e-06	9.999562500000006e-06	9.991531250000005e-06	9.974500000000004e-06	9.972000000000005e-06	9.986250000000008e-06	9.993750000000009e-06
200	9.980000000000004e-06	9.983600000000004e-06	9.991966666666672e-06	9.989533333333337e-06	9.97623333333334e-06	9.95756666666667e-06	9.928233333333338e-06	9.92706666666667e-06	9.940033333333335e-06	9.895633333333337e-06	9.855266666666667e-06	9.90306666666667e-06	9.973766666666671e-06	9.985600000000005e-06	9.958800000000002e-06	9.954066666666668e-06	9.978800000000005e-06	9.995300000000006e-06	9.996666666666672e-06
300	9.993939393939399e-06	9.993939393939399e-06	9.995242424242425e-06	9.996757575757577e-06	9.995666666666673e-06	9.99233333333334e-06	9.973545454545459e-06	9.935969696969703e-06	9.908212121212125e-06	9.877181818181822e-06	9.83563636363637e-06	9.840636363636368e-06	9.898666666666672e-06	9.959333333333338e-06	9.992212121212126e-06	1.0000000000000004e-05	1.0000000000000004e-05	1.0000000000000004e-05	1.0000000000000004e-05
400	9.906250000000002e-06	9.915843750000002e-06	9.951343750000006e-06	9.988468750000004e-06	9.999843750000005e-06	9.998906250000004e-06	9.980593750000004e-06	9.941687500000006e-06	9.907156250000004e-06	9.868687500000002e-06	9.824531250000003e-06	9.831562500000003e-06	9.896718750000003e-06	9.959156250000005e-06	9.991000000000003e-06	1.0000000000000004e-05	9.999843750000002e-06	9.998281250000004e-06	9.996875000000004e-06
500	9.94193548387097e-06	9.941645161290326e-06	9.957967741935486e-06	9.986741935483876e-06	9.999451612903228e-06	9.998903225806458e-06	9.979096774193553e-06	9.936806451612905e-06	9.913064516129035e-06	9.911290322580648e-06	9.900000000000003e-06	9.891354838709682e-06	9.914387096774196e-06	9.961645161290326e-06	9.991870967741945e-06	9.986483870967745e-06	9.953709677419359e-06	9.918870967741938e-06	9.906451612903227e-06
600	9.975862068965517e-06	9.980758620689658e-06	9.985068965517247e-06	9.95520689655173e-06	9.913310344827588e-06	9.929655172413796e-06	9.96544827586207e-06	9.946793103448278e-06	9.914103448275867e-06	9.905344827586208e-06	9.883137931034485e-06	9.843413793103449e-06	9.847965517241381e-06	9.91879310344828e-06	9.983e-06	9.989068965517246e-06	9.956517241379313e-06	9.924344827586205e-06	9.913793103448275e-06
700	9.903333333333336e-06	9.91846666666667e-06	9.952533333333338e-06	9.935900000000004e-06	9.854900000000006e-06	9.83456666666667e-06	9.915466666666668e-06	9.9842e-06	9.981033333333338e-06	9.936300000000003e-06	9.862900000000003e-06	9.808533333333336e-06	9.83286666666667e-06	9.885366666666669e-06	9.922033333333338e-06	9.942633333333339e-06	9.897433333333336e-06	9.814866666666672e-06	9.780000000000003e-06
800	9.86129032258065e-06	9.890387096774197e-06	9.943161290322586e-06	9.978516129032264e-06	9.995096774193553e-06	1.0000000000000004e-05	1.0000000000000004e-05	9.999935483870972e-06	9.988580645161294e-06	9.945903225806457e-06	9.881387096774196e-06	9.830064516129036e-06	9.831806451612905e-06	9.859161290322581e-06	9.846548387096777e-06	9.806225806451615e-06	9.774354838709678e-06	9.753967741935484e-06	9.74516129032258e-06
900	9.909677419354841e-06	9.928000000000006e-06	9.969451612903231e-06	9.990419354838717e-06	9.983161290322585e-06	9.98174193548388e-06	9.98812903225807e-06	9.990000000000008e-06	9.979677419354844e-06	9.94103225806452e-06	9.878225806451619e-06	9.823870967741941e-06	9.826064516129036e-06	9.874064516129034e-06	9.914387096774196e-06	9.956935483870971e-06	9.992129032258069e-06	1.0000000000000004e-05	1.0000000000000004e-05
1000	9.803125000000003e-06	9.818406250000003e-06	9.878375000000002e-06	9.951687500000006e-06	9.990156250000003e-06	9.989031250000006e-06	9.950500000000004e-06	9.898250000000006e-06	9.864750000000006e-06	9.843625e-06	9.794937500000004e-06	9.7530625e-06	9.787406250000003e-06	9.830843750000002e-06	9.810406250000002e-06	9.823500000000002e-06	9.916187500000004e-06	9.982750000000007e-06	9.993750000000009e-06
1100	9.813333333333335e-06	9.817466666666667e-06	9.843633333333337e-06	9.90556666666667e-06	9.968133333333339e-06	9.989200000000004e-06	9.961700000000005e-06	9.897700000000004e-06	9.848200000000002e-06	9.83406666666667e-06	9.798966666666669e-06	9.752533333333334e-06	9.777499999999999e-06	9.831033333333335e-06	9.849966666666669e-06	9.894300000000003e-06	9.961833333333339e-06	9.993066666666673e-06	9.996666666666672e-06
1200	9.77241379310345e-06	9.813344827586208e-06	9.889758620689658e-06	9.894344827586207e-06	9.809034482758624e-06	9.770793103448278e-06	9.830482758620693e-06	9.869724137931037e-06	9.857310344827586e-06	9.838413793103452e-06	9.794862068965519e-06	9.756793103448273e-06	9.78948275862069e-06	9.82144827586207e-06	9.790896551724138e-06	9.816275862068967e-06	9.916931034482763e-06	9.9786551724138e-06	9.989655172413803e-06
1300	9.727272727272727e-06	9.734575757575758e-06	9.778212121212123e-06	9.822424242424248e-06	9.791121212121215e-06	9.758060606060608e-06	9.811393939393941e-06	9.860181818181825e-06	9.851545454545457e-06	9.837606060606065e-06	9.795424242424243e-06	9.746212121212125e-06	9.783272727272733e-06	9.845757575757578e-06	9.860636363636366e-06	9.889212121212125e-06	9.950151515151521e-06	9.983787878787887e-06	9.984848484848494e-06
1400	9.77586206896552e-06	9.777482758620692e-06	9.784896551724139e-06	9.785275862068965e-06	9.757793103448274e-06	9.744413793103447e-06	9.800896551724142e-06	9.857448275862073e-06	9.852724137931037e-06	9.832689655172415e-06	9.79048275862069e-06	9.742793103448273e-06	9.780172413793105e-06	9.847724137931036e-06	9.846758620689659e-06	9.834413793103451e-06	9.886206896551728e-06	9.948379310344832e-06	9.965517241379316e-06
1500	9.706896551724137e-06	9.715310344827586e-06	9.731413793103449e-06	9.73803448275862e-06	9.726793103448275e-06	9.745206896551726e-06	9.806310344827587e-06	9.837137931034484e-06	9.837034482758621e-06	9.831379310344828e-06	9.79551724137931e-06	9.764379310344827e-06	9.793689655172415e-06	9.831482758620691e-06	9.821655172413793e-06	9.825758620689655e-06	9.881862068965518e-06	9.92455172413793e-06	9.931034482758619e-06
1600	9.727272727272728e-06	9.731484848484853e-06	9.747030303030305e-06	9.753515151515153e-06	9.714181818181818e-06	9.69057575757576e-06	9.763151515151516e-06	9.839484848484852e-06	9.84515151515152e-06	9.826787878787879e-06	9.784212121212122e-06	9.74627272727273e-06	9.763848484848485e-06	9.773545454545456e-06	9.759818181818184e-06	9.778666666666667e-06	9.822787878787882e-06	9.850757575757578e-06	9.854545454545454e-06
1700	9.634375000000002e-06	9.648375e-06	9.689781250000002e-06	9.714687500000001e-06	9.660125000000003e-06	9.612843750000002e-06	9.697187500000003e-06	9.809500000000003e-06	9.840625000000004e-06	9.832406250000006e-06	9.786187500000004e-06	9.738812500000002e-06	9.761031250000002e-06	9.802562500000004e-06	9.849875000000002e-06	9.931593750000006e-06	9.988781250000002e-06	1.0000000000000004e-05	1.0000000000000004e-05
1800	9.771875e-06	9.788593750000003e-06	9.82040625e-06	9.802468750000003e-06	9.565031250000001e-06	9.347875e-06	9.539125000000002e-06	9.788843750000005e-06	9.806843750000004e-06	9.761062500000003e-06	9.732343750000003e-06	9.730000000000002e-06	9.760468750000004e-06	9.794875000000002e-06	9.842687500000002e-06	9.925937500000004e-06	9.986812500000003e-06	1.0000000000000004e-05	1.0000000000000004e-05
1900	9.643749999999999e-06	9.665062499999999e-06	9.7121875e-06	9.714437500000002e-06	9.562624999999999e-06	9.354125e-06	9.384375000000001e-06	9.581562499999999e-06	9.667375000000002e-06	9.69325e-06	9.748781249999998e-06	9.794062500000002e-06	9.835093750000003e-06	9.868687500000003e-06	9.876812500000003e-06	9.872000000000003e-06	9.85340625e-06	9.838093750000003e-06	9.837500000000002e-06
2000	3.859375e-06	4.577593749999999e-06	6.97953125e-06	8.972812500000002e-06	7.120187500000001e-06	3.887249999999999e-06	4.96125e-06	8.397312500000003e-06	9.698937500000002e-06	9.744625000000002e-06	9.855281250000002e-06	9.945125000000006e-06	9.936281250000002e-06	9.923687500000004e-06	9.928968750000007e-06	9.861000000000001e-06	9.746218750000003e-06	9.698500000000002e-06	9.703125000000004e-06
2100	9.973333333333338e-06	9.959600000000004e-06	9.928833333333337e-06	9.92796666666667e-06	9.954300000000006e-06	9.955566666666668e-06	9.940566666666671e-06	9.903233333333335e-06	9.817166666666666e-06	9.745900000000001e-06	9.723166666666667e-06	9.703933333333334e-06	9.725533333333334e-06	9.766833333333333e-06	9.773266666666667e-06	9.811366666666669e-06	9.882166666666668e-06	9.930600000000003e-06	9.946666666666669e-06
2200	9.962068965517242e-06	9.942758620689656e-06	9.88651724137931e-06	9.817931034482756e-06	9.715758620689655e-06	9.61286206896552e-06	9.625758620689659e-06	9.696310344827587e-06	9.717448275862069e-06	9.725862068965518e-06	9.713724137931035e-06	9.647827586206895e-06	9.627344827586205e-06	9.68410344827586e-06	9.747275862068963e-06	9.813275862068968e-06	9.890103448275864e-06	9.941620689655174e-06	9.955172413793104e-06
2300	9.766666666666667e-06	9.766866666666668e-06	9.751633333333335e-06	9.734600000000002e-06	8.894933333333332e-06	6.707266666666667e-06	6.027300000000001e-06	8.032433333333333e-06	9.531433333333335e-06	9.719066666666666e-06	9.716600000000001e-06	9.648199999999999e-06	9.677466666666668e-06	9.843633333333337e-06	9.967000000000005e-06	9.997000000000004e-06	9.999366666666668e-06	1.0000000000000003e-05	1.0000000000000003e-05
2400	9.721212121212126e-06	9.728e-06	9.740151515151515e-06	9.752575757575757e-06	9.045363636363636e-06	6.085363636363635e-06	4.083121212121212e-06	6.554818181818181e-06	9.24178787878788e-06	9.722060606060605e-06	9.67139393939394e-06	9.314515151515153e-06	9.10509090909091e-06	9.42527272727273e-06	9.683121212121214e-06	9.80548484848485e-06	9.944181818181824e-06	9.976121212121216e-06	9.978787878787885e-06
2500	9.810000000000001e-06	9.844966666666668e-06	9.924133333333337e-06	9.942800000000004e-06	9.863400000000001e-06	9.8144e-06	9.843666666666669e-06	9.838100000000002e-06	9.747233333333334e-06	9.6957e-06	9.6946e-06	9.644e-06	9.609599999999999e-06	9.634100000000001e-06	9.7009e-06	9.795600000000002e-06	9.860033333333337e-06	9.883900000000002e-06	9.890000000000004e-06
2600	1.0000000000000004e-05	1.0000000000000004e-05	9.989187500000008e-06	9.922187500000006e-06	9.764343750000004e-06	9.657281250000004e-06	9.7303125e-06	9.817125000000005e-06	9.734312500000004e-06	9.533968750000002e-06	9.15421875e-06	8.3885625e-06	8.070281250000002e-06	8.8833125e-06	9.738593750000005e-06	9.978812500000003e-06	1.0000000000000004e-05	1.0000000000000004e-05	1.0000000000000004e-05
2700	9.96451612903226e-06	9.975870967741942e-06	9.986161290322585e-06	9.948870967741939e-06	9.877322580645164e-06	9.831580645161292e-06	9.854967741935487e-06	9.87035483870968e-06	9.794806451612905e-06	9.719741935483871e-06	9.759387096774196e-06	9.88761290322581e-06	9.958161290322585e-06	9.969677419354847e-06	9.987419354838718e-06	9.99096774193549e-06	9.989354838709685e-06	9.99032258064517e-06	9.99032258064517e-06
2800	1.0000000000000003e-05	1.0000000000000003e-05	9.99875862068966e-06	9.997034482758626e-06	9.997793103448278e-06	9.999517241379312e-06	1.0000000000000003e-05	9.965241379310345e-06	9.83e-06	9.71158620689655e-06	9.776896551724138e-06	9.912586206896553e-06	9.97444827586207e-06	9.976931034482765e-06	9.975827586206902e-06	9.986379310344834e-06	9.989137931034489e-06	9.986689655172418e-06	9.986206896551727e-06
2900	1.0000000000000004e-05	1.0000000000000004e-05	1.0000000000000004e-05	1.0000000000000004e-05	9.998225806451623e-06	9.995000000000008e-06	9.995064516129039e-06	9.960322580645165e-06	9.82609677419355e-06	9.717096774193548e-06	9.789225806451613e-06	9.921129032258067e-06	9.98493548387097e-06	1.0000000000000004e-05	1.0000000000000004e-05	1.0000000000000004e-05	1.0000000000000004e-05	1.0000000000000004e-05	1.0000000000000004e-05
3000	1.0000000000000003e-05	1.0000000000000003e-05	1.0000000000000003e-05	1.0000000000000003e-05	9.997233333333337e-06	9.970033333333336e-06	9.92616666666667e-06	9.877700000000002e-06	9.796300000000001e-06	9.770366666666667e-06	9.862233333333334e-06	9.924533333333333e-06	9.894033333333336e-06	9.87646666666667e-06	9.916733333333336e-06	9.967566666666671e-06	9.992666666666673e-06	9.99703333333334e-06	9.996666666666672e-06
3100	9.958064516129039e-06	9.940741935483875e-06	9.923000000000005e-06	9.946935483870971e-06	9.97187096774194e-06	9.945741935483874e-06	9.915967741935489e-06	9.901741935483872e-06	9.846516129032261e-06	9.786935483870971e-06	9.811774193548387e-06	9.873870967741939e-06	9.889032258064519e-06	9.890709677419358e-06	9.918548387096775e-06	9.966161290322582e-06	9.997096774193554e-06	1.0000000000000004e-05	1.0000000000000004e-05
3200	9.956250000000001e-06	9.930125000000007e-06	9.873875000000005e-06	9.869875000000005e-06	9.930125000000002e-06	9.951875000000007e-06	9.927093750000005e-06	9.903343750000005e-06	9.835218750000003e-06	9.774781250000004e-06	9.834375000000004e-06	9.902750000000003e-06	9.880687500000004e-06	9.855000000000003e-06	9.869750000000002e-06	9.906437500000005e-06	9.956406250000004e-06	9.991468750000004e-06	1.0000000000000004e-05
3300	9.932258064516135e-06	9.914806451612906e-06	9.857903225806454e-06	9.80825806451613e-06	9.85261290322581e-06	9.952645161290327e-06	9.998903225806456e-06	9.975258064516134e-06	9.879258064516132e-06	9.777677419354842e-06	9.812000000000002e-06	9.91729032258065e-06	9.951032258064521e-06	9.946612903225811e-06	9.955838709677423e-06	9.968354838709681e-06	9.982677419354845e-06	9.99545161290323e-06	1.0000000000000004e-05
3400	9.946875000000003e-06	9.919062500000005e-06	9.848593750000002e-06	9.809125000000004e-06	9.857156250000003e-06	9.903125000000004e-06	9.876906250000004e-06	9.840125000000004e-06	9.800437500000003e-06	9.767531250000003e-06	9.831000000000001e-06	9.945312500000004e-06	9.989750000000007e-06	9.982062500000006e-06	9.980312500000004e-06	9.986562500000003e-06	9.994125000000005e-06	9.998812500000002e-06	1.0000000000000004e-05
3500	9.851724137931038e-06	9.82475862068966e-06	9.720137931034485e-06	9.638724137931032e-06	9.745689655172413e-06	9.9118275862069e-06	9.94755172413793e-06	9.891827586206898e-06	9.799413793103446e-06	9.75148275862069e-06	9.842586206896555e-06	9.956586206896556e-06	9.989000000000002e-06	9.99286206896552e-06	9.99075862068966e-06	9.979137931034487e-06	9.972689655172416e-06	9.976137931034484e-06	9.979310344827587e-06
3600	9.903333333333336e-06	9.888766666666671e-06	9.852133333333339e-06	9.816133333333338e-06	9.831400000000006e-06	9.87696666666667e-06	9.869100000000002e-06	9.827333333333335e-06	9.784733333333335e-06	9.764233333333336e-06	9.815500000000001e-06	9.875233333333335e-06	9.890066666666669e-06	9.928966666666668e-06	9.978900000000007e-06	9.987333333333337e-06	9.945866666666669e-06	9.884400000000003e-06	9.860000000000004e-06
3700	9.693333333333336e-06	9.682233333333334e-06	9.646133333333334e-06	9.624866666666668e-06	9.727033333333332e-06	9.86666666666667e-06	9.875200000000003e-06	9.832566666666668e-06	9.791200000000002e-06	9.7535e-06	9.795033333333334e-06	9.852200000000002e-06	9.866833333333337e-06	9.9101e-06	9.965366666666671e-06	9.95506666666667e-06	9.862200000000004e-06	9.770133333333337e-06	9.743333333333339e-06
3800	9.676666666666665e-06	9.667e-06	9.664333333333335e-06	9.695500000000002e-06	9.797066666666668e-06	9.922800000000006e-06	9.946666666666669e-06	9.882633333333336e-06	9.7983e-06	9.760133333333335e-06	9.838833333333337e-06	9.953800000000003e-06	9.980900000000003e-06	9.941466666666668e-06	9.903700000000001e-06	9.857333333333338e-06	9.773966666666667e-06	9.709766666666666e-06	9.696666666666665e-06
3900	9.683870967741936e-06	9.671064516129031e-06	9.655225806451613e-06	9.684741935483873e-06	9.804967741935486e-06	9.929258064516131e-06	9.943258064516133e-06	9.890129032258069e-06	9.80870967741936e-06	9.76241935483871e-06	9.842709677419358e-06	9.957354838709683e-06	9.979483870967749e-06	9.931838709677423e-06	9.86567741935484e-06	9.788322580645164e-06	9.713290322580646e-06	9.678838709677419e-06	9.677419354838709e-06
4000	9.696874999999997e-06	9.6826875e-06	9.669187500000001e-06	9.704750000000002e-06	9.805031250000004e-06	9.917312500000003e-06	9.946968750000004e-06	9.886625000000001e-06	9.803906250000002e-06	9.773281250000004e-06	9.840968750000002e-06	9.948031250000004e-06	9.987593750000005e-06	9.948312500000004e-06	9.885843750000002e-06	9.800531250000003e-06	9.721937499999998e-06	9.685843750000003e-06	9.675000000000001e-06
4100	9.764516129032264e-06	9.510225806451615e-06	9.001709677419355e-06	8.99916129032258e-06	9.56093548387097e-06	9.923483870967746e-06	9.94229032258065e-06	9.844580645161293e-06	9.717806451612907e-06	9.656096774193551e-06	9.743064516129035e-06	9.901064516129037e-06	9.971612903225812e-06	9.944000000000003e-06	9.892000000000001e-06	9.842903225806455e-06	9.825161290322583e-06	9.844354838709684e-06	9.858064516129036e-06
4200	9.830000000000004e-06	9.693600000000005e-06	9.4903e-06	9.555900000000005e-06	9.790200000000003e-06	9.925600000000004e-06	9.917833333333334e-06	9.491433333333335e-06	8.441800000000004e-06	7.576066666666664e-06	8.056833333333334e-06	9.339700000000003e-06	9.958233333333339e-06	9.953200000000005e-06	9.912733333333336e-06	9.871499999999999e-06	9.851633333333336e-06	9.864233333333338e-06	9.873333333333336e-06
4300	9.687096774193548e-06	9.355548387096774e-06	8.688677419354837e-06	8.6531935483871e-06	9.344612903225812e-06	9.855064516129036e-06	9.971387096774195e-06	9.902096774193554e-06	9.784258064516134e-06	9.744225806451611e-06	9.805645161290324e-06	9.893354838709681e-06	9.94603225806452e-06	9.980612903225811e-06	9.999451612903233e-06	9.997451612903233e-06	9.995193548387104e-06	9.995645161290331e-06	9.996774193548395e-06
4400	9.653333333333333e-06	9.166066666666667e-06	8.313166666666667e-06	8.439333333333337e-06	9.365433333333334e-06	9.882900000000003e-06	9.969700000000007e-06	9.88666666666667e-06	9.732999999999998e-06	9.714833333333336e-06	9.820833333333338e-06	9.904366666666671e-06	9.95336666666667e-06	9.985833333333337e-06	9.968500000000003e-06	9.894066666666669e-06	9.856066666666669e-06	9.882666666666666e-06	9.9e-06
4500	1.0000000000000003e-05	1.0000000000000003e-05	1.0000000000000003e-05	1.0000000000000003e-05	1.0000000000000003e-05	1.0000000000000003e-05	1.0000000000000003e-05	1.0000000000000003e-05	1.0000000000000003e-05	1.0000000000000003e-05	1.0000000000000003e-05	1.0000000000000003e-05	1.0000000000000003e-05	1.0000000000000003e-05	1.0000000000000003e-05	1.0000000000000003e-05	1.0000000000000003e-05	1.0000000000000003e-05	1.0000000000000003e-05
4600	9.980645161290329e-06	9.807354838709679e-06	9.49445161290323e-06	9.52603225806452e-06	9.840548387096777e-06	9.988032258064523e-06	9.991258064516137e-06	9.98912903225807e-06	9.98912903225807e-06	9.993580645161297e-06	9.998419354838711e-06	1.0000000000000004e-05	1.0000000000000004e-05	1.0000000000000004e-05	9.9983870967742e-06	9.973064516129036e-06	9.905838709677424e-06	9.855354838709681e-06	9.848387096774197e-06
4700	1.0000000000000004e-05	1.0000000000000004e-05	1.0000000000000004e-05	1.0000000000000004e-05	1.0000000000000004e-05	1.0000000000000004e-05	1.0000000000000004e-05	1.0000000000000004e-05	1.0000000000000004e-05	9.998031250000002e-06	9.983250000000006e-06	9.966937500000005e-06	9.964000000000007e-06	9.950156250000004e-06	9.936375000000005e-06	9.935718750000002e-06	9.878968750000003e-06	9.802375000000001e-06	9.78125e-06
4800	9.928125000000004e-06	9.938406250000005e-06	9.932312500000004e-06	9.845031250000002e-06	9.768031250000003e-06	9.801593750000002e-06	9.828500000000004e-06	9.807687500000003e-06	9.848781250000003e-06	9.942312500000004e-06	9.993343750000004e-06	1.0000000000000004e-05	9.983906250000007e-06	9.941531250000005e-06	9.922156250000003e-06	9.947000000000003e-06	9.959562500000004e-06	9.945843750000002e-06	9.937500000000003e-06
4900	9.92666666666667e-06	9.93606666666667e-06	9.931300000000003e-06	9.851200000000001e-06	9.781666666666668e-06	9.848633333333334e-06	9.950000000000003e-06	9.940200000000004e-06	9.864266666666671e-06	9.859933333333335e-06	9.933466666666667e-06	9.96776666666667e-06	9.937400000000004e-06	9.927866666666669e-06	9.964100000000005e-06	9.98196666666667e-06	9.951066666666667e-06	9.912966666666665e-06	9.9e-06
5000	9.974193548387097e-06	9.982161290322585e-06	9.995064516129035e-06	1.0000000000000004e-05	1.0000000000000004e-05	1.0000000000000004e-05	9.987580645161297e-06	9.9351935483871e-06	9.868903225806452e-06	9.867225806451617e-06	9.930000000000003e-06	9.968354838709681e-06	9.945870967741938e-06	9.927290322580648e-06	9.950354838709683e-06	9.953677419354843e-06	9.895354838709679e-06	9.834387096774193e-06	9.816129032258066e-06
5100	9.978125000000007e-06	9.975468750000004e-06	9.976718750000005e-06	9.989312500000005e-06	9.990531250000006e-06	9.930218750000003e-06	9.807500000000002e-06	9.683e-06	9.675156250000002e-06	9.807281250000004e-06	9.923437500000003e-06	9.970531250000008e-06	9.959125000000004e-06	9.879750000000005e-06	9.824250000000003e-06	9.820562500000003e-06	9.825437500000002e-06	9.841656250000005e-06	9.853125000000002e-06
5200	9.987500000000007e-06	9.985750000000007e-06	9.984031250000005e-06	9.989093750000005e-06	9.984625000000004e-06	9.933812500000002e-06	9.783000000000003e-06	9.639375000000001e-06	9.694125000000001e-06	9.842625000000003e-06	9.934593750000004e-06	9.976843750000007e-06	9.960937500000007e-06	9.917343750000002e-06	9.883812500000004e-06	9.85596875e-06	9.878812500000002e-06	9.941250000000006e-06	9.968750000000009e-06
5300	1.0000000000000004e-05	1.0000000000000004e-05	9.999468750000003e-06	9.996687500000006e-06	9.986875000000006e-06	9.928000000000006e-06	9.780406250000003e-06	9.656812500000001e-06	9.69325e-06	9.81459375e-06	9.887656250000006e-06	9.904125e-06	9.905687500000002e-06	9.910375000000006e-06	9.919750000000006e-06	9.920812500000004e-06	9.928312500000004e-06	9.949687500000007e-06	9.959375000000007e-06
5400	9.996774193548395e-06	9.9981935483871e-06	9.999806451612906e-06	1.0000000000000004e-05	9.992000000000004e-06	9.936322580645165e-06	9.791580645161294e-06	9.650322580645161e-06	9.649870967741937e-06	9.755419354838712e-06	9.852903225806453e-06	9.895129032258063e-06	9.901741935483872e-06	9.904129032258066e-06	9.909548387096774e-06	9.912612903225811e-06	9.929709677419357e-06	9.954064516129037e-06	9.96129032258065e-06
5500	9.996969696969698e-06	9.986909090909096e-06	9.957575757575764e-06	9.941333333333338e-06	9.956969696969702e-06	9.938363636363644e-06	9.830303030303034e-06	9.703030303030305e-06	9.68118181818182e-06	9.76709090909091e-06	9.85566666666667e-06	9.896969696969702e-06	9.908060606060608e-06	9.911363636363643e-06	9.91742424242425e-06	9.917000000000003e-06	9.924363636363639e-06	9.945242424242427e-06	9.954545454545456e-06
5600	1.0000000000000004e-05	1.0000000000000004e-05	1.0000000000000004e-05	9.979531250000005e-06	9.919031250000003e-06	9.881906250000005e-06	9.909437500000006e-06	9.911093750000005e-06	9.849000000000005e-06	9.837625000000002e-06	9.919656250000003e-06	9.980656250000006e-06	9.951875000000004e-06	9.885906250000005e-06	9.873093750000003e-06	9.909843750000003e-06	9.920750000000003e-06	9.912531250000004e-06	9.912500000000004e-06
5700	9.996774193548395e-06	9.993387096774201e-06	9.981870967741937e-06	9.975741935483879e-06	9.981064516129038e-06	9.985741935483879e-06	9.983806451612908e-06	9.94825806451613e-06	9.85761290322581e-06	9.792193548387097e-06	9.84793548387097e-06	9.951516129032263e-06	9.980903225806457e-06	9.946451612903228e-06	9.928483870967745e-06	9.953451612903228e-06	9.977129032258071e-06	9.9823870967742e-06	9.983870967741943e-06
5800	9.990625000000004e-06	9.977000000000005e-06	9.941031250000004e-06	9.923625000000004e-06	9.954156250000004e-06	9.989875000000004e-06	9.994812500000007e-06	9.957062500000004e-06	9.863937500000001e-06	9.795281250000005e-06	9.844187500000006e-06	9.938625000000007e-06	9.971375000000008e-06	9.945656250000006e-06	9.927187500000005e-06	9.954000000000005e-06	9.989125000000004e-06	1.0000000000000004e-05	1.0000000000000004e-05
5900	9.979310344827587e-06	9.965068965517244e-06	9.931758620689659e-06	9.907758620689659e-06	9.911827586206896e-06	9.935310344827586e-06	9.954758620689659e-06	9.936793103448276e-06	9.867206896551727e-06	9.785275862068967e-06	9.791689655172415e-06	9.900275862068969e-06	9.964620689655175e-06	9.922965517241381e-06	9.861689655172416e-06	9.84044827586207e-06	9.86120689655173e-06	9.897413793103447e-06	9.913793103448275e-06
6000	1.0000000000000004e-05	1.0000000000000004e-05	1.0000000000000004e-05	9.985656250000007e-06	9.945500000000007e-06	9.903437500000002e-06	9.873468750000008e-06	9.844031250000003e-06	9.816750000000004e-06	9.807718750000002e-06	9.827937500000006e-06	9.866750000000002e-06	9.910906250000004e-06	9.933093750000006e-06	9.903187500000005e-06	9.853812500000003e-06	9.839968750000004e-06	9.857593750000005e-06	9.868750000000006e-06
6100	9.99032258064517e-06	9.992032258064525e-06	9.996838709677423e-06	9.999967741935488e-06	1.0000000000000004e-05	1.0000000000000004e-05	9.997258064516138e-06	9.956903225806455e-06	9.87883870967742e-06	9.823290322580645e-06	9.817032258064517e-06	9.84941935483871e-06	9.898516129032263e-06	9.944483870967743e-06	9.946709677419359e-06	9.87677419354839e-06	9.810741935483876e-06	9.79822580645162e-06	9.800000000000004e-06
6200	9.830000000000004e-06	9.828966666666669e-06	9.861233333333337e-06	9.938166666666673e-06	9.98906666666667e-06	9.998166666666672e-06	9.99233333333334e-06	9.948e-06	9.85726666666667e-06	9.768900000000002e-06	9.757266666666669e-06	9.823233333333336e-06	9.884033333333336e-06	9.800433333333337e-06	8.669233333333333e-06	7.248399999999998e-06	7.860666666666669e-06	9.311833333333335e-06	9.760000000000001e-06
6300	9.832258064516132e-06	9.841645161290325e-06	9.877419354838712e-06	9.913096774193552e-06	9.914806451612904e-06	9.894161290322583e-06	9.874290322580647e-06	9.864258064516131e-06	9.825709677419358e-06	9.765354838709677e-06	9.763096774193549e-06	9.829193548387099e-06	9.892645161290327e-06	9.838258064516132e-06	9.137032258064517e-06	8.342548387096772e-06	8.776709677419355e-06	9.57641935483871e-06	9.774193548387097e-06
6400	9.75483870967742e-06	9.77951612903226e-06	9.851032258064519e-06	9.90793548387097e-06	9.912774193548389e-06	9.907612903225809e-06	9.90335483870968e-06	9.886677419354842e-06	9.833935483870971e-06	9.752064516129034e-06	9.73029032258065e-06	9.815741935483874e-06	9.906580645161292e-06	9.744709677419358e-06	8.423677419354839e-06	7.17422580645161e-06	8.161354838709678e-06	9.506129032258064e-06	9.748387096774194e-06
6500	9.764516129032262e-06	9.781483870967742e-06	9.845000000000003e-06	9.894322580645163e-06	9.869741935483875e-06	9.838870967741938e-06	9.846322580645164e-06	9.832903225806453e-06	9.746322580645162e-06	9.663354838709678e-06	9.691096774193547e-06	9.81525806451613e-06	9.938193548387102e-06	9.991967741935488e-06	9.99309677419355e-06	9.96477419354839e-06	9.912967741935489e-06	9.88077419354839e-06	9.877419354838712e-06
6600	9.783333333333332e-06	9.792633333333335e-06	9.848133333333335e-06	9.898366666666668e-06	9.873833333333335e-06	9.842600000000003e-06	9.84856666666667e-06	9.816966666666671e-06	9.697000000000004e-06	9.601733333333333e-06	9.633600000000002e-06	9.7438e-06	9.865000000000001e-06	9.95246666666667e-06	9.982033333333339e-06	9.958566666666668e-06	9.909633333333334e-06	9.884000000000002e-06	9.883333333333334e-06
6700	9.736666666666666e-06	9.742133333333335e-06	9.829033333333334e-06	9.923666666666671e-06	9.885400000000004e-06	9.824033333333336e-06	9.834566666666669e-06	9.816966666666666e-06	9.0673e-06	8.331600000000002e-06	8.941166666666665e-06	9.630399999999998e-06	9.7686e-06	9.85646666666667e-06	9.861133333333335e-06	9.87276666666667e-06	9.868300000000002e-06	9.85246666666667e-06	9.853333333333334e-06
6800	9.793750000000003e-06	9.808375000000004e-06	9.863718750000001e-06	9.899562500000005e-06	9.861750000000004e-06	9.827156250000002e-06	9.8395625e-06	9.271718750000004e-06	7.154593750000002e-06	6.023406249999999e-06	7.91240625e-06	9.561562499999999e-06	9.748250000000003e-06	9.755843750000002e-06	9.762031250000003e-06	9.822531250000003e-06	9.876093750000005e-06	9.892000000000005e-06	9.893750000000005e-06
6900	9.728125000000003e-06	9.750781250000004e-06	9.840875000000004e-06	9.909093750000003e-06	9.869468750000004e-06	9.827781250000003e-06	9.844031250000001e-06	9.46440625e-06	7.139874999999998e-06	5.4906250000000005e-06	7.637906250000002e-06	9.614531250000003e-06	9.758906250000005e-06	9.796968750000004e-06	9.828531250000003e-06	9.880562500000004e-06	9.877125000000006e-06	9.841656250000003e-06	9.831250000000003e-06
7000	9.738709677419355e-06	9.75851612903226e-06	9.832064516129035e-06	9.897225806451616e-06	9.876516129032262e-06	9.835419354838713e-06	9.817870967741936e-06	9.097322580645162e-06	6.320516129032258e-06	4.3136451612903226e-06	6.406193548387097e-06	9.07832258064516e-06	9.744774193548388e-06	9.764935483870972e-06	9.773193548387101e-06	9.823838709677422e-06	9.844774193548387e-06	9.822483870967742e-06	9.812903225806453e-06
7100	9.790909090909093e-06	9.814151515151518e-06	9.873151515151522e-06	9.909939393939397e-06	9.878484848484853e-06	9.82645454545455e-06	9.797818181818184e-06	8.801696969696972e-06	5.962484848484849e-06	4.572757575757575e-06	6.87930303030303e-06	9.249696969696973e-06	9.79678787878788e-06	9.805181818181821e-06	9.80327272727273e-06	9.847939393939397e-06	9.871454545454548e-06	9.839484848484854e-06	9.818181818181824e-06
7200	9.993750000000009e-06	9.990500000000007e-06	9.987406250000004e-06	9.973281250000004e-06	9.882156250000004e-06	9.753218750000003e-06	9.658531249999998e-06	8.46121875e-06	4.83003125e-06	3.149187499999999e-06	6.4825625e-06	9.428062500000001e-06	9.869000000000002e-06	9.905312500000006e-06	9.930562500000005e-06	9.965406250000005e-06	9.954906250000004e-06	9.922093750000006e-06	9.912500000000004e-06
7300	1.0000000000000004e-05	1.0000000000000004e-05	1.0000000000000004e-05	9.982187500000003e-06	9.892750000000006e-06	9.743843750000003e-06	9.66575e-06	8.924125000000002e-06	6.315875e-06	5.064906250000001e-06	7.592062500000001e-06	9.700562500000002e-06	9.905437500000004e-06	9.911343750000003e-06	9.928656250000004e-06	9.967656250000005e-06	9.976687500000008e-06	9.952906250000003e-06	9.940625000000004e-06
7400	1.0000000000000004e-05	1.0000000000000004e-05	1.0000000000000004e-05	9.987843750000006e-06	9.887562500000006e-06	9.584062500000001e-06	9.368031250000001e-06	9.000656249999999e-06	6.629e-06	4.914e-06	7.267781250000002e-06	9.615281250000003e-06	9.90259375e-06	9.906937500000003e-06	9.931625000000003e-06	9.972562500000004e-06	9.965375000000006e-06	9.928437500000002e-06	9.915625000000002e-06
7500	9.987878787878793e-06	9.975818181818185e-06	9.936545454545459e-06	9.89969696969697e-06	9.838636363636365e-06	9.720606060606064e-06	9.619484848484848e-06	8.832484848484848e-06	6.091181818181817e-06	4.73960606060606e-06	7.449969696969697e-06	9.709363636363638e-06	9.900848484848491e-06	9.906515151515158e-06	9.928000000000006e-06	9.968121212121217e-06	9.964575757575762e-06	9.928545454545457e-06	9.915151515151517e-06
7600	9.977419354838718e-06	9.962967741935487e-06	9.920774193548391e-06	9.86487096774194e-06	9.784516129032257e-06	9.691e-06	9.663e-06	8.55106451612903e-06	5.316096774193546e-06	4.123129032258065e-06	7.179548387096777e-06	9.585096774193552e-06	9.856451612903229e-06	9.864580645161293e-06	9.882870967741937e-06	9.909322580645165e-06	9.895548387096778e-06	9.846774193548393e-06	9.822580645161294e-06
7700	1.0000000000000004e-05	1.0000000000000004e-05	1.0000000000000004e-05	1.0000000000000004e-05	1.0000000000000004e-05	1.0000000000000004e-05	1.0000000000000004e-05	9.971032258064524e-06	9.835741935483875e-06	9.694612903225809e-06	9.755387096774194e-06	9.895645161290323e-06	9.893483870967745e-06	9.820000000000001e-06	9.818354838709681e-06	9.859096774193551e-06	9.833612903225806e-06	9.760709677419356e-06	9.729032258064517e-06
7800	1.0000000000000003e-05	1.0000000000000003e-05	1.0000000000000003e-05	9.999100000000006e-06	9.989900000000004e-06	9.977200000000003e-06	9.980600000000004e-06	9.97916666666667e-06	9.848300000000005e-06	9.636266666666671e-06	9.622900000000006e-06	9.746300000000004e-06	9.763233333333335e-06	9.7371e-06	9.780800000000003e-06	9.846733333333335e-06	9.830400000000002e-06	9.747600000000005e-06	9.706666666666671e-06
7900	9.994117647058832e-06	9.994117647058832e-06	9.994441176470596e-06	9.996411764705891e-06	9.995117647058831e-06	9.985441176470595e-06	9.97073529411765e-06	9.920764705882359e-06	9.782205882352945e-06	9.630941176470594e-06	9.645794117647063e-06	9.738058823529415e-06	9.696235294117652e-06	9.638676470588238e-06	9.718823529411766e-06	9.831823529411766e-06	9.838294117647061e-06	9.768647058823528e-06	9.732352941176469e-06
8000	9.921875000000004e-06	9.921750000000005e-06	9.914406250000005e-06	9.920531250000003e-06	9.955250000000004e-06	9.988281250000004e-06	9.987093750000004e-06	9.908531250000002e-06	9.757406250000005e-06	9.630000000000003e-06	9.647187500000006e-06	9.71875e-06	9.682656250000002e-06	9.65134375e-06	9.729937500000002e-06	9.834500000000006e-06	9.851875000000001e-06	9.800562500000003e-06	9.775000000000006e-06
8100	9.884375000000006e-06	9.872625000000004e-06	9.854125000000001e-06	9.882218750000005e-06	9.918375000000003e-06	9.892531250000004e-06	9.872718750000004e-06	9.859781250000005e-06	9.490968750000004e-06	8.460406250000003e-06	8.101156250000002e-06	9.081375000000002e-06	9.679406250000008e-06	9.635375000000004e-06	9.737593750000004e-06	9.888406250000006e-06	9.973875000000003e-06	9.997687500000003e-06	1.0000000000000004e-05
8200	9.877419354838712e-06	9.868548387096776e-06	9.85809677419355e-06	9.89003225806452e-06	9.911516129032263e-06	9.861548387096776e-06	9.84067741935484e-06	9.854645161290327e-06	9.237870967741939e-06	7.400354838709676e-06	6.768258064516131e-06	8.57067741935484e-06	9.758000000000004e-06	9.738483870967744e-06	9.794870967741935e-06	9.900419354838715e-06	9.954129032258074e-06	9.94677419354839e-06	9.938709677419356e-06
8300	9.887096774193551e-06	9.871709677419357e-06	9.846741935483874e-06	9.872838709677423e-06	9.912064516129036e-06	9.878838709677424e-06	9.847483870967742e-06	9.830258064516131e-06	9.723806451612903e-06	9.621870967741937e-06	9.690580645161295e-06	9.86661290322581e-06	9.977903225806454e-06	1.0000000000000004e-05	1.0000000000000004e-05	1.0000000000000004e-05	1.0000000000000004e-05	1.0000000000000004e-05	1.0000000000000004e-05
8400	9.954838709677424e-06	9.951483870967747e-06	9.938225806451618e-06	9.926741935483878e-06	9.923645161290324e-06	9.920741935483873e-06	9.92077419354839e-06	9.834548387096778e-06	9.538806451612906e-06	9.34825806451613e-06	9.556258064516133e-06	9.807709677419354e-06	9.865612903225806e-06	9.860419354838712e-06	9.898096774193553e-06	9.96532258064517e-06	9.994774193548394e-06	9.996774193548388e-06	9.996774193548388e-06
8500	9.84193548387097e-06	9.880451612903233e-06	9.95761290322581e-06	9.997419354838716e-06	9.989806451612906e-06	9.976645161290325e-06	9.955129032258069e-06	9.437354838709683e-06	6.736903225806453e-06	4.256709677419355e-06	6.153161290322583e-06	9.08277419354839e-06	9.846387096774196e-06	9.865225806451616e-06	9.896548387096778e-06	9.935290322580647e-06	9.956193548387101e-06	9.964709677419356e-06	9.967741935483871e-06
8600	1.0000000000000004e-05	1.0000000000000004e-05	1.0000000000000004e-05	9.996000000000002e-06	9.949812500000005e-06	9.865187500000004e-06	9.840000000000002e-06	9.672062500000003e-06	7.726156250000001e-06	5.40025e-06	6.5824062499999995e-06	9.1015625e-06	9.886687499999999e-06	9.902000000000001e-06	9.925093750000004e-06	9.969187500000004e-06	9.996093750000002e-06	1.0000000000000004e-05	1.0000000000000004e-05
8700	1.0000000000000004e-05	1.0000000000000004e-05	1.0000000000000004e-05	9.996718750000003e-06	9.952531250000006e-06	9.866343750000004e-06	9.836687500000004e-06	9.68840625e-06	7.684968750000001e-06	5.1718125e-06	6.330125000000001e-06	9.021062500000003e-06	9.886906250000006e-06	9.895843750000002e-06	9.921062500000003e-06	9.969187500000005e-06	9.997093750000004e-06	1.0000000000000004e-05	1.0000000000000004e-05
8800	9.996774193548395e-06	9.998064516129035e-06	9.999677419354842e-06	9.996645161290326e-06	9.953451612903228e-06	9.865935483870972e-06	9.833838709677422e-06	9.677774193548388e-06	7.77009677419355e-06	5.342645161290323e-06	6.375322580645161e-06	8.986322580645162e-06	9.885000000000004e-06	9.899483870967741e-06	9.9221935483871e-06	9.966677419354843e-06	9.995580645161294e-06	1.0000000000000004e-05	1.0000000000000004e-05
8900	9.996774193548395e-06	9.986838709677423e-06	9.947387096774197e-06	9.914129032258067e-06	9.886064516129035e-06	9.841258064516132e-06	9.846709677419356e-06	9.68161290322581e-06	7.015451612903228e-06	3.996903225806452e-06	5.916806451612904e-06	9.128483870967743e-06	9.8851935483871e-06	9.898290322580649e-06	9.933548387096778e-06	9.980548387096778e-06	9.998516129032262e-06	1.0000000000000004e-05	1.0000000000000004e-05
9000	1.0000000000000003e-05	9.988800000000002e-06	9.951066666666669e-06	9.917866666666669e-06	9.89286666666667e-06	9.839533333333333e-06	9.79786666666667e-06	9.5027e-06	7.496633333333333e-06	5.395766666666667e-06	6.7388333333333315e-06	9.166400000000001e-06	9.883799999999998e-06	9.903100000000002e-06	9.92916666666667e-06	9.972166666666673e-06	9.980033333333334e-06	9.955600000000005e-06	9.943333333333339e-06
9100	9.975000000000005e-06	9.973468750000005e-06	9.950250000000004e-06	9.920218750000002e-06	9.892093750000004e-06	9.837437500000003e-06	9.779062500000005e-06	9.14734375e-06	6.001187499999998e-06	2.9219375000000004e-06	4.977343750000001e-06	8.775406250000005e-06	9.988375000000004e-06	1.0000000000000004e-05	1.0000000000000004e-05	1.0000000000000004e-05	9.98709375000001e-06	9.962093750000004e-06	9.950000000000005e-06
9200	9.960000000000006e-06	9.959466666666668e-06	9.94056666666667e-06	9.918533333333337e-06	9.896866666666668e-06	9.840500000000002e-06	9.781699999999998e-06	8.868266666666668e-06	5.427466666666666e-06	3.1166666666666663e-06	5.950833333333335e-06	9.258133333333339e-06	9.984133333333337e-06	1.0000000000000003e-05	1.0000000000000003e-05	9.999833333333337e-06	9.98606666666667e-06	9.962900000000006e-06	9.953333333333337e-06
9300	9.922580645161297e-06	9.934032258064523e-06	9.968483870967747e-06	9.9933870967742e-06	9.973193548387103e-06	9.931709677419356e-06	9.913645161290326e-06	9.717129032258067e-06	7.455967741935485e-06	4.716645161290321e-06	6.108709677419356e-06	9.072354838709682e-06	9.983419354838716e-06	9.996870967741943e-06	9.994741935483878e-06	9.996677419354842e-06	9.991677419354841e-06	9.972967741935488e-06	9.96129032258065e-06
9400	9.967741935483871e-06	9.972645161290328e-06	9.983419354838719e-06	9.964096774193554e-06	9.900225806451615e-06	9.864354838709679e-06	9.889193548387098e-06	9.00667741935484e-06	5.691387096774196e-06	3.1320000000000015e-06	5.365032258064514e-06	8.801322580645161e-06	9.899774193548387e-06	9.965806451612909e-06	9.994000000000003e-06	1.0000000000000004e-05	9.992064516129037e-06	9.974322580645164e-06	9.96451612903226e-06
9500	1.0000000000000003e-05	1.0000000000000003e-05	9.998733333333336e-06	9.995400000000008e-06	9.989400000000003e-06	9.977533333333334e-06	9.919800000000001e-06	9.424600000000003e-06	6.101466666666666e-06	2.3254e-06	4.318533333333333e-06	8.545100000000002e-06	9.918433333333337e-06	9.975300000000004e-06	9.99696666666667e-06	1.0000000000000003e-05	1.0000000000000003e-05	1.0000000000000003e-05	1.0000000000000003e-05
9600	1.0000000000000004e-05	1.0000000000000004e-05	1.0000000000000004e-05	9.996343750000006e-06	9.955156250000005e-06	9.86678125e-06	9.799781250000003e-06	8.731406250000001e-06	5.315531250000003e-06	2.7965625000000012e-06	5.01615625e-06	8.628281250000002e-06	9.901281250000005e-06	9.961875000000005e-06	9.993343750000004e-06	1.0000000000000004e-05	1.0000000000000004e-05	1.0000000000000004e-05	1.0000000000000004e-05
9700	9.996551724137936e-06	9.981551724137935e-06	9.920620689655175e-06	9.833724137931036e-06	9.787862068965518e-06	9.772586206896553e-06	9.768655172413794e-06	8.356275862068968e-06	4.8575517241379305e-06	2.0550000000000002e-06	3.3023103448275863e-06	7.430379310344827e-06	9.718172413793108e-06	9.894379310344829e-06	9.965551724137934e-06	9.995103448275865e-06	1.0000000000000003e-05	1.0000000000000003e-05	1.0000000000000003e-05
9800	1.0000000000000004e-05	9.998843750000005e-06	9.958406250000005e-06	9.845312500000001e-06	9.727187500000003e-06	9.706500000000003e-06	9.757875000000002e-06	9.20846875e-06	6.17965625e-06	2.2981249999999997e-06	3.2816875000000002e-06	7.711156250000002e-06	9.796406250000002e-06	9.902593750000004e-06	9.963281250000005e-06	9.991687500000005e-06	9.996187500000005e-06	9.996437500000004e-06	9.996875000000004e-06
9900	1.0000000000000004e-05	9.997787878787883e-06	9.950484848484852e-06	9.844151515151519e-06	9.74257575757576e-06	9.716484848484849e-06	9.752787878787882e-06	8.877060606060607e-06	5.281727272727274e-06	1.9197878787878792e-06	3.9155454545454544e-06	8.14878787878788e-06	9.792727272727274e-06	9.895878787878793e-06	9.958090909090916e-06	9.994000000000003e-06	1.0000000000000004e-05	1.0000000000000004e-05	1.0000000000000004e-05
10000	9.993750000000009e-06	9.994250000000007e-06	9.997281250000004e-06	9.999906250000004e-06	1.0000000000000004e-05	9.989937500000003e-06	9.888500000000004e-06	7.966437500000001e-06	3.699e-06	1.6992499999999999e-06	4.58525e-06	8.394249999999998e-06	9.803750000000004e-06	9.893875000000002e-06	9.962531250000005e-06	9.972093750000007e-06	9.931531250000005e-06	9.912531250000001e-06	9.915625000000002e-06
